,timestamp,ACC_0,ACC_1,ACC_2,GYRO_0,GYRO_1,GYRO_2,MAG_0,MAG_1,MAG_2,PRESS,LIGHT,label,ACC_012,ACC_01,ACC_02,ACC_12,GYRO_012,GYRO_01,GYRO_02,GYRO_12,MAG_012,MAG_01,MAG_02,MAG_12
2,331733655636707.6,1.4159181372989247,4.52482758912938,8.274080868496528,0.8133810038598297,-0.33775947451151717,0.27527408399922326,13.078329619843865,-22.006250720486214,-44.73856935270923,1020.8190300670545,1966.218567027497,0.0,9.536210101570681,4.741190660886614,8.394357532887929,9.43050788291737,0.9227382843384856,0.880721363464246,0.8586992947252464,0.4357261570572825,51.54471228113858,25.59917530738413,46.610967522381024,49.857944788168645
3,331733688970040.94,-0.13934015459863214,0.9618897112990561,6.735501373901894,2.0039217818369264,0.04427991416422557,0.03870004946728166,13.890382970012366,-24.67929663854944,-44.42086212711201,1020.8898305029968,1942.954464352301,0.0,6.805264598325391,0.9719297790409306,6.736942513968623,6.803837929767087,2.0047845052143742,2.004410940530627,2.0042954376910735,0.05880820203986202,52.68038927098984,28.319788516638457,46.54197816132769,50.8161458071095
4,331733722303374.25,2.5133175487897024,8.233695936212111,7.6125445075003535,4.149390252884359,-0.27766619116323166,0.38119176424420426,13.332790533374022,-27.58634922105481,-42.07230991630884,1020.9240961112116,1905.065780261292,0.0,11.491794801062362,8.608746358852148,8.016707489969187,11.213589195644259,4.1761040630681645,4.158670218284545,4.166862924534396,0.47159906153713377,52.04660631056321,30.639353236529313,44.13436943132604,50.30989887725804
5,331733755636707.56,1.8708211320820147,8.420179137141668,6.6280406114999115,1.3615106743363912,-0.17635728971298964,0.36791117249265626,12.486835768734547,-29.822562164393307,-39.45574321870518,1020.9700630443729,1859.7389864871197,0.0,10.877973651259344,8.625508008795798,6.8870090791240255,10.715891892383382,1.4213274924561783,1.372884995171426,1.4103439109581946,0.4079957407618766,51.01041025619037,32.331196723357635,41.38449879430399,49.45847639171169
6,331733788970040.9,1.4324751941637648,6.9740195909388465,6.097518425647964,0.2672547641357511,0.003572153238764723,0.396046197711441,10.086636564120088,-30.72986781924437,-39.15713974719586,1020.9878458793318,1814.1605547624315,0.0,9.373828747518795,7.11961617200628,6.263522661650626,9.263729281769587,0.4777975093632312,0.2672786359438726,0.4777841559480031,0.3960623069675414,50.78726815399998,32.34292833626657,40.43540318035756,49.775559960382736
7,331733822303374.2,1.5139540155302877,6.480817233978771,6.70585709165677,0.0015918157245992594,0.019295825529347055,0.3560170819922552,12.48710461748133,-32.051353486187054,-40.51038879975186,1021.010916634657,1775.5169568198762,0.0,9.447834043583741,6.655302305784203,6.874632797092778,9.325744546895955,0.35654316068386477,0.01936137288934034,0.35602064062014893,0.3565396072712528,53.14422492361234,34.397922059688995,42.39126540261548,51.65637289825502
8,331733855636707.5,1.4499482011501457,5.710268835208063,6.407084759244394,-0.5379775793907907,0.04236183773785073,0.23242336699144053,11.931361936073957,-30.712270308832043,-40.59219900053567,1021.0088393197285,1750.994664392102,0.0,8.704036711119087,5.8914785882974225,6.5691007678494575,8.582418381930017,0.5875670368114096,0.5396428459858451,0.5860379658783315,0.2362522948463482,52.281235303610124,32.948458919536144,42.309384506852425,50.90157332756872
9,331733888970040.8,1.8203956346614498,6.539957514555488,6.762047221086653,-0.33051739791407453,0.07675609566636635,0.22750665684206428,12.268292431153876,-30.87474353565264,-40.06164499046026,1021.0241769729807,1746.0127676003974,0.0,9.5817622167893,6.788584871597708,7.002793934345076,9.407248636684189,0.40852481865033347,0.33931290654178636,0.4012493354902204,0.24010576238274078,52.04513605429715,33.22289553257861,41.898047669527244,50.57850519473657
10,331733922303374.1,1.8683944003902244,6.9723483716819326,6.970902045887073,-0.7777993056470888,0.17173434917371194,0.20424035102013652,11.044997952185522,-29.79544502834511,-41.81213718100178,1021.0295367677463,1757.2779515757115,0.0,10.034840047796369,7.218347418315721,7.216950392566249,9.859366975087614,0.822300776806176,0.7965327655226819,0.8041678188350502,0.266846037390378,52.516810069194314,31.77672928734041,43.246350081905106,51.34221810635032
11,331733955636707.44,1.3950426892995669,5.91390268767341,7.515268797113978,-1.2983269270865432,0.21115007587913562,0.1869761453087665,10.849580695861777,-29.61375790246089,-42.73114126420592,1021.0277966449962,1778.8168852759036,0.0,9.66434965205181,6.076215031106038,7.643651561776162,9.563132859693301,1.3286072568883085,1.3153847969859431,1.3117213456037493,0.28203622720900534,53.10968360029179,31.53867559650502,44.08700301696111,51.989663307691146
12,331733988970040.75,1.2019538874813005,4.367367843865871,7.530393967491095,-1.3749061166336114,0.1305615488950607,-0.044023204166929154,11.169427309796644,-26.465422547079143,-43.85100189505374,1021.0394716086993,1804.6555026558292,0.0,8.787799971374595,4.529745581295382,7.625714815888259,8.705213104184176,1.3817927449916352,1.3810912886577755,1.375610726936091,0.13778374561246493,52.422181032691526,28.725854156565582,45.25114886529223,51.21844353155855
13,331734022303374.06,1.2214526955910918,4.38180544343845,7.680166143041766,-0.7601053968703121,0.024723847625431065,-0.24362318176959416,11.279951472295194,-26.192666677724272,-44.40879666458025,1021.0199201728683,1828.9151823276159,0.0,8.926203986938603,4.548864213373881,7.776689441677081,8.842237891443085,0.798576068817693,0.7605073852322409,0.7981932529449967,0.2448745052816774,52.77721396686013,28.51829400415989,45.81897561505897,51.557705620851685
14,331734055636707.4,1.6277892302044623,5.498338270609567,7.92184414822768,0.020059887507831616,-0.12673993532552613,-0.10606173939650534,10.694804169449341,-26.946479885713693,-44.19378498479915,1021.0183275973227,1848.8335233209193,0.0,9.779419012642244,5.7342324260548985,8.087355098348208,9.642994267698127,0.1664767336805886,0.1283176148981324,0.10794207544159541,0.16526374003431837,52.85434935496513,28.99123340691188,45.46943443133563,51.761022106541056
15,331734088970040.7,1.6114498618334765,5.897443130653233,7.778869281141697,0.08382342565146517,-0.18401035364976148,0.11761472002442608,12.04877625879325,-25.32385767456688,-44.21141777051079,1021.0088148243292,1865.382529094582,0.0,9.893806821925626,6.113640988518392,7.944027816560883,9.761692618208123,0.23392178031273858,0.20220330595283798,0.14442849114482517,0.21838734536766186,52.355708744460884,28.04408630810032,45.823819904205905,50.950438946100924
16,331734122303374.0,1.725122452983109,5.326015092937655,7.40099654330007,-0.041205375003960924,-0.148481520527873,0.22328386937439754,9.932462468624118,-26.74130368644744,-43.03307898110628,1020.9923281380323,1879.7545552258641,0.0,9.27993718092562,5.598435875133889,7.599394535864422,9.118178908320415,0.2712938097161254,0.15409297475059083,0.22705411084589522,0.2681463187535346,51.62942010264656,28.52632351953953,44.164461926811214,50.665009715235804
17,331734155636707.3,1.3435585691685021,5.535317516266087,7.883521492079581,0.06669808073661868,-0.17352873305235286,0.18216544091380976,11.152316856741848,-26.80653813169279,-44.799364596814016,1021.0001328604532,1893.1419572920267,0.0,9.725985849812291,5.696041575925186,7.997190803330053,9.632738505843642,0.2602788947110886,0.18590550064132919,0.1939919633316577,0.2515878952932304,53.38490166851805,29.03385365188486,46.1666247363985,52.207025914949156
18,331734188970040.6,1.5918399247402581,5.78836707402446,7.6225231934843745,-0.18958134722641032,-0.2289699384358057,0.01829581751339931,9.996435850582506,-26.68945078684079,-44.02183081907529,1021.0186581904755,1906.5960576871307,0.0,9.702680431965941,6.003261424396539,7.786964375236623,9.571209600612542,0.29783058416146757,0.29726809435840473,0.19046213312536528,0.22969973801852772,52.442130979597835,28.500096719450053,45.1425555144821,51.48056305020841
19,331734222303373.94,2.1105369161320975,5.314281811407718,7.352597657868417,-0.07079529772401486,-0.15060235636306,0.06550953247286717,9.579904443383892,-27.043040339530563,-44.760132550018646,1021.038806590053,1920.4832620602117,0.0,9.314324965552116,5.71803788422351,7.649513604984863,9.072060597766697,0.1788422287010304,0.16641227094760175,0.09645451272307347,0.16423327490773532,53.165496949103016,28.689729868889387,45.77383570381234,52.295272221308075
20,331734255636707.25,1.140623594020127,5.49156507302198,7.665623589277644,-0.06232001124019533,-0.09975005949193066,0.06660854158263504,9.515913429662636,-27.88091971031335,-44.1229440814281,1021.029749156139,1934.962352276075,0.0,9.498425877320946,5.608770732920922,7.7500198190537075,9.429690979227516,0.13516862054999082,0.1176174228999334,0.09121667398422119,0.11994487142187167,53.054052500318996,29.460113582499527,45.13742131329242,52.19367661226569
21,331734288970040.56,2.0156326048051567,5.424637926918215,7.603981494203735,0.18094264377361707,-0.21564405805719816,-0.12463735529257956,10.626615215516525,-26.17991974100511,-44.279408737292194,1021.0178518088933,1950.1920639428306,0.0,9.5556269286691,5.787008850495493,7.866594521249109,9.340622634618766,0.30785884824947135,0.2815006218663865,0.21971506700751042,0.249071937619847,52.5259858232885,28.254435909855225,45.5366993650488,51.439811778132096
22,331734322303373.9,1.4154794772671326,5.749639083153016,7.628270645309012,0.15787726838403923,-0.2422426594789411,0.19586306246908172,8.074326045565948,-26.915665388574066,-43.63553706546416,1021.02884335558,1966.3202308007883,0.0,9.656730542744178,5.921311656810937,7.758485366915865,9.552427054136757,0.349240715243231,0.28914829749427223,0.25157021109855865,0.3115186115004971,51.900942952814304,28.100672312238164,44.376286866767046,51.26902708557264
23,331734355636707.2,2.1128048910208475,5.397941142541792,7.138112139970813,0.15091590501841476,-0.2950026486036078,0.19643332513893208,7.541348673959419,-26.640589702228,-45.11608008622243,1021.0130947363068,1983.1678874830382,0.0,9.19534436596399,5.796698464286978,7.444231957047035,8.949324751127545,0.38521192127945403,0.33136410950896733,0.24771286121771027,0.3544186985872516,52.934427755961636,27.68741518279895,45.74202249757509,52.394481599009
24,331734388970040.5,2.390275115147615,5.218934660435903,6.937879331213708,0.18338614397539393,-0.19569328411297104,0.2227074995828548,7.306197239770032,-27.598959556226074,-43.46282471114763,1021.0088226253717,2000.180432790038,0.0,9.004713417453967,5.740269515971629,7.338091355425899,8.681673145447345,0.3486043166966399,0.2681908634705588,0.2884945548404877,0.2964700521424842,52.000963631115255,28.54966001010565,44.072640605917506,51.48514057918214
25,331734422303373.8,2.616339972715918,4.751555573716107,6.6978480871313,0.07875103435401733,0.018894103219128468,0.053595130220782224,8.706939173161631,-27.71542566211118,-43.805724953112595,1021.0104952305425,2016.7825368790332,0.0,8.618798304939741,5.424252503612247,7.190716504710747,8.212091656113016,0.09711411087821019,0.08098587869673761,0.09525840327871458,0.056828031109987305,52.56326804970272,29.050914088839743,44.66265026208015,51.83711371497995
26,331734455636707.1,2.667465440194271,5.197051757666514,7.100368957452531,0.2141801540249085,0.19063608656842065,-0.060245723821313366,6.795919144584897,-28.612598187472084,-43.121368932503245,1021.0216856861849,2032.398869907266,0.0,9.194561336923636,5.841636658205935,7.584893618672997,8.799124178224792,0.29299283799951475,0.28673202799871506,0.2224919900061292,0.19992914930263755,52.19499737207123,29.408592146810875,43.65360209229923,51.75068341240323
27,331734488970040.44,2.4061911185249882,5.619746961608233,7.183760841298034,0.08487444282170892,0.30716481107692434,-0.13999147643265877,8.745120837423276,-28.297437377166794,-43.08142754187402,1021.0387663777636,2046.1586247187101,0.0,9.432800826707863,6.113207964021305,7.576026367683495,9.120744253484581,0.3480682485979062,0.3186752142985365,0.163710978611977,0.33756160124889545,52.28031656007405,29.617935454312327,43.960056159050524,51.54371310994599
28,331734522303373.75,2.2949517394863923,5.3401035174757645,7.238817540962282,-0.09988728391056172,0.3575818005551807,-0.16280347642141393,9.4838257312862,-27.72279315987672,-44.08592117863319,1021.0267237297412,2055.856866077559,0.0,9.283533188138655,5.812358304847409,7.593897739495498,8.995397988343832,0.4053975647561441,0.3712710782909358,0.1910037733185579,0.39289911685212897,52.934531803496405,29.30010599104914,45.09447190809606,52.07803478198814
29,331734555636707.06,2.036847455920038,5.490034394224365,7.658716151226507,0.011170109667636055,0.29421699062543316,-0.11002133432937769,10.488015785125588,-28.931399555817805,-43.09722340624388,1021.0286286325623,2058.9122951718064,0.0,9.640806931658375,5.855700232120358,7.924940418939797,9.42318474481023,0.314313701467642,0.294428953947592,0.11058691313895924,0.31411515655934674,52.95653897957374,30.773760825862965,44.35503511932708,51.90757695737752
30,331734588970040.4,1.8307374351192418,5.620928188241695,7.9961524042036505,-0.03152579447202968,0.17035787997009727,-0.03690237728688798,9.806006570150863,-28.045314922471604,-43.21724076597327,1021.0303142485129,2052.7435912350165,0.0,9.944088018766168,5.911550833217714,8.203051433923768,9.774113103940525,0.17713686356719358,0.1732503477197051,0.0485351539249283,0.17430890028145407,52.44451690480667,29.7102247375285,44.3157721841552,51.51960392437728
31,331734622303373.7,1.7716116645031368,5.637095115839626,8.108315971562297,-0.024685003886066387,0.0014107362450239977,0.05731948929061462,9.652766089604055,-27.680602072364643,-43.579264267620715,1021.0286882880633,2034.8542387955918,0.0,10.032957546482432,5.908929618367996,8.299602146157115,9.875304007457958,0.062424862403893375,0.024725282477822918,0.06240891979029918,0.057336847046989846,52.52184210760635,29.3153820420135,44.635503439389296,51.62720218252895
32,331734655636707.0,1.8138118115490758,5.498230132285868,7.751277127942031,0.03707645826854936,-0.11697212050339117,0.07590549139727301,9.360480325580127,-26.87786431365863,-42.28918177176444,1021.0388002401737,2004.9139590308337,0.0,9.67485116110054,5.789684609310874,7.960666454630052,9.503306356302186,0.14428715936305916,0.1227075414666896,0.08447666767812856,0.13944217654397595,50.974631699644,28.461169722782245,43.3127404680298,50.10782857986143
33,331734688970040.3,1.9850002021299011,5.505819264948343,7.3994761076561675,0.0805962413233586,-0.14635372653605208,0.07067442449891609,9.596893854006435,-27.616280593875942,-44.069634546553004,1021.029829258609,1964.8857936839022,0.0,9.434326592211367,5.852714889752623,7.661101257014569,9.223138969247442,0.18141125010510115,0.16707832709972462,0.10719434870228023,0.16252472903912962,52.88565036521243,29.236267297395464,45.102472889097825,52.0076113939722
34,331734722303373.6,2.1139808918792475,5.804919288016744,7.3199204141833425,0.03548715582396904,-0.12246777856855642,0.05884983976216124,8.044863750224152,-27.917427557691067,-41.55807142841609,1021.0381556162286,1916.8430324745075,0.0,9.578477855149922,6.177863963508698,7.619064908583508,9.342286808397978,0.1404314731676047,0.1275056666034558,0.06872148040101227,0.13587369291937648,50.70676379979236,29.053443757988468,42.32957752693741,50.064518995874344
35,331734755636706.94,1.8969232737603958,6.18334832997124,7.623528636047105,-0.1277370088289895,-0.126213574129451,0.1564311940272746,8.190735317022801,-27.931978880316088,-43.535419474714296,1021.0388478717806,1862.8589651223579,0.0,9.997514858249636,6.467775079290558,7.855985410574799,9.815904718078123,0.2381540009823614,0.17957341039003452,0.20195905993387908,0.20099896706035394,52.36999463474559,29.10813613414553,44.299220014271775,51.72550814646248
36,331734788970040.25,1.0563573427937671,7.093668631073762,7.808755344092519,-0.4648786003320027,-0.2414888729841598,0.4792388632182526,8.447165411403622,-26.603166594625616,-42.08053951167321,1021.0286476808144,1808.276723696321,0.0,10.602484874172077,7.171891346301491,7.8798826678807705,10.549729601813183,0.7099992090421824,0.523859703376583,0.6676690805072262,0.5366439823513189,50.49608778848623,27.91205969377785,42.920000105791054,49.78453854817673
37,331734822303373.56,0.3194677617234717,6.628829312776017,8.462954690364068,-1.0963796837845723,-0.3761597959205854,0.9031634455021723,7.402542490261999,-26.60306286871408,-44.236402556487214,1021.0402246580015,1772.1315367524435,0.0,10.754768235524853,6.636523013498798,8.468982332130336,10.750022332491861,1.4694382642268202,1.1591137144743715,1.4204761949103244,0.9783661898074625,52.14767396976088,27.613775354284467,44.85149882066064,51.619591873012155
38,331734855636706.9,-0.5558691998230981,5.688480440032795,9.000118504334047,-1.5441946032016793,-0.6133415857747047,1.3284260830296009,5.173292836940725,-23.855120793512214,-45.55099420060809,1021.0290292541639,1777.041947204576,0.0,10.66161026186963,5.715575236487372,9.01726808181769,10.647109598792145,2.1273083301372155,1.6615429195172242,2.036971484982193,1.4631827496638952,51.6790365575214,24.409624062033423,45.843822173119186,51.41945021815082
39,331734888970040.2,0.5861612826303273,5.0997590098724315,10.12868561554449,-2.1726587306752814,-1.0062904562574717,1.4268741086887655,3.677655618066335,-22.26140025456646,-47.305567153222576,1021.0288997133708,1845.6265101318677,0.0,11.35523664687653,5.133334881734278,10.14563242719707,11.340097629972721,2.7872990805402913,2.394382267378038,2.5993106166877946,1.746021249699221,52.410989075070475,22.563135689418402,47.44830697225292,52.281800131423005
40,331734922303373.5,1.5864620549794797,5.175958790946963,12.494206601464787,-3.4671805364236064,-1.52377695904474,1.5943628256281162,1.2504367552613191,-17.360483749706514,-47.13384186269116,1021.031494066302,1999.4589418718538,0.0,13.616629900880655,5.413631983933786,12.594525018911034,13.523895444939946,4.109164137974436,3.787246637475611,3.816193612999681,2.20542264445174,50.24489065407457,17.40545857203229,47.15042566951105,50.22932853185479
41,331734955636706.8,4.123870547296561,1.7311410692045677,10.545977003272867,-5.7342631023540855,-2.2218465628400055,1.2693598317932058,-4.116360792561295,-9.68133659398976,-48.581550704666206,1021.0290418005285,2226.8705802844524,0.0,11.455164278433852,4.472488981802725,11.323600983981208,10.687117495145587,6.279303294028209,6.1496646636888626,5.873078214155638,2.5588818908605417,49.7075424185376,10.52010952512668,48.75563039326422,49.53680800290002
42,331734988970040.1,4.54096628810302,-0.8501496469567824,8.08719151089554,-6.108380627041725,-2.705564218266373,0.5198830898613014,-6.4732824424564885,0.7911646038316301,-48.35777134935884,1021.0499892162638,2476.849468797646,0.0,9.313742308321062,4.6198624711033185,9.274860719363337,8.131753867163075,6.700945459493438,6.6807478341860795,6.13046428192371,2.755060102118838,48.79552619746038,6.521451296312156,48.78911185353435,48.36424290017602
43,331735022303373.44,6.036036892423261,-1.0347658101229584,6.432279204095837,-5.222995546322956,-3.0316532990387346,-0.2744566504913055,-11.103408934533489,8.316400570219743,-45.525277468363086,1021.0588596488313,2696.1077585856287,0.0,8.88136799192207,6.124090271092848,8.820881879162561,6.5149793584663955,6.045323039795374,6.039089683262029,5.230201614651995,3.044051277257226,47.592006650101204,13.87257036067323,46.859754358499636,46.278649580727816
44,331735055636706.75,6.823086887403847,-2.3363646303544607,1.955624596917598,-5.32390404645463,-2.695053792568207,-0.9306419760373784,-14.948862636331974,14.74459795993566,-38.22545211275141,1021.0698913129762,2831.357600822597,0.0,7.472454879295209,7.212011810794104,7.09781531438593,3.0468126378299756,6.039318150938483,5.9671826887311115,5.404632159862384,2.8512119234457183,43.612576767995634,20.996944137661103,41.044532928810064,40.97057917853237
45,331735088970040.06,8.915196646917213,-4.678664606152887,-0.14792518467941648,-2.2993378380813345,-2.1407180436856854,-1.4549736687543293,-18.887393176121765,17.933317832982976,-33.49272325452863,1021.0588338439007,2843.1561563162995,0.0,10.069385066146497,10.06829845356561,8.916423784986128,4.6810024948861315,3.462163573975448,3.141596447062228,2.7210113690319226,2.588362826060114,42.42758560762843,26.044913313125008,38.451217561916735,37.99166223664382
46,331735122303373.4,8.00155991456334,0.23064795254314238,1.8256037074322482,0.6668707437390015,-1.5213099177279883,-1.015734127217115,-22.18635414778758,16.06880092689872,-33.45698940025317,1021.0588170241855,2756.5330668965717,0.0,8.2104195045655,8.004883480998286,8.2071791720991,1.8401161307381426,1.94700186744288,1.661054019179553,1.215085349285606,1.8292347260455812,43.241309107472745,27.394172256145144,40.144793561552966,37.11571773463305
47,331735155636706.7,8.780669266361757,1.54152578453285,1.6977929389046647,0.9028585449211738,-0.904299347198733,-0.6039432873675261,-23.204146972088438,14.577688564926932,-32.5252805783248,1021.0491625152729,2615.2704604698833,0.0,9.075183489770556,8.91495678674942,8.94330216579002,2.2932079294678354,1.413385423668126,1.277854006325149,1.08623250112187,1.0874303672881076,42.53040462183536,27.403310759802043,39.954052527885494,35.64271146524565
48,331735188970040.0,7.679585077673641,3.1366963943181068,5.578631809490875,0.03932584175151149,-0.4183087688939041,0.44860128531465576,-22.365321814171658,14.487302081991224,-32.46824773100241,1021.0396200989106,2463.1525607297926,0.0,9.996800693282792,8.295474141684481,9.491952371935454,6.399999776249343,0.6146314840202703,0.42015324342791716,0.4503217016927189,0.6133721051038227,42.003293349308606,26.647505351652146,39.42581299825288,35.55374849909092
49,331735222303373.3,6.709730589052284,-5.071264931812263,3.653582098017175,-1.7133965780513942,-0.6188288271411008,0.720699252863306,-23.151830646604893,16.795122626644183,-31.925936891083353,1021.0290714516963,2343.146354014337,0.0,9.169889570395291,8.41060120242856,7.639970335323004,6.250311204698565,1.9591029488152951,1.8217236209093457,1.858799410037553,0.9499244866717342,42.86430744461558,28.602157372007603,39.436945985490695,36.07411246888068
50,331735255636706.6,8.047432163067171,-7.160718710147942,3.532106790966147,-0.5698725220418573,-0.8574496628039282,0.1384044986139271,-23.66856226535023,17.89281569888027,-29.723633138162384,1021.0295744351291,2274.4372980927387,0.0,11.336350173129796,10.772049798670205,8.788455086188764,7.984464341998903,1.0388120238317855,1.0295506862806305,0.5864388259783962,0.8685480582438387,41.99819115479763,29.670754849562844,37.99598934941457,34.69361930623787
51,331735288970039.94,9.521974648920729,-6.288978098515853,3.1441342587035246,1.0504394338969214,-0.6767364935696456,-0.6998665492357369,-25.10024994545484,16.28760911758152,-30.13858191955447,1021.0488575552902,2249.278092656769,0.0,11.836588485499286,11.411364806117678,10.02764087168274,7.0311326086460095,1.4322040611427416,1.2495580362730752,1.262234602213401,0.9735427409559773,42.469316903066925,29.921710480709997,39.22189015646749,34.25814254872585
52,331735322303373.25,10.22293328047701,-4.157747174097428,2.2766640458971708,4.622192809848542,-0.7637610630491847,-0.9519959651383869,-25.993691624205248,12.669548683268799,-30.983539568558676,1021.0587207571236,2258.47089343538,0.0,11.268470419656808,11.03608745982015,10.47337405208872,4.740259564791365,4.780616450886366,4.68486897712685,4.719212083500309,1.220502879582752,42.38123632326501,28.91694084947431,40.44319137321781,33.473828404204966
53,331735355636706.56,9.934417464013656,5.586027390676987,4.238499788827858,7.965573068188284,-0.9511426045241435,-1.2296959082983678,-26.533614772761755,3.6117293852621564,-33.5984002146857,1021.0688140738225,2292.8178561575282,0.0,12.159820427069919,11.397208094910484,10.800811581043034,7.012031265566872,8.115859694799635,8.022158472555095,8.059932154276007,1.5546138687875903,42.96428515695192,26.778299088285777,42.812208654722696,33.791967775472294
54,331735388970039.9,7.436317232493122,8.78735727741139,9.230021496713078,5.051946968857416,-0.6766216548861036,0.43011826015073873,-28.031974343970465,-4.100063260839106,-33.83728192563846,1021.0593327637375,2343.3725920997645,0.0,14.75499097705365,11.511579470391936,11.852936801150157,12.744055271014028,5.115172211932218,5.0970565074372525,5.070223850468807,0.8017596781928535,44.131210639172814,28.330233044645095,43.940337205535386,34.084779108247446
55,331735422303373.2,8.496156932935273,-1.766738178932352,3.1721236725350264,-0.5688706884523638,-0.4813905278133891,0.7200903406990601,-27.54339546292336,-3.1260806992362897,-32.26952651557306,1021.0781012741138,2402.355159939299,0.0,9.23950296367821,8.67790564721473,9.069016000808533,3.630940978142485,1.0362822005693277,0.7452185588461413,0.9176840191200645,0.8661795073981731,42.54096091656132,27.72022752729719,42.42594695662385,32.42059101986592
56,331735455636706.5,9.897715216766988,-4.319775780174393,1.9458253114582833,1.1531484354497812,-0.42601148973928216,0.2818082561969859,-28.43123637523312,-2.1626501338911237,-32.43207192729923,1021.0898103324099,2462.3235993255807,0.0,10.973215820620398,10.799316149794027,10.0871702005534,4.737794733174181,1.2612109247984442,1.2293238399909767,1.1870834879826542,0.5107853586886262,43.18392695116447,28.513369801305462,43.12974021857644,32.504097358627426
57,331735488970039.8,7.596427483233731,2.584181647185571,6.399567835253228,2.1794380563416706,-0.4914037873043067,0.10847089020848837,-27.696735819362456,-5.506447843262142,-30.8210019324493,1021.0881711685556,2515.8359850097186,0.0,10.263438691378594,8.02394574344066,9.93278304333868,6.90162758077096,2.236782031765723,2.234150380705689,2.1821356913475802,0.5032331628575747,41.8014868517636,28.23880562095574,41.437221614963505,31.309026301860772
58,331735522303373.1,7.6422356081142455,3.9846524295658883,5.5630534197410695,-0.39683056652452786,-0.624073507786745,0.570628036421354,-29.277715170949836,-5.264587626475016,-30.972668410157233,1021.0728762528556,2555.5388992293833,0.0,10.25810817964343,8.618655351873322,9.452583162333042,6.842880850587576,0.934108450662727,0.7395554351429175,0.6950473757077771,0.8456264536255607,42.94422751608942,29.747276993165272,42.62030964313631,31.416907411812282
59,331735555636706.44,8.340536508169802,2.7041964809896517,0.9694786191498104,-6.125267890015972,0.1307196208818276,0.7309611834216245,-29.02233597130415,1.4673435123810996,-31.055640008111304,1021.0774072802907,2576.750045608187,0.0,8.821401059066453,8.767966004262911,8.396692088977774,2.8727282156141114,6.170113337323176,6.1266625779248045,6.168728473204982,0.7425576549687106,42.53118689300811,29.05940608846956,42.50586737786512,31.090285834915225
60,331735588970039.75,8.260236188701557,-8.286289330236869,-6.174758437851956,-7.518036484765768,0.7090048424475844,0.5922223268000654,-28.89874133600823,9.347999331904514,-28.582967843578103,1021.0597143347662,2577.86772969072,0.0,13.229578017584542,11.700174902860734,10.31305695024316,10.333935969911044,7.574581687277775,7.5513946031765125,7.541326134747768,0.923804714739326,41.70741412581003,30.37305289750765,40.64631965568999,30.072764127301422
61,331735622303373.06,7.566357787925223,-3.1501366003705127,1.0064520213788115,-0.618099454973344,0.8636102777682172,0.19943411320611343,-27.61814380960474,11.57921047551866,-29.524561325410463,1021.0577627790027,2557.461183211463,0.0,8.257486085197362,8.195921594054605,7.6330017585635455,3.307008659246508,1.0805755936608743,1.0620120753104656,0.6494774066498801,0.8863389178960869,42.054009371072965,29.9472867339325,40.42847497675286,31.714000641582327
62,331735655636706.4,6.5828593824025425,1.5477007164722065,5.053643442240332,-1.5521291243741404,0.8423583112223492,0.7588892005845391,-26.948345263884676,13.720670163448805,-29.037335581396402,1021.0687841142574,2514.099637904895,0.0,8.442080738630285,6.762352782593775,8.298996908650098,5.285327761744515,1.9221303707032062,1.765976314454926,1.7277203585922918,1.1337902554040622,41.924181087557564,30.24020671549204,39.61540319280072,32.11578501922044
63,331735688970039.7,9.045722839485025,-3.6340868461887172,3.1294227455507295,-6.5924893614749465,1.018260118549951,0.5897071295922914,-25.472854603052237,18.430878418769364,-27.05447635814225,1021.0688060751968,2448.1593219083456,0.0,10.238406888515085,9.748419815253284,9.57174949573751,4.795818379172853,6.6966800841074745,6.670664858182406,6.618811863155828,1.1766937442348113,41.47901025734553,31.441431279693642,37.15926550191106,32.73594309471985
64,331735722303373.0,8.262767648113117,-7.15152912028865,1.2353571122417202,-4.970838419341945,0.39158291656178745,0.09835080105587848,-24.45967692723753,24.190834219386847,-21.218290146977758,1021.0785471654211,2368.5527946457805,0.0,10.997445392444899,10.927840498700617,8.354605699940063,7.25744279709477,4.98720810191607,4.986238238567123,4.971811286772081,0.40374504407034995,40.418907609880144,34.401631583613785,32.38042050601211,32.17782306171738
65,331735755636706.3,7.43015333153182,-4.065463489509284,3.6636581146393974,-1.5409296233276923,-0.11847179815609973,0.1965644271666568,-25.31106844876805,25.745964673554347,-17.74925061532386,1021.0885240334411,2286.710909953597,0.0,9.228085537941741,8.469661853616495,8.28429654895553,5.47269441550468,1.5579272271304971,1.5454771661228657,1.5534161316518442,0.2295062983573557,40.23109220982826,36.104084020926635,30.91417285685962,31.271242290281382
66,331735788970039.6,8.51995685313452,-5.974819406970015,3.780909791978763,-1.435189336507695,-0.07099274544062985,0.044519328222865744,-24.91966570562679,27.246431669071047,-18.238007577899566,1021.0788229365479,2214.0648853479292,0.0,11.071739275301795,10.406158355761237,9.321209343982934,7.070625559382028,1.4376336014840538,1.4369441191398489,1.4358796614656861,0.08379701958073044,41.182310498429686,36.92367502805686,30.880651859889777,32.78708524875122
67,331735822303372.94,7.613800745876378,-8.225873254486896,3.17651314930645,-0.8035557093848611,-0.2122499028507426,-0.03621098444209543,-23.836889968147993,27.760135752506027,-15.749059719834802,1021.0902432215662,2161.790068686058,0.0,11.650115380737965,11.208699862017474,8.249860458554705,8.817892411829462,0.8319032604452412,0.8311147931213576,0.8043711913533907,0.21531664277155946,39.83535292187181,36.589922934479624,28.569742830703213,31.91642240377963
68,331735855636706.25,8.668239985840385,-7.06780912449565,2.7060442264282236,0.48941298225256796,-0.25164979280108957,-0.45438974462569987,-23.10596391665742,26.33588706778337,-17.37758370121287,1021.0683935759555,2133.3917470623787,0.0,11.507171052339997,11.184467366505483,9.080807222241184,7.5681306262305945,0.7136684982785721,0.5503205297044476,0.6678286510912519,0.5194205023271993,39.10811848526561,35.0351896835869,28.911346973299842,31.552485844061454
69,331735888970039.56,9.11758106591473,-4.780584143837919,3.8410111868820938,0.06678879176700639,-0.08298269078301558,-0.5037931855438366,-23.943847632872295,25.309119884662632,-17.127760874172598,1021.0587974904817,2123.5589354051813,0.0,10.988067900572634,10.294866159879948,9.893616701251377,6.132483321955952,0.5149314939637045,0.1065216864083841,0.5082010591351646,0.5105817278066227,38.82292597635149,34.840484910552405,29.439226077277265,30.559969599118766
70,331735922303372.9,8.76161089508034,-6.231398756139354,2.0154314584229636,-0.2063703459596641,-0.06518120824558585,-0.6051475582100293,-24.910863788667978,25.74556027704858,-16.692303118471372,1021.058842432517,2126.4941418554927,0.0,10.938835399548095,10.751565278358571,8.990427656145808,6.5492209018795515,0.6426825630180321,0.21641929119157996,0.6393686627440168,0.6086478104092015,39.522373310261116,35.824363339446954,29.98639888510287,30.683331914543942
71,331735955636706.2,10.427315955610249,-4.380829065549359,3.057849032009601,0.488694075807298,0.0509767298722198,-0.6800893934511733,-25.64435056761321,24.74205151678852,-16.610921404931126,1021.0483468276475,2136.3998745543427,0.0,11.716271678407265,11.310198112309358,10.866432659372906,5.3424810719481375,0.8390125802408442,0.4913456285728147,0.837462526214716,0.6819972214556669,39.31570346839619,35.63427885188728,30.55413926058862,29.800869503761398
72,331735988970039.5,10.960505416506411,-4.661376493186429,3.727702411321224,-0.09661684587570325,0.06065476444367876,-0.6944731980630735,-25.51615487538727,22.889925079664746,-15.65800403699757,1021.0652182668682,2148.005866835195,0.0,12.480259414926739,11.910546158614952,11.577065442185098,5.968600847652747,0.7037803905939981,0.11407811076927753,0.7011617771491272,0.6971169365878805,37.68548686430954,34.27860600691654,29.937388831482643,27.733044560150574
73,331736022303372.8,11.211649250438178,-4.578645991823721,2.9664430153116856,0.509919492442322,-0.35023458878013836,-0.4832719280989039,-25.98949351507825,21.797180090133327,-18.056786034184718,1021.0885367092455,2158.5092217416386,0.0,12.468554936173874,12.110535827670647,11.597450714615796,5.455619422351133,0.7850056766922517,0.61861309067189,0.7025451197332934,0.5968383563967926,38.4267921499613,33.9200653456328,31.646505258158015,28.30485085221318
74,331736055636706.1,10.233625911944342,-4.549212256079736,2.5814341739597775,0.94034395649897,-0.30500233272606997,-0.4899532161519288,-25.67579165785818,22.1838784822879,-15.851177638133866,1021.0888610237544,2165.828230796992,0.0,11.49287752701525,11.199215662558014,10.55418882245841,5.230596002880883,1.1033255791062309,0.9885712819480854,1.060330566635592,0.5771313342610701,37.45170989808517,33.93185438160808,30.174593779758077,27.26507467498652
75,331736088970039.44,10.468929263992184,-3.8651534730910835,2.4265605566048443,-0.0012983054738929418,-0.15748035369995073,-0.5342587382479373,-26.778542590835812,22.2790126312123,-17.62355289597567,1021.078718669772,2167.8812738471934,0.0,11.420424135726764,11.15965462301679,10.746472726869143,4.563727369751449,0.5569866666203448,0.1574857053785045,0.5342603157557013,0.5569851534787437,39.03888271695512,34.83453382939012,32.05744780805952,28.406760119713926
76,331736122303372.75,9.903590544054433,-2.4124275849291985,3.920757893049765,-0.3220835419180562,-0.1208012808889846,-0.34291237917705664,-28.05005003959424,20.412647943747135,-18.28301453349913,1021.078795980191,2162.6637405820265,0.0,10.921229554071452,10.193179705901967,10.651452864290224,4.603493163722453,0.4857156135350902,0.3439923799140028,0.4704537254261568,0.3635682181617211,39.21415718501732,34.69123092798964,33.48244208022887,27.40337235647293
77,331736155636706.06,9.121766892839764,-3.5756218952175374,3.4012560602940263,0.04647787819843891,-0.28191250627217423,0.1120109124672269,-28.610344668107548,21.029205017156862,-16.066182728555596,1021.0785384952301,2150.4640059438425,0.0,10.371125588505496,9.79753556691001,9.735254184405996,4.9349381683305715,0.3068897177590484,0.2857181379515267,0.1212709267449115,0.30334980749029566,38.97308703642635,35.507453945355266,32.8127117059113,26.46412082652574
78,331736188970039.4,10.44943219318075,-5.428277343150553,1.9472321407370052,-0.36566093535861266,-0.05268216272577934,-0.028257716951503482,-28.560070097456595,20.858678119822436,-14.663144531948205,1021.0688142766055,2134.197273924875,0.0,11.935180814883498,11.775263397225723,10.629315413976643,5.76696696055048,0.37051562515515085,0.3694365032272812,0.3667511666166132,0.059782178253864095,38.28537402772495,35.366114528995034,32.10428961270498,25.496906880466145
79,331736222303372.7,10.432119554934792,-3.6609976287089823,3.1447339172437445,-0.07933526015161695,0.0068661346336090666,-0.0829927977469188,-28.864392160720197,21.953689166486846,-15.939174232355828,1021.086842693508,2116.92291405161,0.0,11.494406181100825,11.055859172667933,10.89580055887203,4.826205035809811,0.11501752816850376,0.07963182346356,0.11481240342918403,0.08327633687109331,39.61281204403398,36.2645502223117,32.97287385135304,27.129720662552312
80,331736255636706.0,10.26914358829605,-3.471543614690538,3.1057583546091228,-0.38060130037665535,-0.1178450513335771,0.001648556638283099,-26.26764208870084,20.852426733843657,-16.029319612010614,1021.098410045603,2101.7002958505336,0.0,11.27619883041111,10.84006112094118,10.728515507481276,4.658041436690212,0.3984313287270519,0.3984279181636428,0.3806048706826946,0.117856581754279,37.17192231798611,33.53822776460327,30.772196998655716,26.301383764249092
81,331736288970039.3,10.179082743574034,-5.34736435171304,1.8490229034738013,-0.13814375915761962,-0.1281917580897814,-0.24960913358924625,-28.59534199114551,21.818152901214468,-15.079978833808424,1021.0987551419282,2091.0514752988393,0.0,11.645896990273817,11.498175116534714,10.345656634457638,5.658020078396868,0.3127643595544761,0.18845908053566282,0.28528655377597556,0.2806026486213614,39.00168126170272,35.96839417615614,32.327996306895976,26.522397283218638
82,331736322303372.6,10.570746745170174,-1.6023405319514312,4.22290374419284,0.4786151139115018,0.015860442258689697,-0.5162038228011651,-28.170624618409825,21.765681917473717,-16.02005963555665,1021.0984650186259,2084.9727973185895,0.0,11.49526415371035,10.691500452736287,11.383040137996693,4.516681438075117,0.7041238297115768,0.4788778350405885,0.7039451782199069,0.5164474225932179,39.03807515043219,35.59956461424774,32.40719676427057,27.02567705089798
83,331736355636705.94,11.138722885873793,-0.9641147336160951,3.536671383419966,-0.24206561638903829,-0.2226181498307503,-0.3753044220907667,-27.24009772552554,21.508003476400294,-16.22645784144959,1021.0889463149585,2082.7191416354754,0.0,11.726410756159188,11.180369615887672,11.686710058976834,3.6657279896191604,0.4990070265164167,0.3288686717701633,0.44659732632281784,0.43636252116210755,38.313379800239105,34.70759481204408,31.70679514199634,26.942385707676078
84,331736388970039.25,9.92604978450149,-1.549761988865464,1.9453004726330378,-0.39059808655167855,-0.3045185084089328,-0.06401026408500789,-28.440686680641956,21.540681222713324,-15.776022102048273,1021.0664833679457,2083.5452897222317,0.0,10.232908700626652,10.046304123732982,10.114873120965404,2.487158248073202,0.499395335470473,0.4952760716826867,0.3958082605581458,0.3111733212726209,39.00969725298204,35.6773542517519,32.523153786660366,26.699884286319858
85,331736422303372.56,7.698584731489378,-3.025232110505042,2.1623305414453395,-0.738052758046734,-0.2378420918662304,0.024790862030625003,-28.09283460216181,20.244177715191242,-15.425994454260948,1021.0689856959481,2086.6984467092734,0.0,8.549614585513165,8.271652567072204,7.996491745658759,3.718561911935592,0.7758255739300662,0.7754293870648025,0.7384689976570529,0.23913060762588687,37.90772206624338,34.62707159649319,32.04947208437776,25.451680421283292
86,331736455636705.9,6.988171073710838,-2.5001496113915644,3.2480856791823376,-0.4155758321228638,-0.32739593586937377,-0.08262114480052704,-28.55576372972351,22.068026960831553,-14.788575813601437,1021.070727478216,2091.2170434180507,0.0,8.101564269577798,7.421946040951138,7.706140119071173,4.098878951451333,0.535460198928495,0.5290476075632454,0.4237092467869451,0.3376601137118993,39.00168497291391,36.08918752385237,32.157947956647206,26.565010606785492
87,331736488970039.2,7.259255701356061,-3.5773476768066437,1.515095432175024,-0.11878126930947373,-0.3021808258086152,-0.1784174997858787,-29.657795531940174,21.667943013966056,-12.418056248449847,1021.0689224615011,2095.909542692127,0.0,8.23345151847158,8.0928492966584,7.415679841138511,3.884962106552844,0.3704794807475718,0.3246879138883158,0.21434036989940497,0.35092172306117025,38.772318879072934,36.72988688072495,32.152650851897654,24.974144138411326
88,331736522303372.5,5.294263287823033,-0.8602138531696131,1.553878490684807,1.8913380755790412,-0.4697704506726556,-0.09430108614906503,-28.347116016229567,20.47879249197473,-15.108377332566539,1021.0608083060256,2099.5725798735566,0.0,5.584239428766335,5.3636919779174175,5.517586621395594,1.7760929696943815,1.9510860276546276,1.9488057862342827,1.8936875167207299,0.47914191131029576,38.094658339328234,34.97055802195526,32.12198705031788,25.448850810057632
89,331736555636705.8,4.1170413048969206,1.9054477445950795,4.66471898786025,1.392542900684189,-0.8922224482013428,0.591080599371369,-30.588748958903924,20.49861654565667,-14.439529463550414,1021.0487534255768,2101.0027903043956,0.0,6.506947321848685,4.536602276330802,6.221706545790415,5.0388822513615485,1.756306608275887,1.6538550805074586,1.5127960884399299,1.0702509855298497,39.55205246615472,36.82207005529042,33.82560530130372,25.073757026313586
90,331736588970039.1,3.0863844222673724,-1.4784385355655592,1.3965197256968105,1.9563892248992025,-1.3661289501727512,1.1005285120148267,-29.706962933005663,20.190242541136456,-13.078791047385165,1021.048677800198,2098.3632654339485,0.0,3.696189476977639,3.4222140940420336,3.3876298714993935,2.033727574604212,2.6277233708210943,2.3861615845960236,2.244687462668082,1.754272303337675,38.2257022935361,35.91865170872772,32.45856469353097,24.056198143744133
91,331736622303372.44,3.5268432493345387,-0.8891232312233452,1.0859119015550625,5.288202421852112,-1.4258061458627584,1.7762737102748514,-29.23445169229878,19.80112432795117,-16.49032625272043,1021.0588479577301,2087.1082093555874,0.0,3.795835623893187,3.6371916949313587,3.6902341339426608,1.4034759628294222,5.757877761282897,5.4770437299753745,5.578551169281871,2.2777338429662057,38.97009815642618,35.30917289317792,33.56462461685683,25.768495970314998
92,331736655636705.75,4.011170400727479,-0.5031214127225502,3.098411321068172,4.927665146387982,-0.6575536355325522,2.471179185459585,-27.828462212501904,18.2310483961289,-17.74149079040536,1021.0483225320586,2061.967956632416,0.0,5.0934047408521925,4.0426005416825666,5.068494914488488,3.1389940857643155,5.551665258746934,4.9713439408804705,5.512586540053189,2.5571670556009383,37.70351349941645,33.26852017650681,33.00278480035715,25.438781831841563
93,331736688970039.06,5.408164931215531,-3.413828062245228,3.495187843784999,1.4487562625796537,0.25241695802699554,2.6614133556535675,-25.545389933255088,20.088416756254897,-20.694307180511892,1021.0387767195483,2017.672834395709,0.0,7.288265090208021,6.395503886466061,6.439300116206102,4.885750720402694,3.0406792133854816,1.470581187511716,3.030184112890659,2.6733565737384875,38.52746791960794,32.497868154927225,32.8758467042818,28.84092296467588
94,331736722303372.4,6.1480048431008605,-7.11861892522746,0.9035279978887679,-1.487862615647073,0.32759687740798793,2.4646437253735405,-26.6497930517478,21.42510711932307,-18.395334493284697,1021.0272225903835,1949.1883799330003,0.0,9.4492889571844,9.405992714934357,6.214042677175666,7.175729805781112,2.897502988807911,1.5235008622011388,2.878924079593505,2.4863202543338274,38.82827598407226,34.194249293930305,32.382090741964376,28.23868881861015
95,331736755636705.7,6.519127681615338,-9.685733619713492,1.2465759912321406,-2.211252048512686,0.5297554938878901,2.266227840991901,-22.685223439472463,26.13129034603738,-17.198963658885244,1021.0464753361866,1857.1563033714094,0.0,11.74165291529127,11.675292779251903,6.63724170353316,9.765622737642726,3.2103060808344686,2.273824202825705,3.1662950351062302,2.327322390772541,38.64282661228798,34.60438841603327,28.467941854627394,31.283361169934437
96,331736788970039.0,6.5828426963726825,-9.777416029726261,1.283578185228089,-2.3289475566388633,0.5120219656261195,1.6001030080137408,-19.247424906455688,30.636777238150685,-15.909370299844625,1021.0597014790138,1748.046519360174,0.0,11.856612296146343,11.786928445678086,6.706816750350392,9.8613101145812,2.8716707421137944,2.384567720753128,2.825655031639346,1.6800286097380177,39.524467718203326,36.18114819999109,24.97141223213515,34.52130042274836
97,331736822303372.3,7.14167228312255,-8.932336184032922,0.003023832365596812,-0.5479688904661433,0.23285906226518466,0.7726195338623292,-19.68928202292175,29.254316471385373,-13.516991633369791,1021.0588710120886,1628.5945657007483,0.0,11.436350897365246,11.43635049760651,7.141672923278063,8.932336695856577,0.975414881936584,0.5953933555202957,0.9472121457331187,0.8069475119142905,37.76495626374679,35.263052318058335,23.882564548112047,32.22613993367121
98,331736855636705.6,8.403164051966712,-8.14790515964849,0.36972637289254917,1.4827380589749652,0.5910845816303254,0.5741422240516955,-19.275175853221345,30.26102193026172,-16.89889339775867,1021.0693775557439,1505.535980200774,0.0,11.710602980449144,11.70476503715013,8.411293816950986,8.156289357387879,1.696329103568341,1.5962121206700395,1.5900161775818116,0.824026866115495,39.65897692206897,35.87843157715214,25.63405941791933,34.659804476260284
99,331736888970038.94,9.502777942697875,-5.732669352105132,1.4900789791568467,1.6273153079091929,1.2226162562268856,0.5983393324295122,-17.115694727790057,29.379408259020586,-18.3114438206847,1021.0694305828949,1385.721790027525,0.0,11.197616795234415,11.098030750038077,9.618894114832035,5.923160749523061,2.1215455635168503,2.035422713184128,1.7338295960352579,1.3611761336147647,38.61872098429982,34.00142108302398,25.065035025169866,34.618760873958195
100,331736922303372.25,6.2860367335616845,-3.0596075328364583,2.643260053023573,1.7305567554577848,1.7405755955185598,1.1891400560339973,-14.746478445662136,27.95878565532719,-22.10911609201878,1021.0690550236767,1276.4597652146379,0.0,7.474107289742811,6.9910983450868756,6.819170149189492,4.043268722568385,2.727358458369545,2.4544714477001692,2.099733496595488,2.1079984526985136,38.574153733287154,31.609370792043734,26.575771689995037,35.644167961826426
101,331736955636705.56,4.621795366483123,-5.754963577228052,2.758947097964029,0.9659568917417816,1.2576764052512985,1.6273866391028946,-12.46286384681382,27.60177061169371,-24.924488582127893,1021.0789358846691,1185.1705725514553,0.0,7.8798722879390946,7.381097356414314,5.382637039501084,6.382115234354957,2.2722697749518845,1.5858192384472047,1.8924745678169783,2.056729737582564,39.22258083356322,30.2849915992192,27.866702466291965,37.189889378447766
102,331736988970038.9,4.162915875741798,-7.500591677465593,3.01391205550493,0.6074586704055844,1.449236667691026,1.684265667486707,-9.356904721100364,29.01929995877653,-25.979642788546272,1021.0888287378131,1119.2748788273202,0.0,9.09243696590123,8.57838819945619,5.1394099337201204,8.0834733493953,2.303485140804158,1.5713984075437744,1.7904627544088603,2.221944589240387,40.05762443627508,30.49051387000878,27.61328494366823,38.9494750865517
103,331737022303372.2,4.866949425827602,-7.24069242438861,5.373575541361499,0.8971833316553441,1.1227618583927468,2.0918059065846437,-6.877595176517076,27.49505329627952,-27.659334076445443,1021.0841143773611,1085.9283219116712,0.0,10.24646951866255,8.724380980801,7.250000745674593,9.016814342289473,2.537948792250175,1.4371959230604983,2.2760909211678224,2.3740779560671417,39.60199531248038,28.342181835160506,28.501580253811664,39.00021432399657
104,331737055636705.5,4.149762223132301,-9.47929701268156,4.813877272356468,1.0621751571798563,1.0381807903794376,2.16312540858542,-2.8547519602725235,26.68612029596083,-28.588290469912316,1021.0987698747277,1083.719435530065,0.0,11.412756580094033,10.347830611445545,6.355622778441628,10.63157966851322,2.6239563546886155,1.4852728429628432,2.4098397452523463,2.399360516216918,39.212102432759856,26.83837970528721,28.730470945439777,39.108047361669335
105,331737088970038.8,4.263907715606646,-5.666689660620256,7.93441127215182,1.2291296734853818,0.4449528438882655,2.1977092193954135,-0.010137452419047434,26.473673749148,-30.37989145566653,1021.0978339769335,1101.0192585930108,0.0,10.641765029948756,7.091705064157026,9.00754079884514,9.75019250812159,2.557082048066142,1.3071888874705662,2.518071795493107,2.2422999010613753,40.29631880708646,26.473675690093913,30.379893147047472,40.29631753193347
106,331737122303372.1,3.3414581997718913,-7.5526170759723605,7.3064257771483625,-0.5781495707666126,0.6293756866687427,2.5143248162207787,1.5548070665294598,26.298855882021467,-29.64105100908988,1021.1085482578744,1125.6005082286486,0.0,11.026841126726644,8.258775187465275,8.034251709885673,10.508372011555707,2.6555978540831484,0.8546172717347629,2.5799391868106643,2.591899503536625,39.65651460530707,26.344776440832916,29.681801325687736,39.62602333854362
107,331737155636705.44,2.5866996899436963,-9.838897746459233,5.552031177932541,-1.2035283846563614,0.07207990675947966,2.142383710102397,5.991984042664567,27.807849595515666,-30.02472096502549,1021.129985907566,1145.2359015651155,0.0,11.589649449054548,10.173245507272268,6.125035957991578,11.297298750852594,2.4583498625997313,1.2056849031285106,2.457292927997324,2.1435959214064964,41.36017699335931,28.446095898987046,30.616788561101377,40.92383618570554
108,331737188970038.75,0.9400082372768425,-11.722017998311554,3.6441449822139984,-0.6503152218643508,0.2812822234518003,2.176824059942834,7.843229772458225,29.97926727642814,-29.670626313314756,1021.1287329706466,1150.8810258524607,0.0,12.311340872962774,11.759648015093322,3.7634303683665755,12.275402176879398,2.289234056396259,0.7085404554564745,2.2718875138823407,2.1949220207506213,42.90243332865231,30.98826745229701,30.689775481224054,42.179408865652455
109,331737222303372.06,-1.2839727203915627,-12.947556373894269,3.900966779117735,0.11553084779756614,0.15054161579215847,1.7516419387670243,9.840329457364048,28.541045018021137,-26.94486036938598,1021.1195536116652,1148.7788019650673,0.0,13.58327441428097,13.01106459909718,4.106839144462552,13.522453840444431,1.7618909263985776,0.1897634181767873,1.755447765796614,1.7580990471906905,40.465402937273254,30.189788580746566,28.685494316033214,39.25069109004855
110,331737255636705.4,-1.459339553988147,-13.533734031587459,5.028624011452688,1.1993128861356435,0.2036758375837903,1.1876896816904112,10.87208658566303,27.061891546139464,-28.614273995476573,1021.1078744717453,1149.7562444552418,0.0,14.511329650316037,13.61218677404857,5.236098870570804,14.43776354863547,1.7001300025763724,1.2164847905610927,1.687885712613528,1.2050272307335337,40.85737286059121,29.164160210456405,30.610111777227488,39.38429446293562
111,331737288970038.7,-1.2880071651556604,-14.407868243541696,5.85485108807944,2.2949397134913045,0.49971106568971196,0.2975173778039804,11.295322373611452,25.828070322338252,-33.339345396876354,1021.1385808006313,1164.641233727581,0.0,15.60528471526023,14.465325083825444,5.994851434445838,15.552040013671592,2.3674830575587347,2.3487144223451897,2.3141445241503193,0.5815735028937478,43.65988405380479,28.18995431176605,35.20079912467937,42.17346521294961
112,331737322303372.0,-0.9915660770861536,-11.550200565967778,8.132544126602896,3.3927235658087422,0.7553745130476502,-0.40080876138536214,12.97311493669011,20.129959132660005,-35.7372994762287,1021.1488819875476,1203.936690997887,0.0,14.160812489770976,11.592684607083486,8.192769815903,14.126054193766413,3.4988300204724476,3.4757968653182196,3.41631685550349,0.855124738365838,43.019432117321,23.94821425165421,38.019156816192385,41.016701824210806
113,331737355636705.3,-0.8327998188234828,-9.646258154382856,8.910697977464272,2.8417903530968744,0.8183067150850103,-0.9483602384033312,12.551319276743438,17.790582409652227,-37.378982477931665,1021.1384707975666,1269.3631805996881,0.0,13.158434191225643,9.682140874787466,8.9495303778365,13.132053717015614,3.1056054856810293,2.957261958452054,2.9958570648044747,1.2526024994936116,43.25770184772766,21.772469728107986,39.42998791113527,41.39677709146147
114,331737388970038.6,0.43337930793119034,-8.399534685502925,8.780967380539298,2.5561926644868183,0.6610206842883918,-1.2364665409331053,13.644888001634698,14.585108538192141,-39.63433496837134,1021.1562616472061,1353.0640275600626,0.0,12.159168914675247,8.410707494468562,8.791655462007032,12.151443168243922,2.9154620199687717,2.6402782586373945,2.8395370124059482,1.402069132355524,44.38230354581726,19.972690345769642,41.91734100539081,42.23275860580159
115,331737422303371.94,0.5843122931775905,-6.670784102685424,10.37966429954462,2.2334872691184997,0.4371547046805412,-1.3579774951035586,12.687355547387101,11.597487809873474,-40.73629823222125,1021.1596194382645,1446.698247006279,0.0,12.352255355676556,6.69632596283955,10.396097913505796,12.338427432857141,2.6502212161150775,2.275866783697751,2.6139181812983643,1.4266068530019287,44.2144400388657,17.189261598043647,42.6663214309634,42.355019975967856
116,331737455636705.25,0.9043658660274664,-6.619088976240651,11.39215257257049,1.9764947488864064,0.007552470520393425,-1.4885663239322193,13.074083778031248,9.448790584609341,-40.00561875861193,1021.1693962903875,1541.9248540656083,0.0,13.206489190233357,6.680585041373705,11.427992730849983,13.17548781306085,2.4743520834617656,1.9765091783714288,2.4743405572234027,1.4885854831201473,43.135378083496434,16.13106661528561,42.08777968596565,41.10631552172008
117,331737488970038.56,0.7383755575961997,-3.306724163598928,12.449693416957096,2.4963029003048582,-0.42591513345520027,-1.2857008758248416,11.845946030649994,5.486975992557203,-44.715960650199385,1021.1795399268638,1631.2668564757687,0.0,12.902499344483974,3.388159258090524,12.47157025559654,12.88135438804297,2.840063135402693,2.532376723747201,2.807944962453362,1.3544114747752716,46.58272726852896,13.055012175558145,46.25844327505253,45.051348952202076
118,331737522303371.9,0.8674326296246139,-3.201104152153764,11.285754455336708,1.8989126403760155,-0.8442662236145706,-1.0701683087615679,9.386804436761636,2.192315970706563,-45.76419440288601,1021.168733774552,1711.0633514518606,0.0,11.762982648377319,3.316550491078576,11.319041169334522,11.730955690781908,2.3375018462439368,2.0781373082922645,2.1797085642024268,1.3631014875694336,46.768363625367165,9.639416312693575,46.71695181493706,45.816675333993395
119,331737555636705.2,2.141143134904353,-4.049706907881017,9.604264336106526,2.0983088951574596,-0.86982061473071,-1.1431128493657976,8.743279393414022,1.1632551593334406,-44.820710514336085,1021.1589881832219,1778.7066759678423,0.0,10.640794773027764,4.580897288074387,9.840040008148126,10.42314825173023,2.542871429642604,2.271450664510992,2.389478438045029,1.4364173795229933,45.68034794227088,8.820322959904253,45.665534329089105,44.83580325560849
120,331737588970038.5,1.468259130294606,-2.4941178705990783,7.424432862893476,2.9433943220518364,-0.4724390423810756,-1.1872639504834135,9.197827963502386,-4.514107163431303,-46.617388954809854,1021.1696127906195,1831.589201400371,0.0,7.96860164406201,2.894202623545068,7.568222262150213,7.832166193847925,3.2087948628683662,2.98106839637284,3.1738251091080096,1.277808411649974,47.73005505646475,10.245838312657888,47.51611297455016,46.83543654592076
121,331737622303371.8,2.643088992775926,3.236119238081309,8.808108538883754,4.745987704415225,-0.4941326622911432,-0.7425337838505811,8.674176971223842,-11.615720251839868,-45.29588940749204,1021.1802241620669,1867.3457296153313,0.0,9.748905742675436,4.178323485180774,9.196123936555562,9.38377555975402,4.829070593661155,4.771641895448927,4.803723109278881,0.8919212454597067,47.55926723902359,14.497113612616577,46.11896511570765,46.76154995490154
122,331737655636705.1,0.8185134694373585,2.33152469774105,10.27847497439583,3.374989042364596,-0.4887184444020547,-0.46098777819807063,8.039875649067106,-14.987840491275263,-45.673376351059524,1021.1794305813082,1890.303923742334,0.0,10.571330073132154,2.471026449843643,10.311014115931167,10.539594641894814,3.4412071262317023,3.4101901345789885,3.406326579723249,0.6718299260577469,48.737380626680135,17.00808522569112,46.37560681821841,48.06966475748956
123,331737688970038.44,3.5637816180154274,9.448841311375606,15.861306078308262,2.2853634908582405,-0.3366891514336775,0.025893025967623832,7.727240793753498,-17.638333819658307,-45.41081893587331,1021.1789546966158,1912.1707874538413,0.0,18.803248976127545,10.098571262731324,16.25673921580473,18.462438426094668,2.3101766856313506,2.31003157338615,2.2855101693367113,0.33768333314940174,49.325080300441684,19.256714938388377,46.06357266551649,48.71604762663297
124,331737722303371.75,1.680659636575987,7.104471352943471,7.1313597811579825,-0.4371054115383072,-0.10583922609498499,1.5970332664505777,6.381740944524984,-18.295227581979034,-44.18874090362076,1021.1646257224642,1945.0334612410809,0.0,10.205607397265867,7.3005568293665215,7.326725676749018,10.066270686461399,1.6591498837435574,0.44973668137751255,1.6557706347637269,1.6005365337692818,48.25025173412839,19.37632498074475,44.64718849077009,47.82635439717033
125,331737755636705.06,4.311482584088231,4.897993858377221,6.187206751916317,-0.4070380281895848,0.19323349972217346,1.8543362701490531,6.104172827224207,-17.281640331099716,-43.81216903255402,1021.1687672012997,2000.9790855952822,0.0,8.992260744693516,6.525275925935785,7.541247208774886,7.891252830042885,1.908292992335728,0.45057645500774274,1.8984843847613726,1.8643771582502242,47.49128524029645,18.32801185175617,44.23536007812876,47.097359245190994
126,331737788970038.4,0.90807136805421,0.6696032725717798,9.090678625029268,-0.3611975448811085,0.4416739825991256,2.0974555072978287,4.956253388223519,-16.90317710400418,-45.826493637945006,1021.1582013431428,2088.1853732171853,0.0,9.160425755153671,1.1282562439972055,9.13591984821692,9.115306160859483,2.1736741196479072,0.5705607534111623,2.1283287508094544,2.143454107742679,49.09530897149159,17.61481887098497,46.093730233046784,48.844497288414644
127,331737822303371.7,3.4269825032405494,-1.7843691392933954,6.684092797275626,2.0749245372650633,0.1594050258658639,0.6415843301799913,5.1909934994757805,-18.513982289052,-44.92506185847213,1021.1590695256466,2197.1003623584775,0.0,7.720445506923251,3.863700596938059,7.5114116915602995,6.918169537374359,2.1776942508874937,2.081038634340058,2.171852271236961,0.6610903228786553,48.86691249402276,19.227947204809226,45.22397148083245,48.59041801823564
128,331737855636705.0,5.303774146597609,4.3303263286285185,11.073496963650804,3.2446846885731553,0.3435084805523226,0.6508652450754534,3.943383936864186,-22.956010109291732,-42.39450887655669,1021.1632019017832,2313.1485576065043,0.0,13.019373307287648,6.847024631950037,12.278125068678067,11.890082468864415,3.3271011964951667,3.2628173109250906,3.3093208208797473,0.735950843099249,48.37171756197899,23.292244997239376,42.57751354597826,48.2107123264358
129,331737888970038.3,6.410606926804131,5.710313138389108,9.608438609213035,0.9325762158883677,-0.11288138185400351,0.7830578919040664,4.081329593184825,-23.892180670620867,-42.53768680588196,1021.1787125865064,2421.754138782451,0.0,12.88509409416416,8.585077594783193,11.550669836723964,11.177198604546446,1.2229555457510208,0.9393830980009896,1.2177348071373784,0.7911522410020146,48.95863914817384,24.238266201314723,42.73303230574108,48.788227022437425
130,331737922303371.6,7.008400443101964,4.18050810221605,5.773054476718077,-0.34583804389168504,-0.12754120853383366,0.7708714673025541,1.760965160030624,-24.83800032537229,-41.496097564863355,1021.1784769054806,2508.762826995153,0.0,9.996123386329346,8.16053458809935,9.07996887450758,7.127749012405576,0.8544668112795784,0.36860644660273906,0.844894532887993,0.7813511239996161,48.393732771617174,24.900346552970614,41.53344569629999,48.3616829036775
131,331737955636704.94,7.977663025219042,5.026911009522199,7.097940220428145,-0.12831308264568944,-0.17702975005231694,0.9226605083459374,1.775295879693492,-23.069968996999858,-40.65237656774239,1021.1798062717007,2571.6904970002024,0.0,11.802275077898079,9.429365919381988,10.678195667654652,8.697734743623023,0.9482121035099735,0.21864075462188046,0.931539940549638,0.9394902586321847,46.775964614196056,23.138175057315806,40.69112183346617,46.74226342538479
132,331737988970038.25,9.06633512125117,3.845932225696897,6.5701778799151676,-1.109277328412389,-0.34869184322582325,0.7924339679061363,1.250134595531333,-23.090129916525388,-41.500333488085246,1021.1987337852338,2620.938646981504,0.0,11.83878644917683,9.848331189368396,11.196681200452169,7.613043547647711,1.4071367333537321,1.1627906917678474,1.3632489812287374,0.8657583929848359,47.507837413328495,23.123947242392788,41.51915842269968,47.491386368312206
133,331738022303371.56,7.605192492514996,2.6950874433547067,5.939212053218643,-1.4679015424575996,-0.4200014328173692,0.45179688059279455,-0.9431870896212405,-21.021350421916157,-43.49974903172518,1021.1984420739176,2667.5741586686,0.0,10.018816745935235,8.068608874864035,9.649517742421331,6.5220959928864755,1.592248901155665,1.5268058625503256,1.5358565556922235,0.6168643488499096,48.321992314784566,21.04249926807704,43.50997319821174,48.31278649989121
134,331738055636704.9,3.126097761472335,2.0476630724478313,7.713422500021895,-0.8857429098528029,-0.1853423683129293,0.19065517166901141,-0.42261099000876806,-21.27494461350111,-41.98832065309272,1021.199516266116,2722.6639137910315,0.0,8.57101498869258,3.7370324152392413,8.322822470660201,7.98058962245964,0.9247927823737037,0.9049266798179597,0.9060297439039464,0.265896949918546,47.072507258731704,21.27914162640063,41.99044738170586,47.07061014661349
135,331738088970038.2,-2.5787504175678557,0.7026495577437505,11.651385196314228,-0.2890901532558085,0.2407055491639421,0.20371653470842463,-0.302278653379283,-19.61031125551759,-42.42820475918188,1021.1797795940187,2794.3242036518554,0.0,11.95401384933087,2.672764508351583,11.933345327652122,11.672552993835062,0.427799841773452,0.3761811772374873,0.35365738112341955,0.3153404317748102,46.7419323414173,19.61264081970015,42.429281533763366,46.7409549177736
136,331738122303371.5,-1.2453143411976562,-1.0958694713968098,10.260167804269022,-0.15780359883000852,-0.19031447533899562,0.32145209243930867,0.7951505591169714,-18.972942255009297,-41.76954593579122,1021.1696550099847,2877.487600831591,0.0,10.39340084276993,1.6588362507288281,10.33546569730417,10.318525731425886,0.40552807925083223,0.24722778024983244,0.35809694712090484,0.37356531859524517,45.88354574251814,18.989597210672514,41.77711373579842,45.87665534336707
137,331738155636704.8,3.5025238688180913,0.000482091596391144,8.876834106590053,-0.2253505794423259,-0.39027423307825804,0.0019706439024377255,0.3134635870258191,-20.366429245563214,-41.46474903401918,1021.1579626007277,2963.4059241968835,0.0,9.54284325764461,3.5025239019959247,9.5428432454673,8.876834119680998,0.4506669991215296,0.45066269055671176,0.22535919571293792,0.39027920831401297,46.19756608403865,20.368841391569717,41.46593387196996,46.19650260213133
138,331738188970038.1,1.4994530741130325,1.149805495018974,8.859731683293637,-0.625472556708462,-0.30675967625715506,0.10496762483436434,-0.4260132592688552,-17.186910256211373,-41.60623648999717,1021.1593483732106,3043.3308271513656,0.0,9.058987675110279,1.8895534387370079,8.985722287129962,8.934030343374312,0.7045109086708187,0.6966472695509649,0.6342193007618012,0.32422168533391227,45.01833278025419,17.192189257105582,41.60841744357318,45.01631703079047
139,331738222303371.44,1.4546112686173878,1.0521273753234168,6.143698756693187,-1.5080008462422914,-0.10260056239985078,-0.12269013219674567,-0.6727491819398641,-17.221236920727513,-44.191779951193666,1021.1487429778036,3108.631035751732,0.0,6.400617186622478,1.795234234492432,6.3135511683823475,6.233137767360702,1.516458471640647,1.5114871576272928,1.5129836155113914,0.1599366872960066,47.43350090175036,17.234372415078802,44.19690041978649,47.428729862126296
140,331738255636704.75,1.0126757114111444,0.8936953081109897,8.630183411342912,-2.0858242322550185,0.2726152620868238,-0.010420807843243254,-0.5154873540481637,-13.520044886612567,-43.015948848794224,1021.138064822516,3153.9713268634478,0.0,8.735231485979066,1.3506307416246914,8.689394559455822,8.676333155034907,2.1035898845119525,2.1035640729449874,2.0858502633454643,0.2728143587840886,45.09356047497562,13.52986847490404,43.01903744360472,45.09061398005243
141,331738288970038.06,1.0050583206175752,-4.211237929237835,6.94231061592406,-3.10268696322206,0.1630302834772937,0.17925166543040075,-1.74004799575589,-9.742191355265236,-42.45370247029204,1021.1396539533787,3177.6872872694144,0.0,8.181707878705149,4.329511187708607,7.014685945629678,8.119741472770132,3.112133741444668,3.1069672133897415,3.1078606068013572,0.24230153299197071,43.59191338845107,9.896365970907643,42.48934714094363,43.557171003621036
142,331738322303371.4,1.763317414917784,-2.3767127072124823,8.725506204484802,-0.7597147836007717,0.3277238385932236,-0.029704706566746678,1.267167320542447,-8.910062703032917,-43.892426374492864,1021.1407612594156,3178.306800803572,0.0,9.213713156099466,2.959400547134102,8.901895687450798,9.043407644086827,0.8279201872137564,0.827387132365403,0.760295286065739,0.3290672939909006,44.8055802711058,8.999718350605699,43.91071402355611,44.78765801437105
143,331738355636704.7,1.1995685054270535,-0.7210644916029813,9.422400603024869,-1.4677677618332465,0.47561591677677345,0.19914613303936327,0.6653566064198682,-6.111609277504813,-42.95639322211456,1021.128425206571,3154.3577512998604,0.0,9.525782473064696,1.3996065876749655,9.498452385683464,9.449950641402001,1.5557030196258284,1.5429039837165464,1.4812161844178957,0.5156255255473128,43.39408008043862,6.147720502315429,42.96154580629795,43.388978861155664
144,331738388970038.0,1.997947818887596,-2.256265568921023,7.776135798836577,-2.1040964688367545,0.28849248535182365,0.17003235401251762,1.6656186403972055,-5.010376698363781,-43.01569739854419,1021.1392397728598,3106.566771621662,0.0,8.339713290422159,3.0137235779839218,8.028703721582051,8.096852615643085,2.1305775896894272,2.1237819719255016,2.110955459402765,0.3348714910462076,43.33853231014944,5.279977283544445,43.0479326813537,43.30651333624803
145,331738422303371.3,1.8980397911577582,-3.924931342014532,7.168801092675238,-1.0338493033506229,0.3891047584401054,0.31964070179148135,1.509409755508024,-2.805416745386223,-43.97865343520487,1021.1489083760141,3045.474051075659,0.0,8.390432062455895,4.359775348380485,7.4158117664325784,8.172930633858927,1.149963944356975,1.1046478602157799,1.0821342616701122,0.5035600175574739,44.09388437072848,3.185699440517925,44.004548353367746,44.06804194752871
146,331738455636704.6,0.6791020985426118,-3.9134776393068575,8.79036609719097,0.15252234681634158,0.4798010210719694,0.130085209162222,1.846638901506973,-2.351946959035812,-43.23248095722681,1021.1483976480582,2984.35662386482,0.0,9.646088482708635,3.971962599723184,8.816559180479048,9.622153779481971,0.5199944689540917,0.5034601137131608,0.20046253495639385,0.4971229037818349,43.3357720532086,2.9902725177944376,43.2719017949239,43.29640936861967
147,331738488970037.94,0.20831017268857216,-3.92011970291675,10.124524670614782,0.4469326030224421,0.396198147300333,-0.2749161744080223,2.769547102809325,-2.989937980418437,-44.95186729425379,1021.1550285788769,2936.491643718933,0.0,10.858947067700855,3.925650470080296,10.126667414995563,10.856948848137929,0.6574957235752749,0.5972618551093248,0.5247167374837188,0.48223632678942646,45.136243679792756,4.075551530949916,45.03710430739173,45.051194239075976
148,331738522303371.25,-0.03227517136687998,-4.03726343915978,9.21514825088975,1.7270552646559802,0.16137889814643766,-0.686855448262322,4.000088377613483,-5.397527998704396,-42.20029944779728,1021.15834744208,2914.5425915801816,0.0,10.060789981395072,4.037392446104666,9.215204771059794,10.060738211635003,1.8656187828038535,1.7345786335427105,1.8586259155579352,0.7055590376251966,42.731712919204114,6.718185433993047,42.389456006328714,42.54407810707099
149,331738555636704.56,0.3347752765666488,-1.972769590473337,8.471039346482078,2.961604707527222,0.23431263338723274,-1.3392375787983968,4.07500432023239,-9.34280033710407,-42.64096506937476,1021.1685142008552,2914.709366823418,0.0,8.704160037162927,2.000973348872147,8.477651921106917,8.697719670508118,3.2587669671638158,2.9708592786956878,3.2503322501112395,1.3595807083916172,43.84227959853984,10.192819940963568,42.835237389998795,43.65248927823739
150,331738588970037.9,0.7539912749961735,0.1056386764432443,8.7957020919924,4.184917732911991,0.23754166011948008,-1.4528798610148235,5.3288744314208225,-12.719867447627799,-41.22075161557776,1021.1685435699467,2915.306722065313,0.0,8.828592054445064,0.7613556151569618,8.827960021083571,8.796336443147236,4.4363072889595925,4.191653906459067,4.429943151078092,1.4721704829382944,43.4665652466839,13.79100904905337,41.56377348676377,43.13867628518958
151,331738622303371.2,-0.20281563143918768,2.861395987961705,9.780148644147744,5.572695950436189,0.07430656104151839,-1.199646704256201,4.942914142074917,-20.579459433166143,-38.97605348735513,1021.1678192512677,2893.750812627486,0.0,10.192155252050686,2.8685747646312825,9.782251360601046,10.19013711887864,5.700843256576563,5.573191331815346,5.700358968612473,1.2019457891463248,44.35176767871178,21.164747831648153,39.288231643395356,44.07546818821666
152,331738655636704.5,0.05544786817182265,6.694443815475754,10.560447313167417,6.143607208779161,-0.37658705485098254,-1.2824162183513181,6.650383871292731,-26.79699763814078,-36.545155087118346,1021.18740681936,2827.4577938315583,0.0,12.503667458743106,6.694673439731498,10.560592877309006,12.503544515566237,6.2873141088015565,6.155138288100814,6.276025883698519,1.3365661850323136,45.80234762974061,27.609901992837155,37.145335723036375,45.316966389643234
153,331738688970037.8,0.19440036724564883,9.526057432998416,12.584927308033723,5.103443767548856,-0.6775471631663919,-1.0180776892457195,6.722619438716386,-30.916558321600867,-27.817020246707866,1021.1990630403035,2701.051945866775,0.0,15.784928161637687,9.528040812232575,12.586428677400043,15.78373104070382,5.247922505924415,5.148223814758649,5.204000429465121,1.222927773686872,42.128539091410595,31.639013742067803,28.617830587302784,41.588702719112355
154,331738722303371.1,1.0096143708958198,9.158889417600006,12.36324071319274,2.5418300475357625,-1.1548575767921874,-0.8767579471776799,7.199335922060098,-31.79122242351684,-27.14542661824847,1021.2161708629338,2529.3241828855657,0.0,15.419283299624897,9.21436794043654,12.40439608003009,15.386194340907434,2.926311759052545,2.7918803722992824,2.688792384788174,1.4499656963575178,42.419175465665255,32.59620009909414,28.083885486260222,41.80377984666258
155,331738755636704.44,2.913986497308903,8.694480171094636,9.292079160039256,1.0115641611490402,-1.3669862644015434,-0.5117097132724453,6.357340089519138,-34.32754972736039,-25.25094726047091,1021.208665918087,2334.9559007278676,0.0,13.05480899394902,9.169803855702499,9.738277692843559,12.725435967462712,1.775882971887792,1.7005627007504451,1.1336264299929364,1.4596226490842947,43.08603928013448,34.91126527781839,26.038934512857672,42.61444599939654
156,331738788970037.75,1.3734263205535784,8.483690129711935,8.83620685024275,1.081373477442394,-1.305559600264428,-0.12658499770141435,7.011599935975495,-32.6603564731455,-25.27517836233166,1021.1977963521439,2140.6285210831,0.0,12.326307215676476,8.594143242636875,8.94230682532568,12.249553041529662,1.6999641846819997,1.695244663037896,1.08875725456087,1.3116819856526507,41.88909237334687,33.404511949961325,26.229700244376602,41.29810560062793
157,331738822303371.06,2.2525730768674546,8.86254690822926,8.531538684835708,0.009134215332420707,-1.3908340909721986,0.07542459229087883,6.078366632659342,-33.98536438177703,-24.147915556365962,1021.1996539759699,1968.6511166768994,0.0,12.506237463683485,9.14433284429171,8.823901506560253,12.301702728948227,1.3929076680176782,1.3908640848408593,0.07597567381724449,1.3928777181550098,42.13161946567645,34.524651092852274,24.90117199326987,41.69084813096923
158,331738855636704.4,3.038116027144346,5.086258480839091,6.164102231227931,-0.4062797995235714,-1.5813756426178458,0.2024189279075401,4.512877456140664,-32.91961202813268,-24.885615760832895,1021.1887071447977,1832.8685293316657,0.0,8.549639211412847,5.9245400098487755,6.872139791318312,7.991631976695169,1.64523117553162,1.6327315145381123,0.45391265445694645,1.5942780013034874,41.51338086464092,33.22750244928018,25.29149925824796,41.267356686351896
159,331738888970037.7,2.5073393936341946,7.7573625463583955,6.751748135958091,0.2454996529667519,-1.3293518640225142,0.09857961895778067,4.070677668165219,-34.396775378117255,-25.65302321681944,1021.1884871267608,1738.7164433381108,0.0,10.585344935424988,8.152510319558871,7.202281147406247,10.284103099787437,1.3554203773223972,1.351830780085632,0.2645524917301987,1.3330019953675967,43.10204372478676,34.63680951084774,25.973987311169157,42.9093900746134
160,331738922303371.0,3.792795614889307,7.293033241421305,5.785955860931516,-0.6400103220315015,-1.2433590082802526,0.16343826998257516,4.281433323984516,-32.041306654703455,-25.256173242634922,1021.189111713737,1691.269208844607,0.0,10.052408550265326,8.220318268583018,6.9182789623555445,9.309437098188262,1.407930006738054,1.3984115402049997,0.6605492263274279,1.2540548997418535,41.02255831015976,32.32608858876169,25.61649777330448,40.7985247160082
161,331738955636704.3,3.0311227341585707,6.157351116652842,5.018116930697316,-0.3419924956833624,-1.0800370805440869,0.1612566003380922,3.206779940624689,-31.420327706331882,-24.709531303482848,1021.1987153986134,1695.6011370339688,0.0,8.501892456002368,6.86299335591103,5.862525271560369,7.943202773686258,1.1443088104207397,1.132889651490351,0.3781038987584416,1.0920090597164447,40.10088986542167,31.583546836301963,24.916748881533312,39.97246465269668
162,331738988970037.6,3.3925951904261473,6.903281202936479,4.738269206926448,-0.15980356103640306,-0.8372686526914763,0.15923887354548671,2.27164506792337,-33.1708732481539,-25.023895227413032,1021.1907039965232,1750.9267707701547,0.0,9.03416784049456,7.691878411215218,5.827597893078247,8.372961629204061,0.8671291678566411,0.8523825285044945,0.22559742234332134,0.8522768421280936,41.61324952118324,33.24856693693298,25.126792546347122,41.55119931358946
163,331739022303370.94,2.6470783662512347,6.345657439205261,4.711977159923957,-0.5558479998415939,-0.5824737865863978,0.2452839187165777,2.078930610827198,-31.269299967329587,-25.876208563346704,1021.1800559985826,1834.3306474963965,0.0,8.335293694193469,6.875637585912769,5.4046047619340625,7.903802698156508,0.8416691224995473,0.8051352128606705,0.607561683871573,0.6320125891477615,40.6407337845331,31.33833232530845,25.959586323715786,40.587526286540985
164,331739055636704.25,2.674749606497382,5.41500006163455,4.37701512566672,-0.3698228250181744,-0.42616785657411177,0.2491468364979427,0.37916769459352345,-30.68568506402527,-23.785187518755826,1021.167930680353,1917.6739860542968,0.0,7.458872068568768,6.039578720818207,5.1295757005597595,6.962793051485692,0.6168161071326919,0.5642587738630175,0.44591823021867566,0.4936529024668095,38.82641087316139,30.68802756759005,23.78820954681124,38.824559407041846
165,331739088970037.56,3.1771382321039936,5.257906130815802,4.61824517473599,0.014470929827670075,-0.24328572327939318,0.23263369630362213,-0.363775271898112,-32.540016940025474,-25.994889989397112,1021.1786715512372,1972.8180052854595,0.0,7.685569121433985,6.143271459602554,5.605568288752635,6.998125847285304,0.3369210406275345,0.2437157175104938,0.23308334231764236,0.3366101302805121,41.64996207040827,32.542050256638554,25.997435219830873,41.648373413832175
166,331739122303370.9,2.6606104551237473,5.586621371698623,5.137731485678296,0.031691884665241865,-0.10001974414765061,0.28153787433466654,-0.01712149309615218,-31.5989101422262,-26.379006987650964,1021.168117479359,1972.7159542176894,0.0,8.042727843434944,6.18782565564299,5.785769854811364,7.589902711474629,0.3004528240138191,0.10492056410921778,0.28331599008618885,0.29877671245303566,41.16240305152932,31.59891478076441,26.37901254406738,41.162399490688394
167,331739155636704.2,3.321646446491785,5.583763382957411,5.528043457735813,-0.48149756334073335,-0.08515975658812654,0.31442554031092007,-1.237041540537381,-30.676237234367402,-26.793842896657335,1021.1688478641385,1918.5953072489483,0.0,8.530592775590875,6.4970569208178786,6.449232480389215,7.857332752752153,0.5813394086461252,0.4889704363713746,0.575068103708489,0.32575390180619934,40.74888734435529,30.701169401705272,26.82238410253216,40.73010616276299
168,331739188970037.5,3.6754146516032717,5.495785535817614,5.571859967683794,-0.9863406420208587,-0.032268089691386226,0.4176703837586056,-0.552168952106456,-30.057686771192294,-26.9846212740407,1021.1721220246112,1841.8318410551915,0.0,8.646268271132891,6.611530194812854,6.674900475714769,7.826192059691569,1.0716145021338186,0.9868683254185693,1.0711285691135217,0.4189150022157147,40.39726735671843,30.06275810012745,26.99027002190012,40.39349352728132
169,331739222303370.8,3.804383129905038,4.648630878877561,6.022808825200775,-0.6808388673169326,0.07964598617476014,0.3898527811523946,-1.2067109545786514,-30.65266131505364,-28.213812003349233,1021.1685312183653,1775.2686618964183,0.0,8.5063109625781,6.006921012229145,7.123731967446725,7.608153205145799,0.7885874950412356,0.6854816163568166,0.7845551314099352,0.3979053582021822,41.67806359205786,30.67640456480006,28.239605859293317,41.660590891821485
170,331739255636704.1,4.194557877739059,5.934185363259537,6.790906048468193,-1.0073991790562957,0.18836946555135717,0.42183640034631187,-0.16258670386878346,-28.03370482662692,-28.717408525083286,1021.178281433732,1751.7488760326314,0.0,9.946118673852046,7.266971289005243,7.981899570204118,9.018367972346526,1.1082788954827827,1.024859093493053,1.092153402512867,0.46198377050415723,40.132338495772295,28.034176298630936,28.71786877246989,40.13200915357929
171,331739288970037.44,4.915612153798538,5.256523290019473,7.010217184835148,-1.4842369642958664,0.2610665126564422,0.5473611019743012,-1.160954878233868,-27.84476530427916,-30.703717416442498,1021.1829520052376,1795.6765365633144,0.0,10.046761912359976,7.1968242958327835,8.561914962502836,8.762087769309046,1.6033462714483502,1.5070219275819463,1.5819492855767312,0.606432106657553,41.46561267204957,27.868957122211867,30.725658323590878,41.44935726931291
172,331739322303370.75,5.925941297773073,5.867177913807788,6.95015263413593,-1.8897768371391057,0.5699544067738295,0.7088066466322541,-1.1621413710663466,-25.601520604929142,-33.71114576210511,1021.1785266322463,1895.033374141026,0.0,10.855651918457635,8.339098088937815,9.13353173216358,9.095515285571263,2.097262831001029,1.9738552429163567,2.018331825170862,0.9095355342761321,42.34654387839523,25.62788383481858,33.73117135766621,42.33059420653706
173,331739355636704.06,7.054600711461017,7.17369599316377,8.750335202492181,-2.6916391737710317,0.8794738009073617,1.070904142584913,-0.9363667123861383,-23.482689182852425,-35.54232912712518,1021.1990589761563,2027.9771973089173,0.0,13.334079329164577,10.061277523281039,11.239918031468031,11.3150466352688,3.027413300305522,2.8316771723240706,2.8968529690656255,1.3857524487035804,42.609513417304,23.50135046925004,35.55466133154633,42.59922359667304
174,331739388970037.4,5.936733751125985,5.0708382170593564,7.252186975367545,-4.413112600737725,0.8552173231707271,1.3887007940820655,-1.1211048915443038,-18.512562102165838,-36.75390371842071,1021.1993290487574,2172.665666491427,0.0,10.656097962248602,7.8075737495939235,9.37224751900253,8.849159064525871,4.704832557288894,4.495215178013328,4.626451417909221,1.6309158670316084,41.16820703294389,18.546477610705256,36.77099828289659,41.152939070368795
175,331739422303370.7,7.288655081777754,2.0428253395623237,7.457340845277058,-2.5053149723364916,0.8665747999568927,1.182863560216519,-1.2685238235574299,-14.611197393830619,-38.43524637103994,1021.2095491057889,2307.7478601525695,0.0,10.625891056834723,7.569519685494093,10.427675933963533,7.732080434824477,2.9028815333426583,2.650953600977151,2.7705178780692776,1.4663280963032888,41.13835686527786,14.666159755451167,38.45617396847314,41.11879439969053
176,331739455636704.0,5.478938174180353,0.890225703564571,7.059157690111544,-2.8915219615679657,1.002445389176488,0.9772409894488463,-1.0900057710812656,-11.841959048311644,-40.24624351554973,1021.1776293279097,2424.1806912699603,0.0,8.980143240151502,5.550789612278399,8.93590906457489,7.11506915617466,3.2125995648337526,3.0603588045376404,3.0521958006800314,1.3999631101354637,41.96641780990854,11.892018612619157,40.26100134986609,41.95225990593139
177,331739488970037.3,3.365982783647503,-2.234895289819794,4.610044041088862,-3.1124609068325904,1.1008542873528968,0.8155199502681845,0.810404266950338,-8.149693784696334,-40.676057409826775,1021.1779566434124,2525.814703120021,0.0,6.130016567436749,4.040370905779579,5.708094792537201,5.123208273849271,3.400641975837772,3.3014077389114487,3.2175278842376134,1.370019325144239,41.49235966136095,8.189887902786543,40.6841296021362,41.4844447376585
178,331739522303370.6,1.3791923099641588,-4.003587733111643,5.782881306921329,-1.1853509888877627,1.1951918580533891,0.5583105892338781,1.9383698641825646,-6.182052566337317,-41.12841214629568,1021.1588566752548,2617.109095585978,0.0,7.167468337880987,4.234487709816418,5.945072551096783,7.0335219447060915,1.7734856239803551,1.6833123727978445,1.3102548152584204,1.3191642398154193,41.635577783175904,6.478815606523228,41.17406420801733,41.590432308507204
179,331739555636703.94,-0.940428415680795,-2.5298522559881187,8.341821785285482,1.2904993008027201,1.2937154163642264,0.17818851049836776,3.4403094480088328,-9.398485257697715,-40.021554151866106,1021.1500696634467,2702.523068551056,0.0,8.767585114477734,2.6989920418830553,8.39466475223897,8.717003105115406,1.8359845231331335,1.827317165658653,1.3027431023213811,1.3059290653829903,41.25399436379429,10.008359218034698,40.16914893085003,41.11029459721631
180,331739588970037.25,0.8396805076826184,-0.48580455878487255,11.119840062858884,2.3066754980036777,1.004117161150314,-0.029442363237780794,6.127419716003455,-10.318845433126633,-42.35654274834239,1021.1437467994608,2784.555232125411,0.0,11.162074737605002,0.9700873281917997,11.151497943260521,11.13044694039272,2.5159232856269895,2.515751006440637,2.306863391240049,1.0045487176188075,44.02386349516569,12.00099343591297,42.797453031322135,43.59535852203666
181,331739622303370.56,2.9497373438166816,1.1885835956730935,10.592699578511766,1.9220420628429937,0.576317972923632,-0.14451233258509566,5.858603801601103,-13.560143955229764,-42.12162612932445,1021.1482822416899,2856.498361321368,0.0,11.059790491777555,3.1802014655379733,10.995737117542872,10.659175170926995,2.0117832665378597,2.006586179871813,1.9274671217966173,0.5941600964251886,44.63666800254335,14.7716194978983,42.52710460732923,44.250524198761106
182,331739655636703.9,1.9832377702922204,2.017924130697601,9.225668327482705,1.6874946788001195,0.4329004956487423,0.31441320147301516,6.3060484591155035,-12.765101896132348,-28.427393506329132,1021.1391441762033,2908.945644242428,0.0,9.649777507252841,2.8293550238111385,9.436428781177295,9.443779639845966,1.770281557089763,1.742136943558584,1.7165354503298873,0.5350313078628555,31.79356499593964,14.23776926303256,29.11842970924766,31.161908285314066
183,331739688970037.2,0.9110879153310936,1.649599678166976,9.763337031000225,1.1733956546893078,0.15380904923440403,0.18778225846062763,5.651609094636816,-14.302325599155528,-27.343859771589234,1021.1495138249785,2932.489918168853,0.0,9.943541133246809,1.8844787840861856,9.80575500256674,9.901713441577114,1.1982390256800663,1.1834333889451238,1.1883263604903846,0.24273318730442542,31.371704928345498,15.378465557487884,27.921807831279793,30.85843782100117
184,331739722303370.5,2.0218328716255876,2.797802094041116,8.945079157833392,0.3962538554832986,0.14421026654277647,0.30323777435175403,6.194840950379585,-14.100380386213264,-28.701613609226474,1021.1586353543187,2918.2596125010664,0.0,9.588010526595806,3.4518842272310675,9.170727850104981,9.372413653767433,0.5193908612553005,0.42167964020298343,0.49896920323721805,0.33578229371148194,32.57267881537749,15.401194156181772,29.362538687481265,31.97816991025662
185,331739755636703.8,1.8065567774694988,2.4045045225486135,9.632293640120276,0.21355660034309784,0.20910908755246807,0.5638824902168053,6.61753446248906,-13.905111465589098,-28.297173018452263,1021.1490224724296,2871.7784143354406,0.0,10.09090531908209,3.0075387593807856,9.800241229669936,9.927876045179968,0.6381978492757813,0.2988863196051759,0.602967564901469,0.6014067452815368,32.21605016244093,15.399476849318217,29.06065662022201,31.529067948588015
186,331739788970037.1,2.6268923963076363,2.209110207388834,11.623332273195032,-0.12138461061006975,-0.02476564574445393,0.49103818991903625,7.99453173861535,-14.196489573233997,-27.486038206191246,1021.148751029514,2814.2232030021023,0.0,12.119512560464864,3.4323070332020724,11.916476693841853,11.831399792141534,0.5064247869734079,0.12388527314454308,0.5058188684222068,0.491662324332568,31.952075835458242,16.292723956498797,28.625073519415334,30.93578207311311
187,331739822303370.44,2.890057337369895,1.4112801135884159,10.539483341916355,-1.0346998579631983,-0.27140224592312284,0.557051919928953,6.586271818889794,-13.950087266943381,-28.773480425090764,1021.1486506036604,2767.558590514108,0.0,11.019294536712778,3.21623117519492,10.928547045596588,10.633551649074851,1.2060554782669455,1.069702283423373,1.175121541614141,0.6196499177669984,32.64807937690545,15.42672717162126,29.517658312362503,31.976837093878082
188,331739855636703.75,3.8266696354486887,0.8957404636080971,10.74132506572526,-0.8919823142304619,-0.3135434483712585,0.6432139406313909,6.925606065425133,-11.482999480113373,-29.126667237859344,1021.1488717571052,2753.749188884512,0.0,11.437736473821541,3.9301083289153556,11.402607801132282,10.778609147089554,1.1435322978993787,0.9454850305089292,1.0997075167163737,0.7155652782514692,32.0653401793701,13.409820894916432,29.93871680213503,31.308497591632737
189,331739888970037.06,4.179580842942016,0.2420786331555026,11.26969342807138,-1.0587884438054016,-0.5999625517828727,0.601825122441697,4.41216528671539,-10.55528537918188,-29.383537561326442,1021.1520463030698,2786.9721728379677,0.0,12.022208118729003,4.186585492656078,12.019770629483872,11.272293113086869,1.3576382103784659,1.2169585170734787,1.2178778455731214,0.8497932345834366,31.532103189783406,11.440334433628548,29.712951420806014,31.221888620867453
190,331739922303370.4,3.4094797912070405,0.052822193332954494,10.33041602846183,-1.7848909493310052,-0.6214755275124616,0.7777775810790815,4.18160003160857,-8.318379414562978,-30.644052809165668,1021.156744577077,2847.960645407301,0.0,10.878641365164071,3.4098889469831284,10.878513123021468,10.330551074614053,2.0437723694017045,1.8899914106420246,1.9469909261814664,0.9955751086312471,32.027163275568256,9.310274695677561,30.928041505974527,31.75300629319308
191,331739955636703.7,2.7978732757074316,-0.5094855386472934,10.207747605670534,-2.302402036214347,-0.5923489150859537,0.8823316012190983,2.833199452456309,-7.336643788244764,-30.318974903723213,1021.1468207493247,2908.471485626582,0.0,10.596498551978435,2.843882975969397,10.584243291232035,10.220454329195118,2.5358315062474746,2.3773793078866228,2.4656772276341905,1.0627258779729438,31.322413706890266,7.864690789407376,30.451063336934503,31.194015151759295
192,331739988970037.0,2.505313697953498,-1.4332344811969846,9.071227308481838,-3.3598049315491587,-0.5198603631082039,1.01939586964386,3.1871626867804577,-2.1083334533423193,-29.91864650725725,1021.1496173371215,2940.2614613922765,0.0,9.519344656298145,2.8863052165780076,9.4108321421275,9.183753369959291,3.5493255576573985,3.399785871962092,3.511047865966656,1.144300107567047,30.161705601121174,3.82139711918141,30.087928057914226,29.992840458627768
193,331740022303370.3,2.70915645115407,-4.043481996662531,8.018606303674744,-3.027690892224119,-0.30210411059524195,0.8141404431452589,0.6046456643851934,2.2595354493541366,-30.114403471856097,1021.1387956249362,2916.077641788033,0.0,9.380155776291568,4.867162965646797,8.463898376644302,8.980411667104484,3.149762482102449,3.04272559270392,3.1352411071593265,0.8683844510372699,30.2051054176622,2.3390375854927625,30.120472985084387,30.199052914166472
194,331740055636703.6,2.770101273017393,-3.3498316420745424,8.625294173777641,-1.6238942673265344,-0.26183831097283367,0.6569132225953546,0.5621996025864473,3.609205555538746,-30.131814229296264,1021.1397245899038,2834.054204072513,0.0,9.658702432377703,4.346818732477398,9.05920309116509,9.25294934679999,1.7711936298919162,1.6448683511299889,1.7517327346021128,0.7071734462730627,30.352407843268395,3.6527295458711566,30.137058534999216,30.34720075214438
195,331740088970036.94,2.690396334287571,-3.2580831150160265,7.97144087773217,-1.3755616042591023,-0.1261441218706248,0.6504247619029154,0.5040059127024833,6.024590780296498,-29.34923671479573,1021.12891733293,2719.2532176614063,0.0,9.022040106709788,4.225321055245451,8.41320997614629,8.611560558431437,1.5268053043826022,1.3813334378760207,1.5215853896539424,0.6625441195716518,29.965436952782554,6.045636114593123,29.353563969323258,29.96119807035672
196,331740122303370.25,2.636135194601723,-4.515822938132689,7.088838636749172,-0.8035531161145217,0.018904866233852846,0.43259687739114283,0.7941734037686385,6.179552050980347,-28.49565502995501,1021.1258021830064,2598.035545363368,0.0,8.808717204601988,5.2289449770277,7.56312382432588,8.40501576598362,0.9127951920958203,0.8037754688871003,0.9125994021178874,0.4330097600469155,29.16881777741822,6.230375185013249,28.506719681181377,29.15800437507642
197,331740155636703.56,3.1816574939608633,-2.373522032479021,6.659396175384843,0.4985389984050647,0.26371076795364234,0.36257000823939106,1.9893292165457672,5.46135600372109,-28.268748097066943,1021.1310982341387,2496.762049987054,0.0,7.752683965458087,3.969452260393197,7.380413391511859,7.0697357984152145,0.6704785700826962,0.5639898067034766,0.6164398947224596,0.4483306592342441,28.860110171421884,5.812386784375503,28.338658219951565,28.79146624218375
198,331740188970036.9,1.970323331457399,-2.695780424081573,7.114722519556669,0.8691169996738977,0.45866095268959034,0.44645693655026153,1.414914750098321,5.138935598212401,-28.263675740463327,1021.1288865586707,2435.993345642958,0.0,7.859305481760688,3.3390726445147623,7.382509773835195,7.608318383529189,1.0793785363986652,0.9827177767010631,0.9770814476367884,0.640073172157658,28.761884659991868,5.330163490233714,28.299069774678124,28.72706085635337
199,331740222303370.2,1.2363129077993358,-0.9155062299508407,7.961430894431921,1.4104607332158385,0.533831520852523,0.510406488684025,4.5211414437508015,6.267270330032913,-29.415315118274506,1021.1175811363031,2411.5439962365717,0.0,8.108699226749325,1.5383826777073546,8.056851214513417,8.013896277335629,1.5921339002389951,1.508103303026513,1.4999714209392514,0.7385735415965518,30.41348649615004,7.727832642087427,29.760737280211824,30.07556218754854
200,331740255636703.5,1.9696176632764142,-0.5083092561012276,8.467093390461628,1.3375146624589709,0.6226019854631112,0.7720706716502596,3.55806736331713,2.200039557645378,-30.862937616086214,1021.1087624828762,2412.630409012799,0.0,8.708010250460642,2.034151429792931,8.693161923160607,8.482337459841903,1.6651341767610879,1.4753232542718706,1.5443570164684128,0.9918298010874098,31.14515910557428,4.183302214412316,31.067358459584746,30.94125227507177
201,331740288970036.8,1.563991214540981,-0.6469451913262596,8.260709395558811,1.0653494591663586,0.7575880386752265,0.9031319120109258,5.355015595522715,0.1726439931439081,-30.774595920153185,1021.1023147661901,2428.4689298236385,0.0,8.432314410505288,1.6925148743043716,8.407460272700371,8.28600372908761,1.5888852560780906,1.3072525029579516,1.3966448083312246,1.1788074002296927,31.237505534619267,5.3577978663495855,31.237028445052207,30.77508017856457
202,331740322303370.1,0.7156699405096745,0.4661929271411052,8.479609202262637,0.6449365863616976,0.7982673072955873,1.017944799386385,5.764086463222836,0.23679361693445283,-30.258144173439433,1021.1195634227362,2448.536323577155,0.0,8.52251673698343,0.854119025116238,8.509756499856287,8.492414737188334,1.4454706876732626,1.026242609875865,1.205053863952009,1.2936159818488389,30.80318251079223,5.768948255317397,30.802272344360496,30.25907070677597
203,331740355636703.44,0.14607556351896409,-0.7200505065534981,7.559929643420363,-0.26842857565434,0.9194007145258124,1.0476841698375607,8.230162798453481,-0.5016240311354532,-30.32263129930848,1021.1098102502046,2468.973386222598,0.0,7.595547841710383,0.7347181787905701,7.561340772886996,7.594143068539983,1.4195047354012633,0.9577847222097418,1.0815248586861221,1.3938937526220545,31.423704034875687,8.245435486234808,31.41970000816128,30.32678017169668
204,331740388970036.75,-0.7669185444471196,-2.4663300291045056,6.715341786862435,0.2730675350928988,0.8889318275555155,0.9168923482321253,8.45803724441135,-0.5300027263950319,-29.206657258815937,1021.0993309506885,2492.9826430552216,0.0,7.19491231222871,2.5828178151545105,6.758992481738506,7.153921940225753,1.305931564443375,0.9299277782510318,0.9566908889334801,1.277063574097942,30.41131574187117,8.474626653595763,30.406696996908348,29.211465747612387
205,331740422303370.06,-1.520018976648955,-2.4638002647875132,8.077124806556789,1.1238477822498414,0.8296580183587563,0.744323896490363,9.614257693903907,-1.1388447455814743,-31.607994265369936,1021.0781451627079,2524.106661875181,0.0,8.58025142841601,2.894955860482152,8.218905208728714,8.444540063583219,1.5828405883036554,1.3969131200954716,1.3479806751413328,1.1146077742029143,33.05746844268308,9.681472943686256,33.03784576034656,31.62850405621798
206,331740455636703.4,-2.401973918647509,-2.0049046290550177,7.875246876580304,1.0747316748972695,0.6488902699441976,0.34735935922837363,9.709445117467773,-2.7508980389912505,-30.225976999891852,1021.088807771896,2565.8880104826317,0.0,8.473997559862578,3.128757145811913,8.233407075624932,8.126447928750547,1.3025994318666387,1.2554309042937186,1.129471866613346,0.7360143387677988,31.86613327826324,10.091618527770692,31.747173261364704,30.350899914482227
207,331740488970036.7,-3.0129148805156007,-1.9461663232765092,6.533570190292268,1.4035689811503522,0.6097144965942707,-0.011910304112986464,12.463647034345085,-4.3716602132329365,-28.836691793549605,1021.0984413907867,2618.468465920799,0.0,7.453372315037247,3.586811876177498,7.19480336831439,6.817265052008126,1.5303266015948054,1.5302802528310435,1.4036195140391508,0.60983081481774,31.717640265519027,13.208100181960418,31.41492147042405,29.166182585592768
208,331740522303370.0,-2.520965739013292,-1.3685882599299957,6.889738008862135,1.7089414235116958,0.7971088910879527,-0.27672119870971307,12.307349037842304,-5.830140467119416,-28.718542886998108,1021.109058572025,2667.4167923404566,0.0,7.46302833394438,2.8685017138738207,7.336467684658497,7.0243521876382164,1.9058955887091473,1.8856997038886247,1.7312005692032109,0.8437755661707715,31.78389661067332,13.61842054739173,31.244608269133852,29.304355366032077
209,331740555636703.3,-2.648262566744719,-1.2596285251846717,6.036850896965359,1.7652378570628333,1.0670481902961413,-0.5613785346309939,12.397160072978506,-8.704634757903555,-29.384600264729254,1021.1187603572506,2694.3989979038174,0.0,6.711447488885814,2.9325686085546643,6.592181988887503,6.166865717173544,2.137709613480394,2.0626818786284167,1.852352707005938,1.205710454279431,33.05926461465049,15.14794521192743,31.89269995771727,30.64678448037297
210,331740588970036.6,-3.4925198526669523,-0.810262102220493,6.100085300517383,2.2064117016182268,1.3410002681635596,-0.7659365551913222,14.13549308008518,-11.288673301932235,-26.647099467762306,1021.1262975734145,2681.081046703544,0.0,7.075680904984044,3.585278175479214,7.02913476858006,6.153662758705829,2.693175286317422,2.5819632677969255,2.3355751761859835,1.5443252655425566,32.20736281628336,18.08995051222898,30.16421844938062,28.939627761299484
211,331740622303369.94,-4.106113896951648,1.0128150645578946,6.674912332240637,2.756936463102265,1.302363580236218,-1.0498963685884009,17.121021420227233,-13.908225294128027,-25.86039062461637,1021.1187158999882,2609.9625937654505,0.0,7.901925102962759,4.229180262147129,7.836748431450227,6.7513146125842445,3.2247685097513026,3.0490735571167393,2.950081532154313,1.6728518403913752,33.9901148653818,22.058288811784617,31.014338260385728,29.36321736611928
212,331740655636703.25,-5.187694116354694,0.9544905204941243,5.969987422988714,1.6596911766711764,1.6839397485300283,-0.8760461548733659,18.741143135125057,-14.717983293029206,-23.65693623221577,1021.1206824899789,2483.4693665337604,1.0,7.9664278211264605,5.274772260351555,7.909040401686196,6.045808629485106,2.5214449714534597,2.364366274205316,1.876707667003192,1.8981859608973468,33.578268420516494,23.82959248969927,30.1808064489067,27.861616322622243
213,331740688970036.56,-6.872756278794737,-1.891034367206668,7.305947374975198,0.3408884617797755,2.0065494554494614,-0.4417882739623047,19.983651718277425,-16.461998279166508,-21.280596403001343,1021.1186641838574,2324.3796436614,1.0,10.207235516611547,7.128168758220389,10.030535674310693,7.546713060920212,2.082695978665562,2.0352998944969047,0.5580159696506668,2.05460886695622,33.51428809639445,25.890996955325868,29.192638100467146,26.904668193655812
214,331740722303369.9,-5.832735308828361,-4.486878183121494,7.1160255317193,-1.3211821710571612,2.497959109663986,-0.44124409758682553,23.585264312560938,-12.942486093257706,-21.20760787324304,1021.1087280559617,2156.3907024842874,1.0,10.23673270048142,7.358863839820975,9.201011930811417,8.41248448428005,2.8600731452758024,2.8258312127005407,1.3929173280473346,2.5366308496130268,34.256901066394924,26.903022859290918,31.717933797752348,24.844930629394185
215,331740755636703.2,-9.725542538388371,-9.890215746528732,5.3741875680828075,-2.6541911707048156,2.5700898609318474,-1.0082471051968949,26.366864788035112,-12.268912384975112,-20.666733072858936,1021.1078912032252,2003.199819205218,1.0,14.87563232927671,13.870924452929827,11.11161867969458,11.25603213969384,3.8297068933601173,3.694603180845283,2.839241623353905,2.7607832436471,35.677046202923286,29.08157096617584,33.501125572961385,24.034143775366683
216,331740788970036.5,-11.515386371457735,-9.424609922857481,12.36248897567013,-3.7219248685573794,2.479934053064754,-2.075273044820804,28.346478372856247,-6.015048680283422,-19.1581037608792,1021.1079922694136,1882.589692891233,1.0,19.34576256329907,14.880436669734468,16.894829296489505,15.545237401583458,4.930472172652013,4.472448729134415,4.2613944827656685,3.233702385518802,34.73811431960002,28.977640462414918,34.21338591626705,20.080183025530246
217,331740822303369.8,-15.776966782535144,-10.85967783552707,14.505603405617766,-4.9257015975102645,2.1986967328834797,-2.8559118874822707,30.401423055840787,-1.099892937885815,-18.0938101410188,1021.111524663432,1789.0926674839427,1.0,24.026190162190197,19.153205568485273,21.43187371692655,18.12029615796904,6.103526542906994,5.394145303095539,5.6937482326476045,3.604233626203362,35.395511773588666,30.421313060008092,35.37841841065599,18.127209655488787
218,331740855636703.1,-18.712463061811206,-8.53563950818148,13.517352613514058,-3.9883727933618207,1.6967716057041229,-3.7848975253028363,32.15835784295638,7.136484333339043,-14.452892936537676,1021.1093836919646,1711.5287338989378,1.0,24.611628091846192,20.567289944309078,23.08408749588608,15.986743367293538,5.754268041879528,4.334299415217242,5.498414936676961,4.147828728258591,35.971870983181404,32.94069501081645,35.25685881343735,16.11879408873425
219,331740888970036.44,-21.122090023422864,-6.747902752605755,9.596288085238623,-4.6164678922823,1.7515268763166159,-3.4756911459180295,33.923297254044165,12.770535556444441,-9.375662005319912,1021.1066536793097,1638.71788305181,1.0,24.161242176905905,22.17378809577209,23.19981534349945,11.731280261485406,6.038215890538016,4.937572500625466,5.778598856322038,3.892078537269312,37.44034872998182,36.24743680571982,35.19507259012602,15.842651812004553
220,331740922303369.75,-17.763251762962916,-5.381212635447072,6.440444502870087,-2.635294918651582,2.0734891438814613,-3.057065118057114,34.045363204461985,17.666595471707783,-4.149454615519647,1021.095803667675,1559.7699184777316,1.0,19.646116359648534,18.560456961570218,18.894772784793012,8.392661962836629,4.5375966848218985,3.3532277790309926,4.036140042703226,3.69391450440259,38.57996014631116,38.356164449599234,34.29729915503539,18.14735708490973
221,331740955636703.06,-13.508174601909484,-2.6933123455429038,1.2251499646931212,-0.42904490188289596,2.745777263461565,-1.7045383774041567,32.778090177583465,21.23186500707137,-1.4910639355331425,1021.0687838736401,1470.304413126295,1.0,13.828438266930718,13.774059404051016,13.563619484181205,2.9588720531042525,3.2601876308608038,2.7790955918021574,1.7577060641288405,3.2318328949043877,39.082202586703616,39.05374869802252,32.81198664131206,21.284157567034438
222,331740988970036.4,-10.433650419791595,3.802878928552118,1.1244523545892702,2.8886408590248083,3.3241917470150484,1.3794056170177367,34.14674773974304,20.35847687145141,2.168022975896914,1021.0798962188334,1372.365247169392,1.0,11.161870019194113,11.10508663755682,10.494067570782965,3.9656375581950325,4.614895084355724,4.403918344310046,3.2010944798127507,3.5990291228584192,39.81417191592819,39.755099820363526,34.21550386631276,20.473590406898317
223,331741022303369.7,-15.182715703841088,6.16929320548345,13.841980963465561,4.776077157066555,4.294584471037515,2.984483142785456,37.53203292677358,14.154737828380537,2.2355773694698,1021.0877691709978,1268.269020024303,1.0,21.451700906730686,16.388259053324948,20.54544458357146,15.154557586685506,7.082478974109282,6.422956390100241,5.631878251509304,5.229779671118767,40.17471723337314,40.112468119109835,37.59855451731225,14.330192223591157
224,331741055636703.0,-14.460049300658238,-0.07055198479890018,20.423568989307203,1.6902750944372715,5.1232882849122205,3.2943364386491223,38.99953239393344,10.480667206717177,7.088912108683979,1021.0799397508797,1160.3323499640965,1.0,25.024391573443232,14.460221414626604,25.024292118628605,20.423690847727546,6.321215493574405,5.394915453016268,3.7026588373608376,6.091037302572542,41.00073885831897,40.38326277114593,39.63856962391693,12.65294669168424
225,331741088970036.3,-14.534613678292109,-7.641755637790139,10.027553521670997,-3.6368893900609436,5.058740521936183,4.631539405676838,40.412484346949626,4.303238684739809,15.729871362822017,1021.0810997695249,1051.4192373138503,1.0,19.24066666295297,16.421066469778797,17.658052678797073,12.60746837623136,7.763309691758689,6.230394859382271,5.8888132677030285,6.858718024136619,43.578843575308625,40.64094922944455,43.36585920033612,16.307872830898866
226,331741122303369.6,-17.140410927243888,-9.856051814524925,5.263307938734847,-3.674206314930831,4.535706810497493,5.378228504076697,41.121997540989845,-0.8336092789383653,20.103824844099496,1021.0588488935216,946.3733385774619,1.0,20.460641597548477,19.772087500448247,17.930312245265863,11.173368687578037,7.937113465078725,5.837159267612195,6.513457905501552,7.035479949005357,45.7807531562483,41.13044597607844,45.77316304477337,20.121100312660943
227,331741155636702.94,-15.038333539256257,-8.894514173336479,4.864340092780065,-2.8411650400514805,3.748718033340688,5.240805244795765,37.53703571747403,-9.506729997890366,23.85735866663287,1021.0578794456101,850.4856987052102,1.0,18.13630785346981,17.47180179654071,15.805482598647446,10.137760448832427,7.04209807459277,4.703733164020298,5.961397352860278,6.443518177779316,45.48165045659702,38.72217666541629,44.476989702578614,25.68173432229901
228,331741188970036.25,-12.892450077375035,-5.543864422758425,2.479140511072048,-4.253945249322536,3.5084879771635418,5.324518123268904,33.05716855201634,-16.287115489013708,24.70694046833811,1021.0592071330533,769.0473626473731,1.0,14.251169755819088,14.033876931751045,13.128648318514976,6.07293754385513,7.665248287900002,5.514121695259807,6.815170095401346,6.376517947196583,44.367549300529234,36.851682778794355,41.26995638454712,29.5922800449454
229,331741222303369.56,-11.309008290008512,-5.037740968737295,-0.22674783005896018,-5.346441786085282,3.5346260766125868,5.057483589634232,26.814162006051106,-23.09345419735696,22.339320340167706,1021.0488411288368,707.2697986980075,1.0,12.382403528798918,12.380327240084386,11.311281230785383,5.042841326725503,8.164322478496793,6.409213779666619,7.359523084508828,6.1702286635820265,41.84915941942931,35.38794866691454,34.900494514367345,32.13024836545859
230,331741255636702.9,-12.505228221211624,-0.8929678531650769,2.9283724772432516,-3.4738204967902404,3.052896733711133,4.232552479635478,22.11031494309769,-26.694369610624843,21.389344711089276,1021.0402251413361,668.4773855644283,1.0,12.87452872212609,12.537070010627438,12.843523590902281,3.061495868405186,6.269139319196259,4.624673751803915,5.475575708250998,5.218685558603099,40.7303260846439,34.66201661461174,30.763128807921536,34.20662854007179
231,331741288970036.2,-9.437439681326639,2.792382267283667,3.642579502139029,-1.000877120195671,1.8604147371229107,3.6759673445374985,17.416334369690333,-30.74939533373911,19.851080205947024,1021.0375373871954,654.0752915604296,1.0,10.494334275918712,9.841883278383204,10.116009745353256,4.589747722483632,4.239768144833082,2.1125572190677553,3.8097888298221,4.119936760705214,40.53294217806518,35.339128685742004,26.408220088067246,36.60041937920272
232,331741322303369.5,5.121293176549311,8.435913687922904,5.863458739131424,1.5014256180024848,3.7627747385854615,2.172352714259184,11.032527794622968,-31.53759408445574,21.68895359108486,1021.0526694356782,665.3826836085339,1.0,11.479217392128794,9.868752887282948,7.78510065353475,10.273499313066687,4.596941258584916,4.051265557789446,2.640718690346131,4.344834870105668,39.83399575803636,33.41162238166572,24.333667570166263,38.27571747873749
233,331741355636702.8,-6.424271650098214,16.71588477747884,7.109539995303001,0.6776291404704252,2.742840505522288,2.966927649262298,8.312140258294828,-31.456390748482917,26.44052725394212,1021.0870394531659,703.7187286312649,1.0,19.267527840203513,17.907877320559365,9.58210964136127,18.164976268598917,4.096951911690636,2.82530622955255,3.043327279142319,4.040523940615977,41.92490520038493,32.5360752795233,27.71629768096781,41.09265141588819
234,331741388970036.1,-8.3327521325922,10.040746964288285,5.340590926703336,-0.6671612987214934,1.0716741519820434,4.2058304980117756,1.8581939775171508,-31.8016445374254,24.376121428836086,1021.0998036112497,768.6256318873344,1.0,14.098697427438829,13.048040377929716,9.897306176410117,11.372709046100248,4.391195721502762,1.2623746221063625,4.258416886181733,4.340218389209512,40.11225219376496,31.855886114544667,24.446843983865133,40.06918880134861
235,331741422303369.44,-12.201640955940977,8.78601159214188,13.956192837229107,2.5336133685969484,0.35022892006556394,4.309832181671601,-3.0592666545834137,-28.468078444957044,26.433796697974397,1021.0987817257775,852.4222885077874,1.0,20.514613333545253,15.035758767516448,18.53794380527736,16.491492297763006,5.011637500074768,2.557705416576246,4.999384975745054,4.324039052855847,38.96840015553521,28.631985659609324,26.610237134112282,38.84812863212423
236,331741455636702.75,-14.272158449601323,10.825017329498145,7.667794495141861,1.3331080625475107,-2.678194276199087,4.494129649317913,-6.78056647863211,-27.68652887344444,29.447828294619452,1021.0798511602387,945.5924328566379,1.0,19.485137397878145,17.9129982692586,16.201530150891745,13.265597333089188,5.398805700557586,2.9916386291620736,4.6876836936068464,5.23162746054647,40.98407683601781,28.50473579655181,30.21838303153462,40.419283421771134
237,331741488970036.06,-17.416548241257978,12.782912528111863,7.192341452034148,0.13410253542457226,-4.970593130812135,5.628654171193044,-9.021217798524395,-25.062658431063273,31.23662288970406,1021.0675197618094,1038.619799018055,1.0,22.769909549756104,21.604143244790468,18.84319315303845,14.667400187627251,7.510427906649057,4.972401790089381,5.630251439225086,7.50923057649488,41.05174573333202,26.636801951446053,32.51321239314868,40.04826409703335
238,331741522303369.4,-19.043024755105836,6.572024822508469,4.166304222980381,-3.1208328488569204,-7.022896947629968,6.011195297643616,-8.73072570079854,-22.741174251758103,32.854005234014075,1021.0661908730139,1122.1634666420182,1.0,20.57149467028746,20.145180616992274,19.49345743325175,7.781362422229903,9.756800096032892,7.685094612790055,6.7730396851721695,9.24421713523882,40.89953835348309,24.359527450494802,33.994282330698034,39.95681001112889
239,331741555636702.7,-16.737235676000527,4.316295596091092,1.5668398322841135,-5.097573698304276,-8.475856615415116,4.795437048397008,-8.72862932978883,-25.525205538933406,31.997269368449928,1021.0608428467933,1191.1251764987414,1.0,17.355703754295078,17.28483340234496,16.81041478173626,4.591883571353641,10.991888803106514,9.890672523884295,6.998676595955992,9.738396266850861,41.851527269847516,26.976380183072123,33.16646223241173,40.93117839547184
240,331741588970036.0,-13.314147862857741,1.3364152226915968,1.1800776888572058,-5.406824819927926,-8.715425680792048,2.1753500966787382,-6.195186374081584,-26.879449775426206,27.762147370188533,1021.078868378813,1244.7692155252346,1.0,13.432986351263063,13.381051489381587,13.366342680994599,1.7828597811326596,10.484490806611372,10.256334600177501,5.8280273400618885,8.982805399235238,39.135942317048304,27.584146795564767,28.44498480951734,38.642484998169124
241,331741622303369.3,-12.887861700408191,0.5665020119665446,1.5894687435787984,-4.9761061192236244,-8.903535945682917,-0.09305749475900393,-0.8479698263657481,-31.26259165971626,23.45686653196289,1021.0790621318876,1282.559199069983,1.0,12.99785807836139,12.900306342812579,12.985506924862898,1.6874049355078073,10.200159025386489,10.19973452820428,4.976976171040567,8.904022239044476,39.09339173833486,31.274089756675373,23.47218865646635,39.08419405310133
242,331741655636702.6,-11.709271125039105,1.1504164288571361,0.8626848270340571,-3.5671051747761187,-8.414863808271894,-1.6136722348003054,-1.159571850011811,-30.968384492077856,13.323767893567005,1021.078421090313,1303.958742481471,1.0,11.79723329218566,11.76564865357873,11.741007426557115,1.4379440429235024,9.28106191774649,9.139703071745751,3.915121634033862,8.568189481630853,33.73289545541792,30.990086236157975,13.374131663662759,33.71295936180648
243,331741688970035.94,-7.7572169888053955,2.027673008301715,-1.2791479954804559,-2.6751566934937236,-7.042562752723441,-2.8072814101731915,5.778271994847164,-31.28734373856769,8.536866793510834,1021.0839327736974,1309.8893289327932,1.0,8.119242134235684,8.01784716990829,7.861973989129748,2.3974314219466204,8.039588445728787,7.533535256490929,3.8777947664424244,7.581458899311633,32.94183358758091,31.816447090486484,10.30856546259386,32.431095770347305
244,331741722303369.25,-5.143454461819545,0.6858723940679644,-1.6830040834541622,-1.5175910382057343,-5.860799361735816,-3.1610731345845733,9.776751086709885,-31.06530707827829,4.371338869945589,1021.0997137234392,1307.1597053696978,1.0,5.45509371933052,5.188983016136775,5.4118043706082695,1.8173947523496115,6.829673131267531,6.0540937982298635,3.5064891161152487,6.65893028351516,32.85950044043743,32.56744026906644,10.709503505176142,31.371354886004276
245,331741755636702.56,-4.990489683143073,-0.3168931819650224,-1.5875866791438262,-0.5430665395642927,-4.913939977599315,-2.762776876101505,12.922748051875882,-31.83401044716209,3.5148711437821563,1021.1162654540753,1304.0645159885655,1.0,5.246507412567744,5.000540827383911,5.236928368934635,1.6189048003421447,5.663449782329167,4.943857539396043,2.8156451007745145,5.637352407874635,34.53629912888292,34.35697364964334,13.39222671439124,32.027465405608005
246,331741788970035.9,-6.9287586263210015,0.05359141490421546,0.8136455654706424,0.007386044622902114,-3.740783355997888,-1.8199514068045117,13.71845722175942,-28.800204485730976,-0.42842808152037204,1021.1116980686134,1308.8984050328406,1.0,6.9765741770427105,6.928965878222314,6.976368339474897,0.8154085760902182,4.160016561661229,3.7407906477329087,1.8199663944108675,4.160010004752458,31.90346999287377,31.900593207104503,13.725145506196954,28.803390929558173
247,331741822303369.2,-13.318422239277732,0.9318609271939864,2.372512353948569,0.5053610467357932,-3.2318058230741156,-0.7157686749467959,17.006842749743118,-29.70050027282114,-1.9207206846808624,1021.107799060822,1329.5962836777933,1.0,13.560145670344292,13.35098257550052,13.5280887716383,2.5489565820683207,3.348474796328733,3.2710791286078145,0.8761932341629833,3.310119888174876,34.278879572105325,34.22502617632803,17.114960364051417,29.76254163213232
248,331741855636702.5,-11.89226148027979,17.969724407091547,0.8462246578879585,-3.2589230633563013,-3.3198444125147577,-0.7496856038847534,14.631942349137509,-28.484374268253656,-4.949848774643705,1021.0885851463609,1365.5919586492396,1.0,21.56508693591996,21.548477402873925,11.922331117988799,17.989638446573608,4.712109396104161,4.652090546859667,3.3440406752232645,3.4034387651282203,32.40299858430198,32.022699985517065,15.446512221220862,28.91125352429038
249,331741888970035.8,-25.2743654941976,22.98371776529853,3.9085945058298384,-2.5774488309414423,-0.23112386232574367,2.4143669802007763,13.96293831605438,-28.504573114802916,-7.467387086229133,1021.0683187750869,1407.6899356834854,1.0,34.38490867314015,34.16203789953383,25.574805222040098,23.313695402614798,3.5391847410020283,2.5877907017102015,3.5316299906990856,2.4254043281111266,32.60730293616242,31.740736205625176,15.83431451984964,29.466464978899772
250,331741922303369.1,-5.905943793003979,20.857330218388366,-1.3058477561037196,-4.474074474099441,-1.8214656793542432,0.8525190406888552,10.084843911678666,-26.980620134857272,-15.584093165355087,1021.07891902692,1446.309346340061,1.0,21.71666720026671,21.677370595277896,6.048587475456013,20.898168871961428,4.905289831966166,4.830639669945752,4.554572550144002,2.0111006776893245,32.74938013720038,28.803783424827856,18.562543912658885,31.157949589918985
251,331741955636702.44,-0.05958578888767537,14.692446727426193,0.8364556861244594,-4.240287674439915,-0.9145048231836783,2.4282653436259722,9.70182480858889,-26.779976914843765,-19.83797471313656,1021.099184466057,1471.869322178496,1.0,14.71635822543553,14.692567553171026,0.8385753282128606,14.716237595020901,4.9712001782958035,4.337782686307979,4.886359804707593,2.5947623495575027,34.71077367180342,28.483197997698852,22.083266183596947,33.32735219423545
252,331741988970035.75,1.0457577032353313,8.31154211826427,1.3698796767461345,-5.622822503355265,-0.16439150121210275,3.1899213271807754,5.642051445210207,-22.031815653427014,-24.63642405666808,1021.1272669708826,1478.418343109385,1.0,8.488339760301718,8.377072373899903,1.7234208721720092,8.423675130989027,6.466742266668117,5.62522510393221,6.464652425137885,3.194154448249728,33.528898517502235,22.742771280057102,25.274218777449327,33.05078352001001
253,331742022303369.06,-2.478315979643533,4.7241068394429035,4.423928253291161,-4.732377203700889,0.4712513494870373,2.6410195076405913,2.627441563890193,-20.12273435859077,-30.014109570836787,1021.1378195938224,1474.8883598532177,1.0,6.930395134167711,5.334719816956436,5.070817615062118,6.472119175412254,5.439894840182055,4.755782988373333,5.419444439963011,2.6827340297039335,36.23085233013797,20.29354299372259,30.128893482865482,36.13545642989176
254,331742055636702.4,-2.516321226629906,3.242603387405522,7.162198583012433,-3.560273929272464,0.6433914608324381,2.2977211091289047,3.355759852951348,-14.520641990988697,-30.386151239819597,1021.1492375317803,1474.0260062057446,1.0,8.254903862923378,4.104430440828788,7.5913741218631525,7.862033151196901,4.28591009222847,3.61794182144065,4.2373426515675785,2.386100347263011,33.844177567054786,14.90336096392838,30.570889934051156,33.67739940968801
255,331742088970035.7,0.38519146678943805,2.2353894002480255,8.817521225674307,-3.2036642507172752,0.6475308505324653,2.0918791459297967,1.1728367347989301,-13.233726573137213,-33.00191465260925,1021.1497764933762,1488.5779180911916,1.0,9.104615247337229,2.268333801897028,8.825930717567656,9.096463397164754,3.8805565573627647,3.2684493010776805,3.8261498915358576,2.1898069694763675,35.57574223761406,13.285596148425249,33.022748473508365,35.55640434226531
256,331742122303369.0,0.016032855770241848,-0.9224301184156413,8.342554564737588,-2.8004126671272482,0.9211129470513736,2.07408278030329,1.765963379861929,-7.393151690664162,-32.738735087422796,1021.1487361423875,1530.8926483687774,1.0,8.393411168377753,0.9225694422776225,8.342569970823625,8.393395855610782,3.604522096892047,2.948009526346958,3.484842964289406,2.2694202873809632,33.6095536076371,7.60113929488098,32.78632949543852,33.5631265981824
257,331742155636702.3,0.9213214076043729,-2.0460677538975123,8.300449237332641,-0.7192620296219804,0.8311738130942776,1.5685721832541653,2.4718340605678244,-8.617784442878383,-32.56720876732163,1021.1584764358746,1603.762451921351,1.0,8.598411709797649,2.243931012676039,8.351424469971942,8.548909333656267,1.915360662880062,1.0991759526252436,1.7256177332580553,1.7751812869823802,33.77868054292842,8.965275920288226,32.660879512304845,33.688118018052414
258,331742188970035.6,-0.8063409300905813,0.11047163439052886,9.512798307801164,-0.2919723052572,0.9867142258221389,1.2682470283969358,2.178240776001627,-9.012568922189912,-33.0700789839767,1021.1603155648713,1700.1954091989146,1.0,9.547550540450098,0.8138732564375477,9.546911403194441,9.513439736862248,1.6331880833249564,1.0290057290787968,1.3014216657466795,1.6068775586451636,34.345323633093294,9.272061877244974,33.141738893496424,34.27618010490202
259,331742222303368.94,-0.857030571191359,-0.5563685563733666,9.615578505497613,0.01586009090189035,1.0176139244097797,0.7471484006931114,3.946169390757037,-8.07998548759412,-32.03460222402146,1021.1379868011052,1812.7559343607622,1.0,9.669715474917826,1.0217863624445038,9.653696255597868,9.631661121837121,1.2625451969313268,1.0177375111668474,0.7473167167551454,1.262445575781763,33.272723934050845,8.992130912096384,32.27674073557967,33.03788590589616
260,331742255636702.25,-0.9830777442415596,-0.6326222031992849,9.18936560845467,0.43749338209291794,0.9813189729552934,0.395779370582286,5.028322307353214,-7.931282531817814,-33.698083410310026,1021.1487622977338,1934.0084415661881,1.0,9.26342771273427,1.1690392222692063,9.241800805961603,9.211115629381176,1.145001614075562,1.0744242114068034,0.5899506501001676,1.0581248682743178,34.982139633738186,9.390914110252758,34.071173310510424,34.618868671979016
261,331742288970035.56,-1.942527668818894,-0.4721772447509194,8.265741475391623,1.137826839789752,0.8926283352478326,0.18693660213316465,4.727768700987679,-9.997991061015856,-31.170504432745922,1021.158928480208,2055.009443668395,1.0,8.504048872895593,1.9990910671071331,8.49093021300589,8.279216961070043,1.4582114234398056,1.4461795401101658,1.153080747633498,0.9119926743699261,33.074340034806816,11.05945849244852,31.527006573442268,32.73469370328652
262,331742322303368.9,-2.9130358249906,-0.1667267834141614,7.6122329845756695,2.574620457845983,0.9157365317327251,-0.3668243597335639,6.9577525353360565,-12.296687361937016,-31.02358641794203,1021.1584098187798,2160.483910620924,1.0,8.152279837533063,2.9178032041222894,8.150574748392929,7.61405863070212,2.757136922316858,2.7326258246435677,2.6006211974935907,0.9864752943910047,34.08932024332128,14.128653170780181,31.794232725047678,33.371716082765936
263,331742355636702.2,-3.436640147316227,1.290961598925162,6.791251642289321,3.838122553769545,1.0619988467617396,-0.9560209263652703,9.064351669574972,-16.13718759643284,-29.591364608065884,1021.1587795916369,2233.4952507004177,1.0,7.7199855065241225,3.6711139116138995,7.611280731325254,6.9128634239942,4.095485600014488,3.9823392984874757,3.9553964086299573,1.4289218180752836,34.90301067357495,18.508681603836415,30.948527114504508,33.705454794290496
264,331742388970035.5,-5.754406680749756,1.2359931377066278,6.320199371467306,3.800998279822758,1.3941041414399553,-1.468786071222977,9.438154513120766,-17.80733516508964,-25.905127405643338,1021.1571539851914,2257.106865483006,1.0,8.63630681362184,5.885649945750706,8.547404070391966,6.439922292353659,4.306790777761816,4.048594111589306,4.074913550768187,2.0250577473738036,32.8215717508774,20.153906477290697,27.570897455762218,31.435279728108856
265,331742422303368.8,-8.837066714638587,0.940787973889396,6.504229094097526,3.9082449985299923,1.5714761252228804,-2.3182379368110584,14.019571514138535,-21.713090270424164,-21.384522778265474,1021.1570481172885,2215.2999177065703,1.0,11.01289363606554,8.887003439337027,10.97263615670719,6.5719158637584245,4.80813303812927,4.212352808191667,4.544073734019364,2.800672123583107,33.54555840921102,25.84582508900873,25.570416498254374,30.475500054072015
266,331742455636702.1,-10.16636250711297,4.148071929231645,7.259619109453586,3.9552393469841562,1.197720552531365,-3.1916414973518985,17.573537425364577,-21.967449379434807,-17.821497008516538,1021.1577545534257,2113.3896274864715,1.0,13.162959278614194,10.980046782965537,12.492277464112618,8.36113451299662,5.221592502437007,4.132608475755681,5.082370877804012,3.4089749147763917,33.30170874749949,28.131797842987574,25.028683011002663,28.287357385634216
267,331742488970035.44,-10.777717934766468,3.824608071729952,9.418852296090455,1.0493935922705713,1.0781712319992391,-3.981967360499947,19.972056448028372,-20.538343462040732,-14.223705361870605,1021.1485527899019,1978.1513357092927,1.0,14.815586703175041,11.436207010356567,14.313419663272478,10.16574667586746,4.256729281631169,1.504553128676183,4.117923138134738,4.1253505627519305,31.984689855449428,28.64797708264901,24.519315508075227,24.982740970238993
268,331742522303368.75,-10.777151407792267,0.5998134693724322,7.650451121990159,-2.3389078155266967,1.3485200063173737,-3.914983445861788,23.894182451105145,-15.490762038328915,-13.513779062509736,1021.1406137321869,1837.3033573764683,1.0,13.230123621284871,10.793830120236256,13.216519770213312,7.673928496409194,4.755637849788597,2.699814063406974,4.560436947366305,4.1407247661261,31.520118782852958,28.476229798462317,27.450941323696487,20.55689502523323
269,331742555636702.06,-13.58596332112098,-2.0359224909511973,8.365737954726185,-3.7164053762974647,1.1951112529694357,-3.653885683587428,26.931703910526664,-12.476433462126797,-16.18524312598195,1021.1495070418202,1718.5640074894318,1.0,16.08443195388484,13.73766281985424,15.955060980453533,8.609910099200059,5.347040341784606,3.903839113993669,5.211770285584147,3.844368803288693,33.80739804401251,29.68127469397422,31.420992514104693,20.435838298979153
270,331742588970035.4,-13.820937135756534,-7.06406002083418,11.923317095732155,-4.706677726190085,1.0250391157931846,-4.016204695149182,28.84508796269808,-4.796991430916585,-15.29652477603541,1021.1586783716484,1641.4569786880465,1.0,19.572550622079394,15.521573608641678,18.253322817391705,13.85880350330888,6.271636194842481,4.817003260027954,6.187302754153235,4.144949377524942,33.00051358066934,29.241241874518202,32.650004131694295,16.03105726432765
271,331742622303368.7,-16.40181485932224,-8.358132107931,14.361612050840215,-5.8095905182637955,0.5903184454174357,-4.254023463154223,29.50445925524818,1.550077196283571,-13.44234820884625,1021.149294790418,1592.1583829722767,1.0,23.34810064463381,18.40863664188934,21.800812631145718,16.616686584047553,7.224716844414548,5.8395049325178805,7.200559534853333,4.294786547905112,32.45939895664906,29.54514943707407,32.42236637434831,13.531425079506974
272,331742655636702.0,-17.5801747007518,-6.278837472504959,11.439781741042436,-5.909926408487204,-0.2263126093393047,-3.7035200321259087,30.99764500045113,8.609376538841785,-15.66815283736123,1021.1487091650556,1548.3627029769273,1.0,21.894176138822264,18.667788902681703,20.974535722910332,13.049613262040388,6.978145038564211,5.914257988190946,6.974474229796275,3.7104282806037174,35.78360481137224,32.1710329327728,34.73247772487451,17.877706165010938
273,331742688970035.3,-12.974245474461384,-4.92471129241447,6.028146550384554,-3.724524177086801,-0.11508936189645567,-2.85419788059654,27.935807124007646,13.157048825078691,-10.356116503993004,1021.1401527333701,1487.7644197621435,1.0,15.130181022649051,13.877457510121092,14.306278218477889,7.7840434316971665,4.693801385713676,3.72630190764595,4.692390210469062,2.8565173030849147,32.56940899831523,30.879074685865522,29.793597780631202,16.743867021383707
274,331742722303368.6,-10.07893515265251,-4.643904161781273,-0.6395785264143201,-2.1798772104163144,1.2980407298074363,-1.0788700742043684,29.043359000058956,15.979634544981515,-7.3260391302613765,1021.1294996390362,1389.0359364067938,1.0,11.115747404769246,11.097332097183715,10.099207617572024,4.687740026415686,2.7569430581252803,2.5370798940379142,2.432246963099379,1.6878597018866115,33.94902460359639,33.14913908682203,29.95308917865445,17.57895245824641
275,331742755636701.94,-8.814787987558146,-0.7639497302018592,-4.103154859396891,1.47634935756251,3.022144172159722,1.4388479556287657,30.65425923625696,14.443873313098804,-4.156219411221474,1021.1190950956824,1252.50106876959,1.0,9.75294756758526,8.847830607322615,9.722981387711885,4.173667331073215,3.658311941635279,3.3634748137743213,2.061526343511602,3.3471837172070567,34.14063920612365,33.886709571873354,30.93473402371288,15.029957953336464
276,331742788970035.25,-10.735413503201947,5.847259402186923,5.361880560498698,3.1793176332614745,5.075354928842205,2.2551412074638395,31.120610710012098,12.114620632522465,-1.7628765305857312,1021.1187758784438,1099.6779899047824,1.0,13.348756823998553,12.224546846455867,11.999952759481369,7.933486349740397,6.3994492053997645,5.98893047771388,3.8979125796724596,5.55381756266123,33.441952360712264,33.3954554398358,31.170501193054463,12.24221249333751
277,331742822303368.56,-18.65749434405765,3.411629047185772,14.002104186522677,1.4782713491006696,5.670101312270689,3.4249646741966475,33.831425099473094,7.0522474346575015,3.8051155413045814,1021.1287824837557,952.9713707238337,1.0,23.575415788579015,18.966847601911734,23.327259094218057,14.411735995564088,6.787173056028603,5.8596360870779085,3.7303711881080766,6.624230665587419,34.767490884784436,34.55863883518695,34.04473863233401,8.013307566935826
278,331742855636701.9,-17.753197775807145,-0.9987285971034747,11.160419651266691,-1.4917567616003256,6.1503866963424505,3.746565579955615,35.01272313895868,3.5373929374754285,10.131540380145028,1021.1388466402851,834.7858127245,1.0,20.99353369182939,17.78126795472123,20.969763900895583,11.205017876070167,7.354546103957378,6.328711934535059,4.032628408456257,7.201667179164444,36.62037739939312,35.19096376059447,36.44912745292926,10.731321412976609
279,331742888970035.2,-21.506413870964312,-3.6902858927965547,10.498027719354726,-2.8404113819918244,5.923362440962967,4.265083727072655,32.391433018073826,-2.1798963328981147,20.323994488599272,1021.1387901698241,761.2739942039863,1.0,24.21471935736856,21.82072518409458,23.931870457311653,11.127748917319865,7.83231119305786,6.569182553861588,5.12434152041886,7.299120618673919,38.30171840739211,32.46470207758799,38.239635000049056,20.440565060555354
280,331742922303368.5,-17.598434915227813,-2.5861752214772773,5.533235316645473,-3.993216359397795,5.253868822026295,4.313249547552279,29.010636057237974,-8.973451597937332,23.302348160152913,1021.1283903230856,725.2345019855471,1.0,18.628201921040716,17.787445396731155,18.447807580709476,6.107781540424949,7.883719690062685,6.5991601353522364,5.877916174327609,6.797592166239448,38.277137664708185,30.366755474137175,37.210434480431665,24.970427776822447
281,331742955636701.8,-14.0255725734818,-3.970260573801685,-0.8094395271461492,-4.818987094706394,5.095613864968139,3.9585640596272884,23.858147016561823,-14.339608215216419,25.225167784040103,1021.1253527878642,714.0138030545004,1.0,14.599138583697174,14.576681893966438,14.048910219732756,4.051933041400199,8.053455574719164,7.0134098183267675,6.236414517422623,6.452558413143457,37.56520507814053,27.83586791946283,34.7206029440281,29.01608956249751
282,331742988970035.1,-14.315557287747088,-0.8363706261814553,-2.6638392118126086,-4.678679216346673,4.495932465443865,4.352763547006278,17.68639505505331,-20.820038303521365,23.2614789225621,1021.0996984570522,714.9583643961644,1.0,14.585291756749275,14.339968489613495,14.56129183160475,2.7920521432683842,7.813449842384165,6.488716972045125,6.390351297512602,6.257791881325139,35.88006363801926,27.318172797672815,29.22165244657145,31.218110074520812
283,331743022303368.44,-12.294075378232288,0.648574079348317,3.8267771601229854,-2.631453013514616,4.02873555214605,3.3844078401816926,13.580525359363344,-23.80010370554378,21.678926521507105,1021.0774727877784,715.9284447391611,1.0,12.89221319926485,12.311171257929113,12.875888817433005,3.8813492202636777,5.882981517916234,4.811990763858623,4.28704576497831,5.261646755323741,34.94068488962192,27.402109506951277,25.581370646648608,32.19348989344807
284,331743055636701.75,-7.076909221637057,6.197753929130528,6.321931450285534,-1.1849070545338922,3.442762403069508,2.6975223821117167,7.552541968521313,-26.16997880062383,22.938118343668368,1021.06860651547,714.868770379462,1.0,11.334090839562469,9.407167368413539,9.489439466765198,8.85318987869131,4.5313623441374435,3.640963841055431,2.946291182126752,4.373698659713836,35.609913700534456,27.23800067206432,24.149496130031594,34.799785395505474
285,331743088970035.06,-7.728091127889755,7.95361363863133,3.0122030990414492,-1.7401463138350683,2.743360647976876,3.157110863183072,5.134789954574941,-29.076456265388764,22.191727096399287,1021.0815311052556,718.9306097595638,1.0,11.491593880026633,11.089786399818108,8.294381230136656,8.504900788515831,4.530064661884027,3.24871310497278,3.6049213855481423,4.182508415687489,36.936149343857316,29.526367484515756,22.77803370351941,36.57749390641912
286,331743122303368.4,-5.053919218871559,7.350039305434333,5.264061816451162,0.04489595947154041,1.38788596492513,3.297740831813571,-0.5760992597757068,-28.466292597671426,20.275621081513012,1021.0804758231563,735.6029812264868,1.0,10.357389828993018,8.919931460628433,7.297427373965322,9.040653991766785,3.5781751903202688,1.388611932403373,3.2980464279611548,3.5778935206971463,34.95371961400463,28.472121533411542,20.283803898633238,34.948971723032685
287,331743155636701.7,-7.982311346563763,17.456282277836227,11.2323812199162,-0.8199692268857708,0.8760930728679414,3.2630149840373686,-3.1781967687022834,-28.623312184064275,21.994727016166102,1021.0802687688267,772.374592341596,1.0,22.239727364932016,19.19476713578416,13.779828819800581,20.757846199281495,3.476658653278925,1.1999535846718574,3.3644637491124847,3.3785804501860808,36.23759031175582,28.799217612410793,22.223162493584404,36.09795031441632
288,331743188970035.0,-11.260834040987607,6.839776490661507,6.296834061771741,-0.9759204894083944,-1.998930007172424,3.9427926156351454,-8.272656968856323,-29.50105312033289,18.636620083617625,1021.0685859034669,833.6535656380127,1.0,14.602706767663312,13.175315014862875,12.90180229658454,9.296916781583809,4.527002936284501,2.22444194692095,4.061777247899514,4.4205581981783,35.86185433959279,30.639010893517273,20.390205037357198,34.8946377449287
289,331743222303368.3,-13.595837691818861,15.021975892039324,9.826014181719994,-0.09308262333852904,-4.447589691337837,5.047966677172842,-11.236313713038877,-26.748560937101416,20.113652307239946,1021.0589876344316,913.200463951353,1.0,22.51792878891519,20.260961533039172,16.774902600064326,17.9502176699998,6.72842373896811,4.448563637542144,5.04882480866736,6.727779844520927,35.30296400021098,29.012760262747378,23.039395716779648,33.46706621952941
290,331743255636701.6,-15.367657661400257,10.337279433041083,7.456614953189526,-2.444716117541575,-6.409937197816682,5.199177429817861,-10.963710842536557,-24.45354383502341,20.465743728451333,1021.0385532400098,1002.4770693239942,1.0,19.965604289249494,18.520913802368614,17.081159461761477,12.745997514392657,8.60786719937343,6.8603157197990186,5.745266124566816,8.253407831113245,33.71980764904821,26.798857466880282,23.217442188953516,31.88765391887676
291,331743288970034.94,-17.34920807035443,10.186951921874535,7.763931361724105,-4.7731515934700335,-7.740566224299907,5.1588318572133955,-12.58042115426863,-25.997469920944766,22.1817678223605,1021.0288205458851,1092.9451637983134,1.0,21.56496325794685,20.118871989429092,19.007199974168064,12.808302762198682,10.455280375868352,9.093917835950467,7.028265950093616,9.302145537658092,36.416565769362506,28.881402990665073,25.500937632641612,34.17454119685494
292,331743322303368.25,-17.980182802299062,5.391743585648934,3.6933520098234607,-7.745518720751282,-9.18002428939499,3.5101670857968,-12.711267821754337,-27.537980498330914,13.99881152740135,1021.0218216881311,1176.3355885752776,1.0,19.131093057270522,18.77119795051657,18.355593770634552,6.535422554192913,12.513479898797208,12.01107431528881,8.503783465241797,9.82823071178598,33.404841321918084,30.33012857807927,18.90880889469435,30.89186129235593
293,331743355636701.56,-13.849777722649659,0.4913616836747697,0.8891747328660711,-7.384445221878967,-9.206042283380704,-0.5872721649108256,-9.755394338363093,-31.198134088938833,11.605355276404856,1021.020648721371,1250.2467019349199,1.0,13.886987109396838,13.858491233571803,13.87829148967445,1.0159074809012647,11.816350297532802,11.801747572216772,7.407760783840833,9.224754908347021,34.6868211345455,32.68778501716466,15.160870350627787,33.28675174484566
294,331743388970034.9,-11.599553661762805,2.0772268132328557,0.737081661994234,-3.567218843200041,-8.84853151636871,-2.8528088217404357,-6.116841729132211,-32.19396111133888,7.865452531080165,1021.0377340886558,1317.971481385897,1.0,11.807108272654087,11.784078936672497,11.6229486159306,2.2041235469142166,9.957915366423428,9.540522012523832,4.567665535991169,9.29704405548185,33.700626526762505,32.769908220464295,9.96398997680791,33.14085809928698
295,331743422303368.2,-9.621825604246904,3.1513545118329294,0.04860562030801796,-1.072159485420944,-7.452065219017416,-3.6959461486288636,0.09861536552562195,-33.984681291688744,6.657618495316623,1021.0395918635596,1383.0373743275954,1.0,10.124866701548054,10.12475003236085,9.62194837155484,3.1517293293643234,8.387062651741175,7.528798177044407,3.848317021211043,8.318250655159028,34.63079802021834,33.984824370415346,6.658348820803828,34.63065761037236
296,331743455636701.5,-6.857685483590118,2.518663474554881,0.22589415899257181,-0.9139612528354467,-6.051693521032111,-3.8837115910725934,5.009672395092586,-31.372821681897687,2.976969687119918,1021.0386886910883,1448.9718223255866,1.0,7.309072722375011,7.305581146623416,6.861404984615731,2.528773194480641,7.248554019031532,6.120320223990454,3.9898046185641918,7.190703039003464,31.909451676710667,31.770281046762904,5.827449358354267,31.513747615956127
297,331743488970034.8,-5.554461764342508,0.23556445603379045,-0.1341187933662248,-1.0360836674181533,-5.117290254280061,-3.5947787862243596,10.541174536352784,-32.528738316555206,0.6124325633699909,1021.0588173395604,1517.2607024735114,1.0,5.561072194750163,5.559454658911195,5.5560807537577155,0.27106911236898185,6.338971796303326,5.221123338175448,3.7411099807115176,6.253726414581818,34.199565066203036,34.1940810239547,10.558950433188341,32.534503071533194
298,331743522303368.1,-6.987840863346361,-0.19368835358924752,-0.725332507792718,-0.657129996390738,-3.835313526162184,-2.7932375878262636,12.639709357949362,-30.737219750257033,-0.6882162948516537,1021.0693809161343,1581.5686963923877,1.0,7.028053952313556,6.990524666272863,7.025384486155479,0.750747910537876,4.789950511035013,3.8912015722806106,2.869494041499647,4.744660795674237,33.24172938187066,33.23460441511263,12.658431748124727,30.74492347760993
299,331743555636701.44,-9.516713038547213,2.01394880865306,0.8121302473298645,-0.41896617112268614,-2.7252182678363495,-1.464140390377383,15.112017379617503,-30.864245250746215,-3.593031721503978,1021.0685190423833,1633.687837040645,1.0,9.761320218113822,9.727477415133361,9.551302664908205,2.17153064507576,3.121867124435086,2.757235437878702,1.5229050316023123,3.0936259777295945,34.55263493761085,34.36531251392997,15.533285107587362,31.072681117823485
300,331743588970034.75,-15.929237488788372,3.245282280655874,2.095885688772635,-0.673364554853773,-2.413080217471836,-0.2542522577531861,13.165645825610085,-32.05529977593527,-5.058997268376499,1021.0593463713575,1665.4101573767118,1.0,16.391009757661724,16.25645914876176,16.066528679046474,3.863236195411942,2.518138234938649,2.505269638120285,0.7197666526771107,2.4264377895438645,35.02099266285752,34.6536646508054,14.104172551654532,32.4520522785003
301,331743622303368.06,-22.02605357512243,35.32114492875839,10.368835144718137,-3.276430053984944,-2.301783915502378,0.04917096998881382,14.130001876453795,-28.880835728800623,-8.692307623197502,1021.0402364388057,1668.9641048760259,1.0,42.89805423828522,41.62607734548762,24.344604707255066,36.81162888730539,4.004450134114656,4.004148235557874,3.276798999472721,2.3023090535275883,33.306393338799865,32.15213251749492,16.589549868663862,30.16055178888914
302,331743655636701.4,-6.945535922784674,24.02174780078709,4.304371034002187,-0.507536874740466,-1.4901498671925044,1.547649559962316,12.549651821058987,-30.23567202886388,-10.020238923064005,1021.0477028468681,1645.921463546248,1.0,25.373459493290795,25.005696084278714,8.171173676593186,24.404343412658665,2.2075686776104404,1.5742110106066334,1.628745787307789,2.148433333186159,34.235870252443085,32.73667093439452,16.05923251295329,31.852802876863265
303,331743688970034.7,-1.582728017577112,14.778799015661427,-3.4032356743154573,-3.9751660431423796,-1.4695054621611865,1.5993847182495893,9.743257929139302,-30.36714944914905,-13.60953637512987,1021.0586456376732,1606.8272259140338,1.0,15.247948759681485,14.863308121778903,3.753270711333911,15.165583186948286,4.529836956320185,4.2380881743863945,4.2848543204550795,2.171975547811688,34.674404408535594,31.891924381270712,16.737698629731597,33.27736837571349
304,331743722303368.0,-2.3158149098664,13.651122211831169,3.7067429654502444,-2.507022926937386,0.011089158485440946,3.336944970724273,6.438277674291021,-29.175953442818976,-19.56974636264215,1021.0792700727526,1562.5887355053133,1.0,14.333739210374405,13.84615962421024,4.370691262108821,14.145426153151597,4.173785890922968,2.5070474518097203,4.173771159734529,3.3369633961249763,35.71641991307304,29.87787942121754,20.601611395942303,35.13134258743445
305,331743755636701.3,-1.216418099254546,9.513729185365879,3.9713202558387004,-3.6888846157404753,-0.14608951605919762,2.4131101380550914,4.527158697243329,-27.55982804448704,-21.485584987913537,1021.0782601032639,1524.1133358460168,1.0,10.380852594036353,9.591179072704072,4.153439245568521,10.309336913056885,4.4104775697574325,3.691776246598535,4.408057423245642,2.41752821805386,35.23733318491307,27.92918344154946,21.95735703910836,34.94530703992383
306,331743788970034.6,-1.720816806624735,7.14508285648847,5.083798969877664,-3.931269682526005,0.2742625436640471,1.9934675617796043,1.0017781089389217,-24.003246984883745,-27.502205923916566,1021.0985167626917,1499.5669303611726,1.0,8.936354484585802,7.349382253499105,5.367142857060109,8.769106054337273,4.416334926097964,3.940824946582275,4.4078105944579375,2.012245726228433,36.517540386482644,24.024142548629698,27.520444946640318,36.50379701481535
307,331743822303367.94,-2.757076337770815,6.067286093506226,7.458073080618639,-3.5422351394945264,0.30286371964468267,1.7857401690481074,1.244173537621312,-21.89828920383277,-28.32365835523143,1021.1204364790386,1486.0322623804914,1.0,10.0018140628887,6.664340212860518,7.951372460660116,9.614302606861425,3.978444943379107,3.5551590985702486,3.966900267818914,1.8112411170324552,35.82335356258941,21.933605217711385,28.350971595618876,35.801741475500464
308,331743855636701.25,-0.6967535025064662,3.8506955779613703,5.899042381784144,-3.611121615108064,0.05903154974939151,1.8518300035483086,1.7089155726379373,-18.97558174491407,-30.027694014652774,1021.1188036539298,1477.7916217492248,1.0,7.078984595227753,3.913223974855807,5.940047682076347,7.044611945041175,4.058689247159508,3.6116040817019917,4.058259932673411,1.8527706511890627,35.561995203165054,19.05237767293942,30.076283019549116,35.52091088915837
309,331743888970034.56,4.92855808293099,1.4535158968472197,5.084983606410384,-2.516516745052041,0.13636015381054242,1.6428251894366146,-1.5575030583616618,-15.840511549782033,-32.7606867844845,1021.1179308995384,1469.1272981886966,1.0,7.22913905777682,5.1384232249992765,7.0815071174352955,5.2886450759953565,3.0083758446580444,2.520208447663517,3.005283868651141,1.6484746569464401,36.42266081063657,15.916897371522627,32.79768916201114,36.3893446595274
310,331743922303367.9,1.0143068713123122,1.6600837337698362,6.774563071227514,-1.6129332078974874,0.5924933349492401,1.2821732345058143,-1.6722997656131724,-13.58387863000033,-34.339407775155955,1021.1189280722983,1454.8915717232044,1.0,7.048361599574623,1.9454296266682514,6.850074688295811,6.974996975566855,2.1439613075755015,1.7183136748270822,2.0604663880834315,1.4124505496626685,36.966380286539966,13.686429232661437,34.38010344449986,36.92853483396032
311,331743955636701.2,1.0090606166434206,1.8676731698758757,7.684277960851556,-1.0677818867600737,0.7591715195244375,0.8581083463430677,-1.744546810420865,-11.97750972941466,-31.972267693985085,1021.1234596063697,1442.429746374159,1.0,7.972109769512959,2.1228298088954287,7.750247164296746,7.90799158124888,1.566157555233055,1.3101524925557124,1.3698569603270763,1.145727424006547,34.186694551942495,12.103891229351511,32.01982737413792,34.14215342965445
312,331743988970034.5,1.2856019449712999,2.2255267262300027,8.733423630877281,-0.8227863282073087,0.8214320474609037,0.7525706034013772,-1.3331561671953305,-11.938482514891852,-34.447710536626374,1021.128440341485,1451.2468224471168,1.0,9.103759107448074,2.570163724372053,8.827539899500863,9.012527809972614,1.384951430045325,1.1626383575646717,1.115051503289771,1.1140525668475996,36.482179640746644,12.012687880924462,34.473498032275906,36.45781296201924
313,331744022303367.8,0.1890897405309526,1.2889441938096016,8.431613221385659,-0.5468019358171443,0.8666190497506034,0.8141221576094658,-0.4277193091976539,-12.196558160421437,-34.18864630834509,1021.1188426722404,1501.3511097235692,1.0,8.531660657795467,1.3027402138298896,8.433733244834075,8.52956497424112,1.3087458966180971,1.024705291488248,0.9807075224163768,1.1890430879078062,36.30154970748662,12.204055668834163,34.191321708945075,36.29902984044699
314,331744055636701.1,-1.4198650365889982,-1.1893272743152314,8.437398633020521,0.482132483028316,0.8978811983304855,0.5249182387006912,1.2174555854249287,-10.561958504015886,-33.77862361161042,1021.1218931635703,1612.7509164126432,1.0,8.638299125409732,1.8521652430487878,8.55603368475279,8.520809530668236,1.1463775707972805,1.0191380561564944,0.7127347953563691,1.0400624037220192,35.41232241237336,10.631893789115646,33.80055637407951,35.391388508158286
315,331744088970034.44,-1.9789247550152516,0.9518699525775827,8.621389724038146,2.6374750656744217,0.8179441676114544,0.19487590496958618,2.4884441900418945,-15.915550526743928,-33.999673500161386,1021.1177418458389,1793.105677440503,1.0,8.896660068047039,2.1959507263671063,8.84559234646062,8.673777561153535,2.768263716072153,2.7613959121038567,2.644664693376461,0.8408384385048712,37.62279762556034,16.10891377642491,34.090616782401135,37.54041218056769
316,331744122303367.75,-2.622784000985675,2.5104003909689405,8.323370028883636,3.7174272483006843,0.7256014402742834,-0.27547043173127206,2.4193032542267945,-18.00224999560038,-32.69584524406413,1021.1296855276169,2001.422931575007,1.0,9.08072655003562,3.630579297963816,8.72682557139449,8.693710298870982,3.7975843315579874,3.787580071303643,3.7276197908540256,0.7761323398018716,37.40257115979859,18.164086355773755,32.78523027919285,37.324245486384385
317,331744155636701.06,-2.9175855898691467,3.780855904692864,7.451854246685679,4.028492106999685,0.8648705397447051,-0.5880752705256693,2.5692182933393206,-22.03491836924216,-29.045420405845444,1021.1187791227172,2184.7303526897635,1.0,8.85083661356995,4.775686028861507,8.002651897218788,8.356135655067975,4.162040632968507,4.12028514870962,4.071189160425071,1.045864988572682,36.5482551803817,22.184195053641115,29.158829352207064,36.45783967943614
318,331744188970034.4,-3.04999371900916,4.154883091702668,6.623389769230784,3.7981484418018776,1.0077378820827052,-1.0185965290278192,4.719234233353184,-24.734315040940185,-27.59314175392767,1021.1195384005523,2290.055614658384,1.0,8.392544740831774,5.154174540284026,7.291896442020165,7.8187176404361685,4.059434211056276,3.9295632359012327,3.932361946071286,1.4328553757906124,37.35557500756854,25.18049865061716,27.99379651997205,37.056278987464815
319,331744222303367.7,-4.572864090752833,5.865281174636109,5.578814118583341,3.596189846618396,1.296060463110068,-1.5508118331494258,7.045378069208133,-27.31062507506925,-21.227504453951838,1021.1088406142306,2266.830259719547,1.0,9.297084285932998,7.437244735117802,7.2134771755514375,8.094732251732946,4.125211688967562,3.8226109057760937,3.916324648794776,2.0210863578465337,35.30034758287268,28.204744177692522,22.36614176563817,34.5901313575642
320,331744255636701.0,-7.1394265834364345,6.891088165753986,5.249004271561012,2.9764766144721406,1.264053829712149,-1.757724296682924,10.558125389071924,-29.076312538869075,-18.249041106819085,1021.1190810832795,2118.899891134457,1.0,11.225442258162447,9.922626066141637,8.861346273741061,8.662513604668128,3.6806031875304037,3.233766398630162,3.4567336807525417,2.165046601706169,35.915643721193874,30.93389666028773,21.083204525160255,34.32869721058997
321,331744288970034.3,-7.460804641573755,5.664341778095033,4.702053108233608,0.12854007942916817,1.3617058801147872,-2.0522086903686443,12.070175431661834,-28.737597114707874,-17.555164556062053,1021.1372935093564,1904.0425044364847,1.0,10.481301308112968,9.367410190591702,8.818895017652599,7.3616622587376375,2.4662372077282897,1.3677592828998983,2.056230303454417,2.4628851805887693,35.77320820766257,31.169514318936045,21.30429387568408,33.67541076984338
322,331744322303367.6,-9.289734679073689,-1.7021775445376284,4.536239924415162,-1.1497735898061197,1.7138278571618835,-2.325206099787737,15.706383916871909,-26.971603546835297,-17.839829762007206,1021.1184691668562,1682.3436273866141,1.0,10.477311270195734,9.444394040948973,10.338116030469111,4.845088342330429,3.108981929553442,2.063779356375033,2.5939473229627756,2.88856181004911,35.95020750384104,31.211502585294273,23.76867732293008,32.33770127614294
323,331744355636700.94,-11.830840767144498,-1.5832576545274901,11.115659170393462,-1.5908988567838018,1.5366177935156875,-2.7919726856799696,19.243376501145487,-25.502439245725792,-16.688114998642476,1021.0988325472574,1513.8887752088572,1.0,16.310529631207576,11.93631006878374,16.233504613911332,11.227848573657027,3.5619187095508016,2.2118212893145386,3.2134203973490663,3.1868959382025706,36.04407203486711,31.9481133503494,25.47156692024961,30.477329110173862
324,331744388970034.25,-14.287763590226499,-3.0067710431670194,15.443393774192923,-3.204826744182184,0.767090935072257,-3.4991881384295405,21.24372194471944,-20.42665700219121,-19.471778361362112,1021.098792024761,1441.5821331407953,1.0,21.25274739371384,14.600714383763203,21.038978104342014,15.733374824582565,4.806626737226576,3.2953517206658547,4.745021821693908,3.5822822516931887,35.32271494242382,29.471071211439217,28.817457809781974,28.22053275257533
325,331744422303367.56,-16.112085851272838,-0.6129119190977566,14.266618005907409,-4.7070442181887895,0.4137385978437608,-3.0233845392390037,25.304838499015364,-16.788920760393488,-21.159416755759214,1021.0987537864595,1441.450116489831,1.0,21.52931398874195,16.1237393770601,21.520587812726397,14.279777671485421,5.609661217171647,4.725192578015232,5.594382838534914,3.0515625013188186,37.01247937120567,30.36779069606516,32.98569036575032,27.010901090905413
326,331744455636700.9,-14.052540984117554,-0.8381050310425519,9.314837972630945,-4.519617704881289,0.4249943742824376,-2.6723383989954415,25.043807473216354,-10.149094415791778,-23.50568312815025,1021.0987550464213,1473.2492343187191,1.0,16.880240952359944,14.077511433252768,16.859422130270982,9.352466332440134,5.267727872165916,4.539555530715329,5.250555848386142,2.7059217906135498,35.8149905701117,27.02214666188057,34.346898434597186,25.603149352797658
327,331744488970034.2,-12.825120370767682,0.07199554440746356,6.317705750550861,-2.9369046652814643,1.3191281102763588,-1.8751468007675998,28.522797231415748,-6.027251087047465,-23.342437841929346,1021.0990053240375,1496.7359956902146,1.0,14.296933301713276,12.825322447529134,14.296752025380576,6.318115961974578,3.7258131338947034,3.219550897916246,3.4844776563182314,2.2926566458478344,37.34631336524541,29.15266227243702,36.85674112436954,24.108031028490277
328,331744522303367.5,-13.97344148526354,-0.881910270018176,1.6511984235558246,-0.17243612461054836,2.617281337619009,-0.14096344063617094,28.856573036352593,-4.6335061713151235,-21.02948995295403,1021.114101508608,1473.0277383595085,1.0,14.09827255022405,14.001243968535356,14.070661788844097,1.8719567191355606,2.626740662668365,2.622955550008321,0.2227215945226054,2.621074644462598,36.00570280557458,29.226207192209646,35.70631953987621,21.533899487111242
329,331744555636700.8,-14.08926303086905,7.532738274856632,8.614825174329587,2.1217586883135575,3.871268342719537,1.0582960424050725,32.4899337600336,-8.092206358776592,-16.712508030599718,1021.1393345058193,1393.219738251853,1.0,18.151162261815806,15.976528993198222,16.514313353490543,11.44366019688425,4.539666180034252,4.414587014973942,2.371044167619892,4.0133164707898015,37.421752018809265,33.482526778670625,36.53633424967851,18.56856829230203
330,331744588970034.1,-16.499022521618336,4.711721403952176,14.151544486649643,0.7317567271313916,4.9938635514765,0.8313939854174957,33.691786908123525,-7.623170287789819,-10.53748854737554,1021.1384494622816,1277.6691191496193,1.0,22.241498917900163,17.158614826300234,21.736696058198287,14.915311929225114,5.1152084060628376,5.047191404976388,1.1075576132601106,5.062597073612897,36.11492621043432,34.54343975777522,35.301206352594726,13.00582139361879
331,331744622303367.44,-19.642398378527922,2.1061904481966853,12.18681441839745,-0.9190388078962364,5.185009628587159,2.0335249318083615,36.29563061078532,-10.512140161256355,-2.762771660744902,1021.138800257162,1147.9505892210939,1.0,23.21159834938842,19.754995628065103,23.115844343853336,12.36747685959165,5.64483665195434,5.265829201461141,2.231559091466219,5.569519593001514,37.88813533883516,37.78727156337799,36.400627861123375,10.869130508891404
332,331744655636700.75,-18.547173544027466,-0.4520834170579207,12.26348047166809,-1.6675809334706602,5.57094386174779,2.415602852601432,34.093942874311786,-12.116707621241877,4.4329033028647,1021.1385621242364,1025.6388489403957,1.0,22.23949143229754,18.55268244454831,22.23489599146479,12.271810489693987,6.296934081115701,5.815173400718182,2.9352961198439678,6.072112700884393,36.45356191084824,36.18302840138587,34.38091872549924,12.902140724360812
333,331744688970034.06,-17.438941884560215,-1.1964527152081288,11.873472040914457,-1.1930580443708632,5.391209468967202,3.1528411717678084,33.7312374668914,-16.570283548709853,8.592425114208389,1021.1287994340253,927.9116319686283,1.0,21.131198060194667,17.47993687496604,21.097299172155804,11.933601191849267,6.3583751454214985,5.521641697495379,3.371022834635244,6.245442097456019,38.55127037174964,37.58152043135645,34.80842068223,18.66558507596061
334,331744722303367.4,-14.188771869755945,2.0030962641767824,7.260746265165629,-4.030273634939694,5.52795218170868,3.693995282722228,28.86857564122237,-20.445593527995364,12.426659500053708,1021.1287648616865,854.9906395758259,1.0,16.063999444181178,14.329467604050633,15.938622383979558,7.531987186040323,7.77476443659368,6.841152015249169,5.467056495159355,6.648598083207604,37.49451720712321,35.37537214313064,31.42954861087338,23.925805337381664
335,331744755636700.7,-13.688594868262498,-2.7448573397600278,-0.9310003786309013,-5.428930123517696,6.231975716593463,3.3256384075498944,25.15459856615132,-26.28928648752382,14.102537826527831,1021.1174348335093,803.0108887295212,1.0,13.992091801730997,13.96108417290924,13.720218335450543,2.8984484678264297,8.90902208079088,8.265035004054639,6.366565251672903,7.063808615044834,39.02258302824113,36.385167486866465,28.83808943347098,29.833004494548497
336,331744788970034.0,-13.438706706656408,2.1759606515950334,4.331307665691895,-2.9295102692133703,5.414967939044633,3.379666537399434,20.505506968821976,-27.24967984985029,11.283657160629177,1021.078552446546,768.1073963972482,1.0,14.28614254442756,13.613729933593577,14.119456931568342,4.847167301854895,7.023250963928696,6.156614995133923,4.472602857558904,6.383104549112349,35.921327743923406,34.10309176552389,23.405057892836425,29.49349031291405
337,331744822303367.3,-9.67685154975569,5.6373077819321065,6.95035393129986,-3.134707939570327,5.209466556950826,3.394840704214272,15.401281235208701,-31.62615204477843,11.477449580789262,1021.0544890938428,746.6265767122886,1.0,13.18059614412705,11.199138133992339,11.914229966151591,8.949114972921496,6.963467461070267,6.079879577293808,4.620750726169429,6.217996881229449,37.001956782378336,35.176880999392694,19.207584766585082,33.644395403083145
338,331744855636700.6,-7.81563762642466,1.3221755382054268,6.69343181581681,-0.7726289524056824,4.739864730803731,3.673151628249921,7.809450762132192,-34.35982078583599,11.679301454012,1021.0388630099691,739.6232720487718,1.0,10.374698508120726,7.926685288404839,10.290103059764446,6.8227690585873955,6.046099242365086,4.802423676063226,3.753531454805001,5.996529041906841,37.12129965524673,35.23612926586764,14.049683400698177,36.29054101123947
339,331744888970033.94,-5.049567961982805,15.179131274951589,4.884440028929308,-0.5746145551444933,4.7464665307113005,3.9439953851233467,0.5064574049785713,-35.08664520773348,13.109398917476808,1021.0276995441914,752.7769112380585,1.0,16.726084935247208,15.997004809179018,7.025374794193554,15.945650838345244,6.197921104049383,4.781121878194121,3.985634389260781,6.171227116630599,37.459117862197004,35.09030024146879,13.119178292888611,37.45569398517279
340,331744922303367.25,-6.621655206626256,15.993969927634584,16.591625127134037,1.1612617057131944,4.185215240946263,2.5265571412359487,-4.449410950111182,-33.15007212597448,13.609688807900877,1021.0275157539459,791.9615502235907,1.0,23.977810910941507,17.31049946481961,17.86416362539221,23.045370433243743,5.024743411372881,4.343334590174329,2.7806509556372383,4.8887132868454515,36.11022250288943,33.44733980095098,14.318550459137674,35.835051435782994
341,331744955636700.56,-7.220380680526826,11.572656467459655,3.558218938190514,0.31450029189396533,2.2769447091005,4.060228777397837,-9.148853550936444,-33.73885223410213,12.959228407632082,1021.0208272693948,863.0510601385649,1.0,14.09685060209047,13.640391302508915,8.049522916535032,12.107324218254561,4.66570952446803,2.29856208136786,4.072390963354443,4.655097736150155,37.28207709197865,34.95728352391045,15.863263290308861,36.14210496077611
342,331744988970033.9,-9.314124202054815,17.112282510180084,6.790557263119882,2.944825426526016,0.9597825665778112,4.876109209464998,-15.299547080729702,-29.936151697595488,15.245821348563297,1021.0319661213578,966.9525568577524,1.0,20.632372386694378,19.482893069549974,11.526689793475551,18.410374267024704,5.776644388436092,3.0972858066088804,5.696353027625965,4.969670371134896,36.91455523136128,33.6191808248939,21.598870560003206,33.59476517336827
343,331745022303367.2,-10.513561608251896,16.754344843804134,13.003194317968285,0.40231207066451974,-1.4234628162977427,4.612249342058878,-19.97023297356462,-27.02219973906368,17.41673597375224,1021.0184873557288,1086.659015791183,1.0,23.671208488508928,19.77986473249032,16.721783402536673,21.20827983632687,4.84365000644217,1.479223239266026,4.629762304430426,4.8269131318788885,37.846428837285245,33.60073635735236,26.498167804545336,32.14874757618481
344,331745055636700.5,-15.632542339213668,10.943369514936856,9.273668932122169,-2.018270509475653,-4.634972899836583,5.188611085916835,-22.364885297770407,-24.99163865678707,20.472673294031495,1020.9838800923361,1201.1259530760005,1.0,21.21637697134846,19.082288026538045,18.176284423663596,14.344276621811824,7.244175220999126,5.055332791383635,5.567324388817145,6.957345670808561,39.29249863444664,33.537592297805766,30.32026461274006,32.30653733465665
345,331745088970033.8,-21.32811502082493,6.138011069472668,7.189321652856296,-3.1940966388370784,-7.108291594276231,5.169220826184415,-22.164015247548463,-21.601211182976563,22.5869326397137,1020.978937849268,1289.3088848493485,1.0,23.329166638753634,22.193775483916816,22.507217423967948,9.453122537934087,9.351518950274716,7.792949552479372,6.076437878238287,8.78912130642858,38.31481988129497,30.94924710659554,31.64511175465375,31.253509413224553
346,331745122303367.1,-17.06721641209703,0.9382316839191814,4.371665155724479,-4.006128412365356,-8.519444920087073,3.6844303792447217,-20.556920489535784,-21.520181372085403,25.742287307374514,1020.9688871797921,1331.1979891668434,1.0,17.643174628842722,17.092985542323028,17.618210246535533,4.471211796200819,10.109650529185458,9.414351098336965,5.442801858956687,9.282023969259013,39.34933979263137,29.760799490278277,32.9431682724736,33.55269828348931
347,331745155636700.44,-14.834443750286706,0.36674571761525226,1.9453422622697811,-3.870965150577145,-9.113100228582399,2.2043221489810945,-17.053160568054682,-22.649338529709254,27.490772005635062,1020.9688469830206,1326.1575482339579,1.0,14.965947357891594,14.838976507893307,14.961453067726852,1.979610804871007,10.143569544773671,9.901159880194406,4.454593958316669,9.375906991468996,39.49107958335699,28.351416564137097,32.350468788344685,35.619307703816766
348,331745188970033.75,-12.722041637963224,0.3467964390699165,0.2552936066678622,-3.610833720151783,-9.068141395377166,0.8401087279554016,-11.1612861910171,-23.598151908250227,29.065448165931418,1020.9698890959294,1290.7470948821929,1.0,12.729327791907437,12.726767508217536,12.724602872533017,0.4306304631085212,9.796687766583405,9.76059980334908,3.7072770100670933,9.106973758682946,39.06721592344518,26.104541423335572,31.13478097761786,37.438924271021726
349,331745222303367.06,-13.214224065239993,0.25967711889685396,-1.2130803546894537,-3.4118341118431728,-8.620870826491771,-0.20515479469414588,-3.4334985276195797,-26.79692255971499,28.552430597560747,1020.9700197241458,1242.1231078710782,1.0,13.272328876251516,13.216775319738408,13.269788302505102,1.240562837188049,9.27373249040426,9.271462981309563,3.417996561806739,8.623311562088135,39.30782700479703,27.015994721840766,28.75813285259822,39.15758357840643
350,331745255636700.4,-11.760523555801663,-0.20691811358015744,-2.642677306401562,-2.9495991073213057,-7.992245521336084,-1.0760682745205268,2.816909323441236,-29.72848221104139,25.433653617092514,1020.9586113995496,1197.4410380520999,1.0,12.055557753918448,11.76234370405377,12.053781881730547,2.6507656349623563,8.58685310801675,8.519162128239333,3.1397544211833237,8.064360570110086,39.224843773085155,29.861641493874618,25.58917182033708,39.123565671938024
351,331745288970033.7,-11.411470596611348,0.8678404052615675,-0.33827300740461386,-2.4172602479947445,-7.095236612141033,-1.1898914424594387,7.225025177949827,-31.236188742413987,20.145621086667315,1020.9689008736137,1169.8551935624307,1.0,11.449420805170385,11.44442257810895,11.416483250321175,0.9314373819764395,7.589556728402547,7.4957007470150625,2.6942510557432873,7.194318885558574,37.86484550267298,32.06088701164893,21.40203349659989,37.16914763778267
352,331745322303367.0,-18.121310887949694,3.1608544828706435,1.3756046217846802,-2.768633120700007,-6.687919413141863,-0.7378849247406779,11.44457614584658,-31.79708727033992,12.700591758058618,1020.9792292342349,1159.4510293972114,1.0,18.446278687992407,18.394915312651143,18.17344756432305,3.4472146926698395,7.275855248414197,7.238342036248139,2.865275470037151,6.7285020798718165,36.10177437523757,33.79397996738019,17.096296504300195,34.23973992136154
353,331745355636700.3,-19.06912017048014,2.8598446737113288,1.7507042343040733,-4.413100610688981,-6.29833232538074,-0.5994501512277095,14.060420938599359,-32.541227809178814,5.925178375844204,1020.9850789896004,1163.6500457180193,1.0,19.361689516929502,19.282376814956386,19.14931615991085,3.3531592377585153,7.713869817724846,7.69054270393185,4.453627452298899,6.326794651697089,35.94071066471902,35.44893431824821,15.257888967880683,33.076264089441
354,331745388970033.6,-15.965233422626035,19.00129230703995,-0.7440635267407454,-4.363912850242703,-3.404059866696029,-2.4060210173884453,14.885420020608109,-31.988986436726318,-5.0485613506959055,1020.9673972451614,1179.8737426864307,1.0,24.829245218256975,24.818093955348605,15.98256264717149,19.015854960253602,6.034923038173636,5.534560410779159,4.9832391574786294,4.168520206519997,35.642095254778745,35.282729237390086,15.71826011051036,32.38492280306996
355,331745422303366.94,-16.08788868445885,22.797350590441827,6.969442742110158,0.3560712653943812,-1.2050086354730143,0.277534534812551,14.450490048658782,-31.619457271914435,-6.640121440762226,1020.9590041492179,1205.4471024374102,1.0,28.759563425104517,27.902318116369067,17.532635125932753,23.838882651648554,1.2868014515136788,1.2565160395331576,0.45145560584976124,1.2365561975010093,35.39347331874733,34.765021800896506,15.903077544753932,32.30915181366563
356,331745455636700.25,-8.043806632245344,13.807976176621551,-7.380571858168152,-0.6866311643727824,-2.5518951111944452,0.267149078842063,12.979583195323501,-33.83395825139315,-8.11151321871224,1020.9587613016133,1235.7318526456268,1.0,17.60215532781955,15.98008232867098,10.916760787456042,15.656725297702966,2.656124930185362,2.642656052994039,0.736770646954726,2.565840464421799,37.13492907733475,36.238188570641036,15.305757956457681,34.792720181876525
357,331745488970033.56,-1.9215398907318184,17.71492022818755,4.506557371490324,-0.4099647991505438,-0.7492071257087268,2.5125296918434237,8.184456661765477,-33.12875308343522,-8.668536861749661,1020.9779349343255,1264.259280914446,1.0,18.379874144978682,17.818830327569824,4.899119808109149,18.27915364653359,2.6537120993337027,0.8540389064646163,2.545756584777373,2.6218536895882543,35.20856633029877,34.1247653722562,11.921780998316903,34.24409163909493
358,331745522303366.9,1.3964444288920734,11.868233699446227,-0.46723862328492644,-5.155523964524395,-0.4256153358180312,2.16184502780361,7.420959286210321,-31.04716212597993,-15.227679869768822,1021.0135714681529,1284.4907605620863,1.0,11.959236602674268,11.950105781442053,1.4725382759279646,11.877427460345118,5.606616598904194,5.173062512948093,5.5904383793245165,2.2033434453853733,35.36776989040497,31.921731043357813,16.939683318874465,34.58046428683463
359,331745555636700.2,-3.3075964165944574,7.769077991876727,2.3803256775794144,-5.211469360850786,0.3620337060082305,1.8689491739161919,5.516343195648026,-30.80266602754666,-21.30489696879459,1021.0287009205584,1289.887775075023,1.0,8.77295373464808,8.44385971573023,4.075063727895847,8.125547561562064,5.548283727248866,5.2240292211445905,5.536459510713368,1.9036909988146895,37.8567419557957,31.292719227589497,22.007468666412436,37.452675061409565
360,331745588970033.5,-3.3888397777186294,6.740628470516491,5.524140666803409,-3.5237909295740626,0.5531510798277097,1.5870682883313723,5.924177067910391,-28.262931456740546,-25.883935714045936,1021.0515226576027,1278.9029402044698,1.0,9.350745281699034,7.5445548057248235,6.480768869947397,8.715056068905621,3.904083040137603,3.5669424767527436,3.864697694150929,1.6807027901867817,38.77972790659099,28.87713920145778,26.55322959605513,38.3245537818417
361,331745622303366.8,-2.772444193846635,4.428982068981835,6.703079622653151,-2.997471106143422,0.7680381637526045,1.5407060944644584,4.6485086715708315,-25.233262179439755,-28.505073801029198,1021.0597526324381,1268.2990894838076,1.0,8.499035557225563,5.225163057298454,7.253807499211833,8.034124631532082,3.456658924838415,3.0943037428709457,3.3702534476927095,1.721527778021719,38.351862868550924,25.65786727469791,28.88161812073192,38.069104962140436
362,331745655636700.1,-0.8661124553192922,3.0437018131551987,5.0062869846752065,-2.8202226861249398,0.6036577254746552,1.30951661813674,2.9885114935936574,-23.588856174387715,-31.7475772576956,1021.0782935937159,1279.0367831820681,1.0,5.922599166378882,3.164533379925618,5.080655485091228,5.858927384797717,3.16747413912652,2.8841044795324255,3.1094195234014426,1.4419557630875917,39.66451812762436,23.77741231848602,31.887926597392504,39.5517736308917
363,331745688970033.44,-5.546034061753776,-0.0938881307865308,4.765567122471722,-0.8906012682715073,0.9519992027470967,0.9267436311223213,2.8222008182536333,-20.946950626090715,-30.923129267327933,1021.0657495666046,1332.076581568283,1.0,7.312861190670795,5.54682871515208,7.312258461851338,4.766491894452985,1.5994770579485378,1.3036384088687802,1.285311003949084,1.3285918259032352,37.45636770529554,21.13621437226718,31.051646351561214,37.3498951031426
364,331745722303366.75,-0.5293058412550949,3.074612543830074,8.080328597478912,0.21990681702238982,1.2714377648809072,0.4814946735359247,2.9135381121896784,-22.528813377161065,-32.39005775312419,1021.0788806169069,1447.0309346098913,1.0,8.66170405933495,3.1198408562399464,8.097646257822225,8.645516325698123,1.3772255148601273,1.290315077079345,0.5293355540830272,1.3595554827254472,39.5620016905724,22.716428779941033,32.52083248599123,39.45457227538618
365,331745755636700.06,-1.6299754447682717,5.260889012398992,8.617921197226853,0.18165690979199536,1.3055153537196391,0.24015624294325175,4.087646055025034,-21.71866086249608,-31.335660731205085,1021.0995123976962,1616.0232993719208,1.0,10.227528485071057,5.507610475635325,8.77071181331136,10.096807364825397,1.3397927424409755,1.3180931574334538,0.3011216596324404,1.3274205662947718,38.344917699643965,22.099979183955824,31.6011468736872,38.12641948991942
366,331745788970033.4,-2.153246138234867,4.813847758119381,8.096388028357588,0.023944866742408026,1.3932462665626095,0.36823231052392674,5.468771123418943,-22.334974777454917,-30.447480156333114,1021.1090085567689,1805.5109965654517,1.0,9.662354696237683,5.273480745216991,8.37782597321975,9.419375209857767,1.4412853813342281,1.393452014220067,0.3690100149821157,1.44108646298702,38.155046897890024,22.99475061638826,30.93471359929876,37.761093021519464
367,331745822303366.7,-3.305735690323931,3.719567077225405,7.45963041030067,0.10900237672420937,1.56413033522299,0.38472521759302414,5.849886350624159,-22.245614328605562,-30.10226585196176,1021.1140306591044,1980.9683460264355,1.0,8.967115118840791,4.976250365110318,8.159287610604492,8.335542279915668,1.614434488218184,1.5679238577482995,0.39986874244372517,1.6107505078741349,37.88449467254991,23.001924423236414,30.66541341213912,37.43011843795374
368,331745855636700.0,-4.721178056129713,1.8289653301236306,7.234248038150113,1.1319100780932745,1.5900932957644416,0.09589847527786945,7.0297810468162885,-23.79252663830495,-30.24112327258829,1021.1285730462981,2107.8698879783146,1.0,8.830004591955417,5.063065910737779,8.638510688490204,7.4618669819471455,1.9541785055835528,1.9518240479418596,1.1359652030100846,1.5929824879124204,39.11556828410536,24.809315697951607,31.047437226831757,38.478693592978594
369,331745888970033.3,-5.044288637913361,2.214603166658855,4.787339219707993,3.25510607035326,1.5473255272033088,-0.25682821083435714,9.389683693192591,-26.89293774290768,-27.293987460771415,1021.136977363404,2159.753217615711,1.0,7.298488326558562,5.509021242322202,6.954384564225376,5.274759140503931,3.613293863812632,3.6041547991707628,3.2652222373264306,1.5684951440840915,39.45070356547349,28.48501817275382,28.863955227358467,38.31699168714391
370,331745922303366.6,-6.220384428587533,5.073550841694061,5.339437633631392,4.9387683646039156,1.4759656832640118,-0.8090462959536274,11.754258704346698,-29.26158540734209,-20.36854629166638,1021.1275528446066,2139.5418806606103,1.0,9.640731031727208,8.02708543511708,8.197729971330688,7.365494714321212,5.217706734417115,5.154600630251139,5.004596773787946,1.683160897588013,37.54038700220926,31.534155740084206,23.516808366027615,35.652742651680136
371,331745955636699.94,-8.460477554869971,5.023260914098863,4.859669186293862,4.285848289131711,1.4143097149073784,-1.4884110486191133,13.127631646133047,-29.95297030883636,-14.90203578583992,1021.118918797094,2056.851996557252,1.0,10.974024570219713,9.839351130413627,9.756847085850666,6.989244223185179,4.7522768203026695,4.5131770990217746,4.536944236719762,2.0532022353710895,35.938639561355686,32.7034423716921,19.85964207127126,33.45521036975386
372,331745988970033.25,-9.248830638820367,5.468060141639128,4.175107171090928,3.5086648501893083,1.1081635737107711,-2.5416306985293904,16.02900308008767,-30.594108039096938,-9.94606763807521,1021.12107363207,1921.2996847498764,1.0,11.527014782165404,10.744326405045822,10.147531132037845,6.879767554407446,4.4719841395917745,3.6795047950849837,4.332506853850431,2.772708624036508,35.94235173038296,34.538795382140876,18.86407170264752,32.170230154120794
373,331746022303366.56,-10.732491097981974,4.079367114306103,7.688159136878378,0.8576611516236781,0.9084497480366481,-3.2331752715271875,19.283885285348116,-29.743181188921245,-6.4914404242469566,1021.1087625848803,1742.9457783845703,1.0,13.817937332884053,11.481620147938374,13.20205120737792,8.703391693314083,3.466162998493753,1.2493452668147038,3.344997008581526,3.358378072987428,36.03697903150334,35.44749721680593,20.34716271326332,30.44331824914206
374,331746055636699.9,-12.792047877238593,4.446275622570519,6.732489118310147,-0.890947520178721,0.46014799176659527,-3.312077789273799,22.94467346024329,-26.22704636041085,-6.010893219906363,1021.1088388976981,1541.2461910980414,1.0,15.123897167515846,13.542741812699129,14.455549059849956,8.068195376912323,3.4605466244858283,1.0027580256669317,3.4298173079500067,3.343889270972896,35.36165774238319,34.84703719096263,23.718956079438,26.90703993553093
375,331746088970033.2,-11.515812755335848,4.649698329834182,7.279387792460495,-3.8148281718406256,0.4120731125372903,-2.9649648808317157,26.378031983698122,-23.861762447723738,-10.645198711779704,1021.1090751885879,1344.6110271852565,1.0,14.39524659765999,12.419083620558265,13.623634979291639,8.637660631877457,4.8490963050150375,3.8370194462297245,4.831555725150474,2.9934630438075565,37.12821749098489,35.56942898676615,28.445049251957315,26.128604301127048
376,331746122303366.5,-11.659066173420596,-4.441356594489963,5.444781853784071,-6.455528624558312,0.8360610127470894,-2.7034586107737946,27.280458646766032,-19.759164246525135,-14.803049319600117,1021.1088277381813,1181.8068628127965,1.0,13.612682390730937,12.476356536890883,12.867768783728462,7.026471222079813,7.048513055935585,6.509442974596784,6.998752623336441,2.8297855885566072,36.79372588985223,33.68453644773918,31.03793957620939,24.689164442720024
377,331746155636699.8,-15.149306747429325,-9.290900055560748,10.929622759484184,-4.469560454876583,0.9180901285351648,-3.2470747761829752,30.44803879918759,-11.853031948934223,-16.437689538717116,1021.0995643602474,1081.6001377068756,1.0,20.863340394931033,17.77139045685864,18.68042153144148,14.344946061489859,5.600299522885718,4.562878493222264,5.524533035643853,3.374371657988704,36.57560758853554,32.67380346851723,34.60174423476486,20.265537341844787
378,331746188970033.1,-17.724270952259932,-5.920547524216071,14.162064349703606,-4.242515626404109,0.39032917809361894,-4.1149956753504675,32.5419070663974,-7.46750962915726,-15.640645347346846,1021.0988652812962,1061.0289778954514,1.0,23.447104947536104,18.68696507664169,22.687305865489428,15.349819205177852,5.923215774873252,4.2604337464106035,5.910340789534568,4.1334666171900185,36.86962438730674,33.387713542253856,36.10547745702205,17.331863343075344
379,331746222303366.44,-18.63258709079978,-4.1276982694109465,11.232673947637442,-5.910148997983635,0.0095572104957509,-3.7770239910622494,33.4179586801162,1.198097013561636,-14.792526655456939,1021.0936931062945,1093.3683443566795,1.0,22.14461918194733,19.08431803076905,21.75652237169745,11.967073870300586,7.013976243736447,5.910156725387189,7.01396973242876,3.777036082609255,36.56520536865974,33.439428804928156,36.54557164963161,14.840966319829358
380,331746255636699.75,-18.482686585799094,-4.341424695170036,6.796211550814869,-4.417067687716751,0.46624999238695547,-3.4860607936100436,32.2036769761692,7.800081492675456,-14.48424741110629,1021.0778400364645,1141.6877129847178,1.0,20.16546957688165,18.985722841459317,19.6925923857756,8.064518573805982,5.646281596769446,4.4416073682026695,5.626998028666484,3.5171023459868103,36.16229396960275,33.13484694513962,35.31104974156941,16.450978522827068
381,331746288970033.06,-15.171833678217599,-3.234916852815347,0.789984012401436,-1.7215198355170571,1.601698913820015,-2.0597724761606684,32.33304535854119,11.323383910150579,-10.076150746623318,1021.070793504639,1169.0565596737222,1.0,15.532974568445555,15.512872854636775,15.192386642636095,3.3299792468540432,3.125977064560766,2.3513974471813333,2.684453985008446,2.6092339994874485,35.7095737751491,34.25850033691112,33.86671870769531,15.1574350417653
382,331746322303366.4,-10.76419959841646,-0.5316711704226785,-3.4498964146336673,1.4849045831930714,3.0987223642325357,0.2233924909519479,33.31995600333282,10.376594067802833,-6.9295222456735885,1021.070191116855,1140.0887466726242,1.0,11.31602635644288,10.777321894979647,11.30352946058227,3.4906245150632937,3.44338875481645,3.4361347342301154,1.5016144066309116,3.106764312851651,35.57964939491789,34.89832621361655,34.032892128311985,12.477659355874644
383,331746355636699.7,-12.72112942803172,6.2090526110990965,6.103122626009834,3.561849259356101,5.156887128797637,1.2434342083626282,35.38634595779224,8.323806508884408,-2.1054924211211286,1021.0766085128689,1051.3053256866133,1.0,15.415173500166786,14.155545494686212,14.109402528556899,8.70634481946986,6.389552694521013,6.267396190247936,3.7726514253111167,5.30467845299648,36.41307915265206,36.35215585136466,35.448929159848504,8.585968386428227
384,331746388970033.0,-18.058626645894286,7.119887408456014,14.239173204305855,1.633101550725252,6.645684276907624,2.414840335731582,38.446821142187765,6.880443958699315,5.804237144285675,1021.0894687935349,929.2473814001763,1.0,24.074070004615248,19.411511869117604,22.99713134019165,15.920014141052524,7.256968652984154,6.843401214551024,2.9152143183747987,7.070825507351559,39.48655130339042,39.05763132869399,38.882479663294134,9.00164862099757
385,331746422303366.3,-14.303653458344577,2.1129232197330814,11.005468279861995,-0.44716485931662625,6.059988408375758,2.8336663055532454,36.79859969376453,1.968181299648778,13.39556049016997,1021.0881877586777,801.6225137278695,1.0,18.170835942464194,14.458870868394254,18.047571424306966,11.206461376881453,6.704705858744587,6.076464096911641,2.8687316261085556,6.689777592781118,39.210352177658606,36.851196412738275,39.16092414981712,13.539378806802397
386,331746455636699.6,-14.991566201885302,-2.304381857888946,8.934846192348457,-2.7544985558215465,5.770721428610644,3.430380259566175,34.24742873254815,-2.7047787701937573,20.844056745753345,1021.0897594114,696.1382499219686,1.0,17.603656137672115,15.167637684638878,17.45217847910207,9.227223430040667,7.256445192094429,6.394410692209959,4.399405757513653,6.713325147186554,40.18304250062259,34.3540711268207,40.091907866939316,21.018813710956106
387,331746488970032.94,-13.142394225761057,-2.911688584123297,3.470477322239454,-4.857943073863458,5.261795508127513,4.180480648391063,29.78398411974662,-9.565587126811515,26.751043343467217,1021.0989482465418,632.9376883582306,1.0,13.901247039039694,13.461071888829341,13.592892952918298,4.5301372225455,8.292317006109991,7.161431622116406,6.409058383293922,6.720335588415435,41.160715337442845,31.282361917315978,40.033786106354974,28.409835920763143
388,331746522303366.25,-12.628328595961948,-0.6042045080683709,-2.4663347733049905,-7.330470334550848,5.1733576444939775,4.1260904484425325,25.027536378286868,-17.034811823605438,22.52600635709896,1021.0676506470359,603.8138306336,1.0,12.88109286625843,12.642774466673066,12.866914561836634,2.539265701257653,9.875426422808435,8.972147159045837,8.411921166681172,6.617269203120951,37.73570396099936,30.274781436570606,33.67192509445421,28.241915237209223
389,331746555636699.56,-13.13791435361837,-3.293505080206517,-2.9095623926293284,-6.967168508471362,4.463086474846476,3.4917092622282313,18.981422751581125,-23.815596236395116,19.964650207424118,1021.0468566959499,593.9193481993814,1.0,13.85342999379434,13.544444221759626,13.456238214286135,4.394625015851641,8.980679900727061,8.274090760161663,7.793168200248567,5.666672255732456,36.41516568236424,30.454507610027758,27.547806946815957,31.076838352699216
390,331746588970032.9,-6.954984074489731,-0.626617206742026,3.5395374136044744,-2.9417627114920246,3.1282526300648543,3.5083232518639202,13.388789639233945,-29.828901438569307,18.881640117884604,1021.0479188206617,588.4069125068787,1.0,7.828970411394899,6.983154917384474,7.803853444210215,3.5945756670420823,5.5451117579181055,4.2941742358959525,4.578460427948891,4.7004570583164265,37.75631579718617,32.69591792618064,23.14683610226174,35.302686789721704
391,331746622303366.2,-6.4243281367855465,6.561236603745684,4.214536369564081,-1.2513104408394133,2.5275725582605286,2.9401638934212766,8.883654174745168,-31.116876585377295,15.87631234183904,1021.065121937187,573.2287672067132,1.0,10.103669362652612,9.182691205710157,7.683378737214041,7.798214063534713,4.07418268819693,2.8203547395009374,3.1953625051833927,3.8772653710379217,36.04492493405555,32.36015018392327,18.192762436532224,34.93304026284046
392,331746655636699.5,-4.3378582830724115,6.597746406753276,1.7096082087543163,-2.2074323964121905,2.0033424971391764,2.7744446853678237,3.050589593659803,-33.08635212796625,13.818530788192273,1021.0588367310042,550.8972298671546,1.0,8.078987087456312,7.896028883676003,4.662593131666119,6.81564508137461,4.072306748974058,2.980962754811589,3.5454620427943984,3.422122802152137,35.98561639251078,33.226687978261126,14.151250475246462,35.85608024143178
393,331746688970032.8,-4.181819915380856,9.101611507466556,6.721411713138289,-2.231325235181984,1.1016233684133052,3.327590502511454,-1.3097731815540465,-32.67020797258834,10.626358477290447,1021.0588382841984,539.5275963369191,1.0,12.062517368071898,10.016334151650671,7.916122360233484,11.31444684685735,4.155146796853108,2.488450592435826,4.0064536509941515,3.5052007928560536,34.37989949443098,32.69645232680899,10.706773569801538,34.354941179691416
394,331746722303366.1,-3.5164052490576783,12.128349492689619,5.013627775131141,0.9548662075392803,0.30626500082430386,3.303798232861011,-4.925710568413863,-33.35863893744471,10.928997315359343,1021.0589883633951,557.8431028401797,1.0,13.58670051042531,12.627825121232275,6.123852491950376,13.123769461720629,3.452629503506841,1.0027799983198502,3.439019080749042,3.31796338349076,35.44720579512182,33.72034128478812,11.987727346036685,35.103301469775374
395,331746755636699.44,-6.939630111902315,16.375970650716667,4.3689538963531085,1.1042027482781342,-0.9168289304312175,3.5869336714488305,-9.513364085538802,-31.353242450678643,11.684639497683587,1021.0277355847309,624.5668346038294,1.0,18.314437992786292,17.785693150483482,8.200379517954053,16.948751367035644,3.863409395903316,1.4352139202852776,3.7530463456608647,3.702251808163383,34.78592687547486,32.76476626492331,15.067677207016578,33.45977603573976
396,331746788970032.75,-9.939066688679318,15.306763437360969,9.13280333055868,-0.2973603278420346,-2.8735505559652106,3.982559406647044,-12.091721404914265,-30.590993296575043,14.508622722446123,1021.0176749611168,749.8017944352961,1.0,20.4080903135009,18.25053570636614,13.497894032651116,17.824284097881584,4.920009694069225,2.8888952840596858,3.993645276191562,4.911015396550985,35.95161652425995,32.89405109446328,18.88676414413919,33.857185414227494
397,331746822303366.06,-14.214720908262395,14.232324290603255,8.306587885561315,-1.4255944716673166,-5.2474673299753904,4.741244036080058,-13.932988259973147,-28.08696942809522,16.43764194334486,1021.0010698631747,911.8191733169522,1.0,21.762737592344433,20.11510241616203,16.463829833922183,16.47903082749254,7.21440420176692,5.437667972284394,4.950930680923854,7.072150195578694,35.400594432366745,31.352926713582978,21.54818401884854,32.54341599021783
398,331746855636699.4,-18.133765689958164,12.088728228680433,6.931656814474387,-3.9940661797300256,-7.24569036031658,5.202376861526743,-17.74632695150767,-25.774080883069242,14.301436607387279,1020.9791914809514,1081.5441999895208,1.0,22.869601537386878,21.79382500354628,19.41343154344314,13.935035571556478,9.773296191919933,8.273608248258302,6.558756715827478,8.919907724126604,34.40590726418822,31.29273662747959,22.791735548328138,29.475995901786124
399,331746888970032.7,-16.89819426978965,5.724209146976882,4.545601076786106,-6.5670748983433604,-8.828062935431227,3.925627776906281,-18.46706690338612,-27.10783411501381,15.227018921307776,1020.9792017924924,1229.902103193725,1.0,18.411355981762032,17.84139960703435,17.498898786175968,7.309518418309978,11.682111168586104,11.00278000836089,7.650949363528007,9.661534486547815,36.16254050327646,32.80041509525825,23.935218094765798,31.091747709592838
400,331746922303366.0,-16.068656137837465,5.103615063862469,4.275926826785014,-5.7960900760901835,-9.420625579692759,1.4858798861037597,-16.172302872552912,-28.15712835168218,13.492442250244453,1020.983791246903,1329.0220219526684,1.0,17.39345126834135,16.859673685933117,16.627845930970174,6.658110613988301,11.160227843500346,11.060870059941607,5.983518965130705,9.537086837640164,35.16266848649103,32.47102180736984,21.06156162485975,31.22290625309063
401,331746955636699.3,-14.538501960272566,4.246264156000102,2.9415488104795373,-4.244798447551089,-9.464499395263468,-0.4974677688355952,-12.51091351439808,-29.80002937162177,13.87939113491426,1020.9980025631046,1374.175252128605,1.0,15.428917912018784,15.145916893056706,14.833096394660247,5.165604387384388,10.384726132368872,10.372803992328915,4.273849323661564,9.477564190443282,35.173885281415885,32.319726290831554,18.685835684835855,32.873686267673975
402,331746988970032.6,-13.533852063912724,3.571372584135618,-0.29900404553170884,-3.177024874585671,-9.039546231456523,-1.972203955168809,-9.693274986415746,-31.580918735235574,13.034323174989003,1021.0095799147426,1381.4994811420815,1.0,14.000330611876084,13.997137343849642,13.537154616355647,3.58386740183839,9.78245733776332,9.581590845176803,3.739395070665788,9.252188093171439,35.51348460449751,33.03504212383914,16.24355751035864,34.16501147067872
403,331747022303365.94,-9.908704923868083,3.2423233878475997,-1.111975825873544,-2.37895149268229,-7.5927583062054325,-2.8129306339816456,-3.312753164955951,-32.26148999415188,10.276984234244882,1021.0088587306035,1367.8796241812356,1.0,10.484826391361866,10.425693944273979,9.970903845971774,3.427703486112923,8.439310851756751,7.956719732464308,3.6840180450328517,8.097070917809969,34.02050080650791,32.43112810518141,10.79771913335606,33.858826642305246
404,331747055636699.25,-7.123859305364638,2.996886686424156,0.8236619775219922,-1.8848295996122528,-6.135706355660873,-3.009267184120296,2.3392457870655283,-33.026979676784656,8.85018531833633,1021.020112305854,1350.1999797101428,1.0,7.772330427041309,7.728563981354926,7.171317205077863,3.1080136525571755,7.089087676696841,6.418681726216974,3.5508128090618603,6.833928699388115,34.27213500195088,33.109718473932254,9.154116616102273,34.1922091526658
405,331747088970032.56,-8.072680639952724,2.3280954581055004,1.3202427584375034,-1.3538818465246152,-4.79132386783163,-2.653514541878732,8.197653020436688,-33.81682841419999,3.7109203292354604,1021.0142204716607,1341.0855901715245,1.0,8.504777605435997,8.401678473776474,8.179927484756464,2.6763911155244346,5.6418897441162255,4.9789336670417645,2.978948720322456,5.477036044286631,34.993575535072885,34.796255531866045,8.998469021639613,34.01982971276277
406,331747122303365.9,-8.652908049283525,2.429228598755075,-0.34280476464144743,-1.3863885443407582,-3.6546018862701954,-2.2279489647511914,8.83774217140519,-33.8819588156481,3.3778344034234506,1021.0088694405442,1338.7259841397827,1.0,8.993969335117061,8.987433966064238,8.659695884730393,2.453297106277677,4.4991048812563665,3.9087322935971143,2.6240864668328276,4.28017190503671,35.17815494210091,35.01560823223706,9.461260589645798,34.049917745014085
407,331747155636699.2,-9.960000911390487,3.1393772328859773,1.0696941880351274,-1.0002036103855358,-2.8954770341037688,-1.4901714362576075,11.810934481055554,-31.56523522799087,-0.17845563788284485,1021.0182712584672,1338.2554099042318,1.0,10.497692757038486,10.443050682882955,10.017278263621085,3.3166150012141817,3.4065826610679326,3.0633632689008037,1.7947195245124852,3.256439491908366,33.70302797567119,33.70255551607597,11.812282579183382,31.565739677902176
408,331747188970032.5,-13.197068386722178,6.31625477800349,-0.5669814835399025,0.2314630560605407,-2.661636686865056,-0.49428510850397916,11.936456737130406,-31.992888344271833,-0.961009824470736,1021.00933220571,1334.8081157541847,1.0,14.641692403105282,14.630710455219658,13.209242294942545,6.341651395601072,2.717020936186482,2.671682054284693,0.5457956712998697,2.7071438124626446,34.160612464198586,34.14709217556351,11.975079929591915,32.00731860827729
409,331747222303365.8,-13.32568872926595,17.224789207048065,-1.5533267781995088,-1.7099471963043844,-2.49187595763405,-0.6556713900539879,13.768006953861565,-31.586421335248946,-2.7376445027783958,1020.9656604915828,1323.7521960464296,1.0,21.83300637604443,21.777679934660743,13.415916077150946,17.29468667848918,3.0924537464801585,3.0221457943626477,1.831344966379779,2.576693765267798,34.56522422425527,34.45663982818769,14.037546541514054,31.70483733109922
410,331747255636699.1,-5.8586836024276625,26.338839605236043,2.448842186556954,0.3538139872049763,-1.4371730271705987,0.7049866066382996,12.18430928210103,-31.845516800894043,-2.6603194243951975,1020.9688548685541,1304.7357502780487,1.0,27.09345812845541,26.982561874360734,6.349882015283105,26.452434666869735,1.6394074426779848,1.4800846758103354,0.7887905001210826,1.6007724465288897,34.20046245941321,34.09683758060149,12.47135486311362,31.9564428520422
411,331747288970032.44,-4.376291053949307,17.157340461847827,-4.120232255462121,-4.245128041170134,-1.386739274707332,2.812963545489529,7.9661485568891,-31.777620128014703,-6.9357535198164815,1020.9779953170383,1281.1531820414962,1.0,18.17972961711994,17.706672615503948,6.010676935905574,17.64513093073302,5.277965688615057,4.465888254529529,5.09253139353917,3.1362094515942074,33.487032426276265,32.76090145021702,10.562395548268062,32.52571010582324
412,331747322303365.75,0.19359470503301943,12.488143274268644,0.855298962634015,-4.720859735805167,-0.29704016027140634,3.0999398890231498,4.525913686554664,-31.5764694687059,-14.581349704262763,1020.9991389962094,1256.5254069065456,1.0,12.518895225376752,12.489643763874053,0.8769351317512851,12.517398242212476,5.655473173618398,4.730195503566475,5.647667125522121,3.114138752909209,35.07382325900988,31.899174265273054,15.26760144541855,34.78058629905654
413,331747355636699.06,0.2329259998192537,9.649870733107978,3.5563422791381316,-4.546663025355119,-0.01483355861596079,2.5110080474166434,2.960512012803636,-29.34771095444212,-19.535354400848508,1021.0187487868255,1234.3735138742363,1.0,10.286973806395693,9.652681476516548,3.5639619705851517,10.284336418655279,5.193989421897557,4.5466872226482185,5.193968240211188,2.5110518610041406,35.3791300233653,29.496656923174136,19.758408411223456,35.25504516848948
414,331747388970032.4,0.38676630334318557,5.288422352060697,4.43011774774077,-3.494482179428439,0.2730116918645253,2.0207366010413095,7.961242971447806,-33.52754932757346,-32.70058759721627,1021.0386424209588,1218.6243858514974,1.0,6.909626792094107,5.3025464776064855,4.446968791463406,6.8987936795227425,4.045901320722695,3.5051306803367064,4.036679590100125,2.0390958277341245,47.50585629968702,34.45980199541632,33.65575461720687,46.83401534265545
415,331747422303365.7,-0.7759401111588158,4.962725950985604,7.834152782924744,-2.969494186687049,0.38662044628502845,1.830642730935717,16.79065122614748,-26.391731089635456,-23.702263774129836,1021.0377182003534,1214.4783295984932,1.0,9.30616364281752,5.023020199112395,7.872485813408156,9.273758606454747,3.5097897234138675,2.994556911172972,3.4884306690969162,1.8710232969723852,39.24597745660294,31.280176446205648,29.046915096384254,35.47281745119858
416,331747455636699.0,0.3996364498056009,3.4647327355517517,6.188481131415977,-2.1072515436566874,0.17700381682560648,1.615639775706789,0.5907893988302042,-32.02778256801581,-43.40378526883062,1021.0566623132904,1227.384788830268,1.0,7.103617454136218,3.4877044342686423,6.201371461693356,7.092367139587142,2.6612274055894223,2.114672414208481,2.655334433379226,1.6253068128869443,53.9445684383574,32.03323100060104,43.407805839232736,53.94133324165111
417,331747488970032.3,2.2721905846918298,2.6230285075713615,5.556857413989885,-2.294239117968343,0.7910202408969332,1.1455774130248353,-5.866703679314789,-36.41421105310818,-45.437257235766154,1021.0636462297803,1262.7932072618664,1.0,6.551472576765364,3.470321109738153,6.003458534259777,6.144830581142689,2.6835785364243536,2.426776906088568,2.5643480145348514,1.3921424606488073,58.523134944997395,36.883776632568306,45.81443612192634,58.22833598626608
418,331747522303365.6,2.3142235431442084,-0.8665159375746576,3.537086936393928,-1.8699152282097191,1.3801544729707984,1.1457504107320509,-3.7027892410153074,-35.70565465748972,-46.484542164323024,1021.0690818765912,1325.6048296351819,1.0,4.314795994403722,2.471129393154843,4.226891837183857,3.6416800883217997,2.59116833371446,2.3240932274656947,2.1930177756651377,1.7937587276314408,58.73173829293682,35.897136691988344,46.6317843148866,58.61489942622645
419,331747555636698.94,-0.2670925142745871,2.683276006348574,6.608647307861062,2.197817400242254,1.4268123162110156,0.951753624226395,-2.967882073268801,-35.40305180792214,-46.729916660914995,1021.079893254001,1410.300060426542,1.0,7.137613591189057,2.6965363964588858,6.614042459107803,7.132614483199356,2.7878360195189282,2.6203424796196133,2.3950441094133734,1.7151175898227857,58.70152904696188,35.527234642105896,46.82406897245146,58.62645468089026
420,331747588970032.25,0.8158687421962738,6.113371087515469,6.893468316135753,3.672261826471319,1.4205316951533602,0.4814744438999926,-1.2896607107097697,-38.73474553918526,-44.37511941612031,1021.0886962618238,1502.0259490056242,1.0,9.249802878101267,6.167572282362242,6.941581032449338,9.21375121648276,3.9667662975303393,3.937437900347604,3.7036906677376926,1.4999093096131133,58.91684784447585,38.756209008805044,44.39385597065979,58.90273113515511
421,331747622303365.56,-0.6449574380685875,8.900563022175891,7.579960150019763,3.099291403161583,1.4967864725209938,0.45582147050128374,-2.056641612210657,-41.7993527293545,-40.112950926574975,1021.1191709142031,1585.5996713238455,1.0,11.70862024683235,8.923900055953384,7.607349470926627,11.690843339452138,3.4718511141757054,3.441798504566055,3.1326315478653477,1.5646542612640637,57.96951349935485,41.84991831908483,40.16563962840488,57.93301926044255
422,331747655636698.9,-2.171753463165233,7.031864410072958,6.869476765680753,1.3961608566791828,1.576992977214246,0.43118841410309405,-1.1300442296738786,-43.15920822177323,-40.0597094985614,1021.1087053668848,1645.838631683354,1.0,10.067439655674555,7.359594430837945,7.20459743073809,9.830403252963656,2.1499059133745697,2.1062222076281985,1.4612284510574967,1.6348792917643165,58.89630361406841,43.17399974859171,40.07564503623304,58.885461528627836
423,331747688970032.2,-2.5431366224625305,4.721424088262742,7.014922818852362,1.880466916528598,1.3314947073417478,0.19605814093849677,-0.8474029024077379,-42.743658542002365,-37.004069184714076,1021.1060905620083,1671.1701830031263,1.0,8.829979131130116,5.362778132809318,7.461681180200994,8.455825659016584,2.312460329273979,2.304134106304939,1.8906598368788694,1.345851756438036,56.54236971918852,42.75205769590863,37.01377078745308,56.536019330886724
424,331747722303365.5,-3.9731370106582737,1.757531253532777,6.519505384921603,1.683352158945138,1.1461393976135916,-0.583201976468449,1.2669237609309523,-44.9988902572743,-37.21395355108463,1021.1088388577401,1662.774331993446,1.0,7.834454944450751,4.344506164411216,7.634773616125388,6.752249000974881,2.1183565694056345,2.0364945395918213,1.7815159377288663,1.2859860279640491,58.407050594123575,45.016721562128744,37.23551308520262,58.39330837766002
425,331747755636698.8,-5.392663643601739,1.62730503640695,4.5807057522859616,2.302748548286951,0.8947147205526782,-1.7294012693736267,2.970801838070883,-45.78230699929607,-32.318677240812605,1021.1168947787786,1624.6457364856797,1.0,7.260289804378686,5.632845005371567,7.0755696846296185,4.861171347580861,3.015624986353978,2.4704585217751216,2.8798402086137997,1.9471371758776443,56.11900031481939,45.878593022660134,32.45493124560433,56.040311676271145
426,331747788970032.1,-5.467247317035202,4.279240689940683,4.509247499065889,3.505698551552942,0.7757508110854534,-2.4548104817414163,5.723967774482448,-46.759193388413024,-29.887651077743186,1021.1286275008221,1560.7790543111935,1.0,8.278647662263722,6.942816007073255,7.086896798561455,6.216527478446145,4.34946044429969,3.5905029808176088,4.279721583891634,2.5744676774368838,55.7894045528651,47.108236789528874,30.430831306887377,55.494989443011264
427,331747822303365.44,-7.482158824843072,5.670085723824539,7.889916017680369,1.7748163458225752,0.735429706815815,-2.8137717238794626,8.948454761607406,-46.86106818661332,-25.860227384406567,1021.1287701247355,1475.539115831159,1.0,12.263088826300866,9.387895014096392,10.873521759127827,9.715999530751743,3.407072237151686,1.9211532773483209,3.32675282753357,2.9082929989550226,54.26588168070403,47.70780391310166,27.36468898039489,53.52299573046743
428,331747855636698.75,-5.432873220772089,5.471969860744342,10.354612138983143,-1.1937397275811368,0.7465994447307149,-2.7235562146189767,11.945798482893982,-46.30063501623501,-26.654592207271733,1021.128493064246,1380.3442588284404,1.0,12.910327576736927,7.710938048634352,11.693335879113349,11.711551848737704,3.0659719050029386,1.4079862456990475,2.9736800418664977,2.824034203946875,54.74411557452062,47.81684749437713,29.209063441504988,53.4248639553023
429,331747888970032.06,-5.2115699458199165,1.862426001641407,7.842462409715272,-2.8904870560210343,0.7626552995256934,-2.162934290924721,14.138377276735707,-43.12475433040602,-29.34754366642343,1021.1084777099023,1292.9393203040197,1.0,9.598609720139708,5.53435560040764,9.416192327473482,8.06057363091406,3.6898297079645554,2.989407721760244,3.6101523746073614,2.293453259334633,54.04550367356954,45.38323642136146,32.575635546708014,52.16342353901345
430,331747922303365.4,-7.113302933608388,-1.2479116645138357,9.809504927468005,-4.294778991363481,1.0292531090921653,-2.289233684018914,17.242284774249732,-41.483622885269156,-32.534592434197236,1021.1182423756889,1231.2933685983721,1.0,12.181245793010273,7.221936177211163,12.117155835727326,9.888562607601205,4.974442622774919,4.416388631815933,4.8667974526072,2.5099706816261214,55.46789212493004,44.92424013740857,36.821136444923155,52.71992671226461
431,331747955636698.7,-8.810418532940071,-4.630090813068229,12.428961402647989,-4.585182555594082,0.9640623194749923,-2.722274982357462,20.34178423091859,-36.54418803860667,-36.420365922801025,1021.1163169014674,1213.3748813220589,1.0,15.922948759929682,9.952950098479981,15.234912414388452,13.263363920430303,5.4188648537793505,4.685436503033179,5.3324178519404875,2.887939963953687,55.45907427147534,41.82422581588679,41.71607891027121,51.593805183876185
432,331747988970032.0,-9.819953407678248,-4.583322036576266,14.031708832370956,-4.612332396789587,0.48503427485385314,-3.0843825743434925,21.5593568655298,-32.61107724965458,-39.79691270503999,1021.1274877284044,1249.1024731493421,1.0,17.729274620705,10.83689650314781,17.126597376169286,14.761290378805056,5.569765188153947,4.637765451837532,5.548605771127425,3.122286680094702,55.7860420597373,39.09332715231853,45.26146406500612,51.45169210274344
433,331748022303365.3,-12.683509206190331,-6.058158380615503,13.652545102528233,-5.318604742224692,0.4229180859147897,-3.595405558857686,23.79978645106471,-25.291594676274514,-39.73585883349058,1021.1193871645711,1320.1432623511712,1.0,19.595016624762135,14.056055234244662,18.635004522674055,14.936307131991812,6.433766955996584,5.335392779487637,6.419851831364936,3.620193481025369,52.773412563717464,34.72887266217031,46.31812077741685,47.102051319491906
434,331748055636698.6,-17.371988553160712,-5.905878301958778,14.339503540487623,-5.552879705788719,0.2913584163358841,-4.184284601457498,24.424938375607987,-15.398998280986026,-38.35872568138624,1021.1087650264768,1401.9700465187186,1.0,23.28705104980773,18.348443661757646,22.52570416388362,15.50808693247509,6.958994207478858,5.560518209099757,6.9528922509236795,4.194416211198417,48.0114423716878,28.873980721578004,45.47493211157206,41.33425920417168
435,331748088970031.94,-19.192047811855932,-6.0689741154512475,12.282015546498796,-5.393349642514638,0.22608361429389054,-4.25477006139715,28.067147534047464,3.5175495215596455,-26.97897899835727,1021.1197223470631,1470.055623243158,1.0,23.579971414550517,20.12876414553515,22.785578884395328,13.699647904178246,6.873310879221633,5.398086157803056,6.8695915920653015,4.260772474095947,39.089681926672334,28.286709340865563,38.93109398015665,27.207323691065742
436,331748122303365.25,-15.368480912425326,-1.769862136240226,3.254612856991321,-4.485829018793101,0.6356809713819276,-2.8684124933037363,24.99145692424028,11.548685346543035,-24.347569416330163,1021.129631014312,1500.6751415592887,1.0,15.808704007152883,15.47005551175814,15.709319221547279,3.7047154857276188,5.362326222355771,4.530645901328347,5.324514270577856,2.938006216657485,36.75253989743608,27.53080188497268,34.890930851428614,26.94765796347567
437,331748155636698.56,-12.826884647573417,-3.245237836631101,-3.8652366051964435,-1.9299942719884484,2.431978074142083,-1.1226842563670132,25.628480809843797,13.858987370760627,-21.92437290308964,1021.1294561145255,1485.490053344187,1.0,13.784070240411838,13.231044493102452,13.3966049346954,5.04694190876541,3.3014868139234497,3.1047375481699024,2.2327780519797695,2.678607341997365,36.46325118193886,29.13572651511258,33.72680174303906,25.937418108528725
438,331748188970031.9,-13.57393078101318,1.6779835707575732,-0.7738130804362855,3.6385507342754826,4.025121821922865,0.8427480022195792,28.002201179693124,9.932266828009055,-18.29185878598567,1021.1263387842464,1430.0151539743374,1.0,13.699124511987025,13.677252125754991,13.59596938549037,1.8478137209109118,5.490981817713604,5.4259245412386905,3.734872908298453,4.112399527838308,34.89076228885258,29.711499377358525,33.447202704478116,20.81446665637172
439,331748222303365.2,-16.73753108144656,7.378390718376981,14.575918874545005,5.835998970945326,5.2298511280417515,1.8217506797589411,33.97554230887047,6.492480781082138,-14.551969592167596,1021.1287696468899,1340.2599393841433,1.0,23.38895053936235,18.29168106805444,22.194647051478583,16.337015046523916,8.045433633407006,7.836467750865468,6.113727138830868,5.538060884522826,37.52665187418055,34.5903134110486,36.960753431081706,15.934620350171237
440,331748255636698.5,-16.3004433991749,4.869177017810931,20.90399299738293,1.7400547555767711,5.654997016516898,2.1461284284314326,35.370713432621066,2.7848159094897937,-7.8779297237584425,1021.1483464031595,1222.233965440029,1.0,26.9516282082385,17.012152710356286,26.508137962601957,21.46359261785903,6.293858041022369,5.91665292282895,2.762907487363069,6.048541848093356,36.34424775827428,35.4801714818622,36.237399816557996,8.355655353245742
441,331748288970031.8,-15.179109825480737,-2.182648402317126,7.144226518431851,-3.9373024515129713,5.608380690449169,2.2890630809704255,37.137979225444894,1.0668226939791674,0.11784413429240748,1021.1287043290627,1083.2938812204604,1.0,16.917721527700124,15.335231629882326,16.77633296166569,7.470202580573193,7.224686453567032,6.8524655828171195,4.554356198558899,6.057536112782566,37.15348568909723,37.15329879849117,37.138166193143725,1.0733116510949163
442,331748322303365.1,-17.767884380499538,-4.999778602672835,7.434041596738929,-3.49648814375574,4.978007720746656,3.096099750821174,35.25800918410296,-4.526930048586831,6.328827573013336,1021.1387828122971,935.6232529565043,1.0,19.898755636888183,18.45793871033666,19.260391735913476,8.958948629040677,6.825820381043784,6.083254902372396,4.670252991697494,5.862285777309756,36.10643108561162,35.54743742228246,35.82151965055674,7.781205183885864
443,331748355636698.44,-15.342196904379996,-3.0347447001801626,5.448939719195975,-3.306554259546663,4.494931581964416,4.149310373440014,32.70758213538411,-9.138541381688615,12.079693957242768,1021.1391441659827,792.4863664577305,1.0,16.561510357194788,15.639459109829811,16.28109179128349,6.237036111704268,6.95373910734392,5.580117471690655,5.3056646752751995,6.1172858770600245,36.04466498427167,33.960254235322395,34.86696051053985,15.14701108091899
444,331748388970031.75,-15.073986458869294,-1.6438447548983561,2.47631977260841,-5.57066237284127,4.612989625883334,4.14450279265977,32.11520914234858,-16.92754565702417,12.907623276310268,1021.1189903657269,667.147507533708,1.0,15.364226402803137,15.163353631053445,15.276034412712816,2.9722693677421304,8.335997598311879,7.232700226104826,6.943283277423885,6.201336685495466,38.52966647754136,36.30328442754771,34.61204121255978,21.28728589120239
445,331748422303365.06,-15.69153147927825,-4.204714568051754,-3.4041624702151814,-6.67727557539136,4.09787205920032,4.369303564596548,26.981144312068288,-23.374007008051045,12.897421725586515,1021.0974666084119,572.4271369524291,1.0,16.59795490075776,16.24511572023933,16.056540171805437,5.4099858338454245,8.970472571882086,7.8344473017113785,7.97977585833801,5.990272869675535,37.95615680187742,35.6977079376404,29.905277720768385,26.696211169003934
446,331748455636698.4,-11.863538601137106,-4.314443182603211,-1.0169267222712721,-3.4888635495165676,3.077560924991515,3.868445481067208,21.291406788158525,-28.730042536667202,11.43727308343037,1021.0895691802673,512.5801252551133,1.0,12.66460058884807,12.623706591828784,11.907043633880727,4.432669617102172,6.050489282212578,4.652262902521737,5.209322346249524,4.943303721907438,37.54398171162071,35.75946514110005,24.168889478083262,30.922913183328436
447,331748488970031.7,-8.50961381134273,3.8231346918438933,2.58557079174581,-2.205598677675124,3.5589482698258927,3.6825326699451333,16.769394755169078,-32.72553611292682,12.01238845878196,1021.0777132088298,484.11958695200286,1.0,9.680654027972713,9.328980978122704,8.893745191837013,4.615358619989281,5.576004409922234,4.186977228772443,4.292518187751274,5.121245908224868,38.68424473629862,36.77190931041206,20.627895601330014,34.860553500527715
448,331748522303365.0,-7.4334157151582625,3.8481962569244597,5.1129775095053445,-0.3187434865894012,3.4948409821755018,3.0588853332899255,11.413331380491377,-33.81133759260183,13.444370307569793,1021.0688316819886,483.2801067230686,1.0,9.808507666249577,8.370441065210915,9.022095555194996,6.399308825530683,4.655350726116434,3.509346221297721,3.0754474296367653,4.644426011135245,38.13425987178541,35.68572099596418,17.63562378165211,36.3862287516576
449,331748555636698.3,-4.268636588610194,6.351870554035251,6.841286740281549,1.5285205000686966,2.637285605881791,3.8340683728155773,5.459973723001822,-36.58554754866992,16.33965766567971,1021.0591373380296,506.29628694858474,1.0,10.265024214467003,7.65294177822109,8.063774710913854,9.335387715460575,4.898135418049018,3.048220839460544,4.127524101268816,4.653531525026555,40.438818171695665,36.990723195037134,17.227760321280186,40.06852507976296
450,331748588970031.6,-3.4444210774911,18.909775183655263,8.946452068637491,0.19359466157764688,2.4769576285427037,3.260803094999602,-0.7427185094402278,-34.702232416651526,18.055904068084324,1021.0471195995846,549.7390650301016,1.0,21.20100560520367,19.220916576881795,9.58660738611387,20.91933560400073,4.099467625307735,2.4845116193302976,3.2665449204549977,4.094893883601244,39.125595678525194,34.710179565706156,18.07117324636475,39.118545555978486
451,331748622303364.94,-10.836994705849353,9.709400014723567,9.114137825693142,0.10966188328695066,0.5778704763991169,3.016939297419924,-4.689170770432541,-35.004882732685125,18.90046729870041,1021.0209855085668,611.3766551418893,1.0,17.169170370354284,14.550357483598845,14.160083423494985,13.316904931388695,3.0737408382061764,0.5881836585113388,3.018931674112991,3.071784011256385,40.05693200624032,35.31756132072706,19.473468787648553,39.78152183160268
452,331748655636698.25,-14.72815451275405,7.620665726926702,6.734503804446078,0.5013474392357432,-2.396508594297319,4.3918625163509795,-8.604543017436994,-34.628502331339206,18.297454849277457,1021.006511531938,689.2435694270922,1.0,17.89822960421537,16.582915349030543,16.194816357206903,10.169960059589908,5.028226233961426,2.4483877751224683,4.420385234044313,5.003169975632416,40.099478652618856,35.68152651233532,20.219669000759406,39.16541877310789
453,331748688970031.56,-17.636573423391585,12.196355513996918,6.204896854098923,0.4103319950616334,-5.120655990125357,5.203600876233793,-11.03407747147911,-30.579440215336266,20.024762854089072,1020.9886961520433,781.3743200288543,1.0,22.32264668251711,21.44294312687709,18.696242057929425,13.683999152068438,7.312109968710745,5.13707018789679,5.219754249513319,7.300587637193858,38.18172543105449,32.50927605361165,22.86355162718838,36.552609910180564
454,331748722303364.9,-19.543156522323187,8.823638428390817,4.818843305132699,-2.5016970347558347,-7.000066219083562,6.023608998315366,-13.72879604599386,-31.26197641735606,21.395273273039066,1020.9779318353555,885.5948854667165,1.0,21.977552474523197,21.44275080233407,20.128492682151975,10.053747854128698,9.567825274838938,7.433667676541707,6.5224499552156,9.234976580162003,40.29328391704805,34.14368185172511,25.421202947549837,37.88230309718967
455,331748755636698.2,-19.65667900947964,4.26959998219585,2.7619917325109706,-6.176341608417267,-8.461124693763127,4.991195215460248,-12.530339480293158,-32.167094386673625,16.9920100218774,1020.9888319643617,995.7291034798836,1.0,20.303770881788022,20.115032033026548,19.849776522978196,5.085084300031393,11.603872475432839,10.475582406113494,7.940983902684835,9.823576780493012,38.476743278974965,34.52146243675901,21.112503690348415,36.3792573572462
456,331748788970031.5,-17.092096584067882,-0.020442091847044888,1.3319602620529378,-6.749842133920207,-9.489178104028085,2.751487014312375,-12.509725980544761,-34.58072016632071,12.954391512510298,1020.988851557949,1101.995685754012,1.0,17.143929002941892,17.092108808401147,17.143916815558605,1.332117119027908,11.965598635786684,11.644950404480499,7.289104857441283,9.880039568741395,38.98891779453612,36.77389633054534,18.00859526914066,36.927529929319384
457,331748822303364.8,-14.842729789196245,1.5378626571725418,1.8578957805034653,-5.236564888462403,-9.659421394038624,-0.1509747520310531,-8.887433827651654,-36.12509791519034,5.579769748848376,1020.9987227772244,1194.4844850713139,1.0,15.03740090170612,14.92218647341667,14.958556224659725,2.411803947989631,10.988577108727007,10.987539920231841,5.238740803554619,9.660601174014065,37.6183865931693,37.2022738474811,10.493822491878277,36.55347493511736
458,331748855636698.1,-13.92681336997886,2.352638447351645,0.6061395933340413,-2.936703590051654,-9.048473781678853,-1.8522421234945687,-5.108884535744492,-36.811966126207174,5.318081257636695,1020.9987596534113,1263.2856036211324,1.0,14.137129960242504,14.124129647740391,13.939997699025243,2.429467610519703,9.691744251557587,9.51310179455428,3.4720352618989834,9.236107332733702,37.54335546457482,37.164789132680326,7.37446197782563,37.194123707110656
459,331748888970031.44,-9.555036500828832,2.8279845029313755,-1.607813135892622,-1.7389091860775838,-7.669314324413741,-2.8615452599611273,0.04887880625211638,-38.76369389899971,1.7794645555176687,1021.0110401415103,1302.2854005262602,1.0,10.093625808446644,9.964748811735864,9.689364561833772,3.253084602153606,8.36843047643277,7.863980376633884,3.3484692670279954,8.185769571730185,38.80454674309947,38.763724715680354,1.780135736971854,38.80451595883772
460,331748922303364.75,-6.15891782571711,2.0152039686032173,-1.364230886907046,-1.5318021599076477,-5.901390453886601,-3.240875538453582,5.946294099908764,-36.90585523902876,-1.5694927833654526,1021.0390120187723,1318.7590877691575,1.0,6.622268624255688,6.480224982129103,6.308200591034433,2.433551509186798,6.904788295238923,6.0969522834217456,3.5846467207863775,6.732732249612389,37.414754737186136,37.381821309919566,6.149936676067975,36.93921301978675
461,331748955636698.06,-6.806719252315411,1.6268646809366911,0.28018984470401775,-0.5488223208754581,-4.581534446386613,-2.743106519829185,8.602909510680332,-37.373889947510854,-4.143676109117058,1021.0387477026305,1322.9320641739464,1.0,7.0040432622161735,6.998436658991815,6.8124836387999155,1.650816476521392,5.36808133344192,4.614289091866504,2.7974701640983604,5.339952365195448,38.574444306494875,38.35124120361174,9.548827349272873,37.602894855395384
462,331748988970031.4,-7.227583187458406,2.03917084120257,-0.13471655640612293,-0.06385828943042306,-3.465149328556818,-1.964301557168377,11.49987473873488,-35.7934701412924,-5.218037571651461,1021.0488436455967,1325.0297285647484,1.0,7.510947010984177,7.509738773835093,7.228838584599973,2.0436159791361788,3.983694059264699,3.465737692083281,1.9653392807917645,3.983182204807091,37.955863049881366,37.59547344777272,12.628342532009452,36.171818047407534
463,331749022303364.7,-21.260039712807703,13.667511566556373,1.7652981753002523,0.12384690082239089,-2.5063380770090204,-0.47430334211456343,11.925088189290248,-36.89271116016703,-7.183677002898936,1021.0376154188353,1334.9065449074967,1.0,25.335872565590304,25.274298427693555,21.333203374971117,13.781043141564815,2.553826985418086,2.509396065014167,0.4902057886075558,2.5508222628412036,39.43203114666859,38.77215321683673,13.921671724485131,37.58560032817744
464,331749055636698.0,-14.552938950347649,10.478632786927905,2.888971089414996,0.8278628270917939,-1.2862238277954332,1.3912741470385799,12.186420479626179,-35.48300649653678,-6.1343258566537315,1021.0401068099242,1355.6649614813566,1.0,18.1641386014119,17.932924389954536,14.836919695409199,10.869585964458635,2.067697354035905,1.5296171402246883,1.6189504664128378,1.894733619115538,38.01555665586306,37.517363901792514,13.643269323071465,36.00935578080899
465,331749088970031.3,-24.15821777539918,20.736489014692268,2.149288847644783,-2.788203746947696,-0.3595253542829884,1.3571448798343673,10.169577325209238,-35.186744733983986,-7.973483310823914,1021.0302296346928,1384.5171360798422,1.0,31.90988726540218,31.837422363314307,24.253637430996264,20.847575859247122,3.1217272205825606,2.811287714707529,3.1009550721275874,1.4039589400096242,37.48471347170666,36.62686593128,12.922721813975466,36.078850329279305
466,331749122303364.6,-3.898009040903005,18.788036036436864,-0.36471693766778535,-2.6726593313835734,-2.0177572630818457,1.6759489118449564,6.596394705951046,-36.12965103871094,-15.355323147588917,1021.0176936016894,1418.4776444664772,1.0,19.1916073072068,19.18814145740571,3.9150342179326265,18.791575680369967,3.7447639484305983,3.3487986315022336,3.1546652210252017,2.6230038367935786,39.807663285636416,36.72688534705503,16.712222236542303,39.25732585322014
467,331749155636697.94,-2.6542986246811004,14.072761470034969,2.710662130556432,-2.3590612463430776,-1.129453828551817,2.550501068854741,4.491006154322829,-35.76537990131496,-16.40342168039324,1021.0381992063922,1454.5615721870201,1.0,14.575170865808659,14.320890914376967,3.7938094805902836,14.3314446089197,3.6532029257977565,2.6154991712535702,3.47422303058208,2.7893944957749404,39.60307789286515,36.04624163159801,17.007097903609555,39.34761291756056
468,331749188970031.25,2.135336992099019,10.585730813417857,0.4212388457911533,-5.737189140885271,-0.48952714899866173,2.55261274637787,0.48980869142184114,-33.93947363572517,-23.490949061656696,1021.0546054260337,1491.5462301465936,1.0,10.807164433336537,10.798951843765709,2.176489429110546,10.5941086939557,6.298476633351068,5.758035782096065,6.279424421972339,2.599128442878022,41.278959180696724,33.94300786943132,23.49605499592521,41.27605308756439
469,331749222303364.56,-0.9844756544706497,5.7368450875165236,4.686927233458905,-6.027358368329761,0.3146568132890933,2.468855634226022,-2.7482094126317227,-29.761695939991924,-31.430563239740184,1021.0686018584847,1533.9151548617856,1.0,7.473143298783092,5.820703039359411,4.789204443953522,7.408014474196255,6.520989645220548,6.035566072078413,6.513393665588191,2.4888264408750604,43.372704616700084,29.888312100220872,31.550482730744147,43.28555013849124
470,331749255636697.9,-2.1910164359972817,3.663962783321404,6.915165663950536,-5.185883647763384,0.5520157887157608,2.251724248648641,-2.6150134450676688,-25.351826402730087,-34.83155149446719,1021.0787815976216,1587.3047775052269,1.0,8.12678856992447,4.269095489723152,7.2539692019397695,7.825863494685094,5.680525744249684,5.215180786811819,5.653640535097005,2.3184010703378677,43.16005533805264,25.486337462884837,34.92957593257617,43.08076231296148
471,331749288970031.2,-0.13197703335444308,1.7302865645730205,6.4548371770191855,-5.444337189184108,0.5643069633693428,2.291319337785289,-5.104589216903303,-20.215676150918434,-38.97205139572872,1021.0787659447772,1657.3515292495467,1.0,6.684028165313485,1.7353125173509656,6.456186251895313,6.682725086173373,5.933750423311472,5.473504341684608,5.906856332876392,2.3597852988388466,44.19899527481885,20.850189287201637,39.3049312563277,43.90323851642534
472,331749322303364.5,-0.8651162089775318,-2.508120107688128,6.4627600253346555,-3.777523833723163,0.9112788594078092,1.7229967751504403,-4.2548696377887785,-15.82236263237399,-41.20117663767117,1021.0887410687462,1749.5796372074178,1.0,6.986154856191549,2.653128818890097,6.520405907617965,6.932382968334418,4.2507450360059185,3.8858867036945557,4.151915726688749,1.9491400787994726,44.339463587570634,16.38447664421789,41.42029541134584,44.13484015603687
473,331749355636697.8,0.5985684449576114,-3.3429478810196205,5.905678310522207,-1.7897310984697972,0.9919051620297753,1.2823042534596503,-4.799107468455763,-11.429748277142913,-39.90086044690821,1021.0787530979179,1867.7016057064848,1.0,6.812534111906154,3.396113178107076,5.935934677089312,6.7861872095150755,2.4148120949117207,2.04621925885063,2.2016906238776186,1.621166261955271,41.78216416817448,12.39639375676004,40.18843237671049,41.50563588336523
474,331749388970031.1,-1.3653986803533336,-4.054214367102359,7.973150137318752,-0.12758887640728173,1.0103943957621062,0.7678474198684663,-3.6790177867665093,-12.650030793171476,-38.735535976134166,1021.0889917321296,2013.9640589593344,1.0,9.048319777890029,4.277963030547343,8.089217308772009,8.94470666073769,1.2754471437770383,1.018418261997665,0.778375604436273,1.269049445524536,40.914547514324475,13.17415845295368,38.90985632502038,40.74880398768252
475,331749422303364.44,-0.7325124961406804,-0.763504493907106,9.647647550402734,1.7403363031889654,0.8310473125326239,0.27529720241245625,-2.4192744684194243,-12.779265972815137,-39.92195226388452,1021.0796634144439,2190.571559985662,1.0,9.705494161865765,1.0580707297806684,9.675416157137331,9.677811858525057,1.9481269551857383,1.9285772175013194,1.7619758789079831,0.8754588427355232,41.987198052708536,13.006249565401124,39.99518922962386,41.91744161281584
476,331749455636697.75,-1.4402732695127194,0.3459438028396527,9.992322281075474,1.3787628995034378,0.799936211532701,-0.08239603675859734,-0.5762610137640356,-13.736933040429289,-38.81303641686765,1021.079312696859,2399.722790293502,1.0,10.101513192312991,1.4812373900209308,10.095587732259585,9.998308941196033,1.5961435344109693,1.5940153937677066,1.381222733638804,0.8041685453900906,41.176294175293584,13.749014732453457,38.81731408344836,41.17226159994532
477,331749488970031.06,-1.2416703986603872,0.9121394112350658,9.398136510602194,0.7507232752018987,0.8377321714478217,-0.2688723578588795,-0.3244364940408409,-15.197542981564704,-38.71581912287557,1021.0791001379844,2635.082532139192,1.0,9.523587221018753,1.5406958442332794,9.479805654696905,9.442296763893955,1.1565781304473735,1.1248913845383244,0.7974194509481564,0.8798224456668947,41.59309103769988,15.201005615260199,38.71717847924721,41.59182567562675
478,331749522303364.4,-1.0030449507930919,0.812533010812328,8.61851874308068,0.4548077164698576,1.0317556417239435,-0.29156970474857574,0.015182252103976668,-15.776475423304545,-37.66734865045656,1021.0887886022159,2864.7189086444546,1.0,8.71465285549598,1.290855943539504,8.676690872570285,8.65673582931192,1.1646384228235322,1.1275503373196751,0.5402434189212285,1.0721625795355656,40.837807992569374,15.776482728508,37.667351710145894,40.83780517042002
479,331749555636697.7,-2.2511466152266637,0.22934260248626734,8.20665488249617,0.9482704798955187,1.2359226310559093,-0.29566764583634003,2.3575324948064433,-16.330987253613706,-37.37642092533039,1021.0888056151058,3051.9210810982645,1.0,8.512898652806802,2.26279895540051,8.509808778324263,8.209858853215042,1.585604304292796,1.5577938416226451,0.9932956558022796,1.270796642563461,40.85652879686718,16.500275880777316,37.45069826654163,40.78845407545092
480,331749588970031.0,-3.6555449747439908,-0.2630938025794413,7.477276950692938,2.0078117543119625,1.35270691087284,-0.471247878280689,3.8826207878528463,-19.564513844145463,-35.41550576665224,1021.088136119816,3159.978210789594,1.0,8.327178274103158,3.665000328967482,8.323021065679212,7.481904098979055,2.466414115727623,2.420975841985298,2.062373051496099,1.4324421627092638,40.64606985734051,19.94605089084119,35.62769699110574,40.460205766475504
481,331749622303364.3,-4.520610154365111,-0.057685570589862185,7.121034759254571,3.0673628812204266,1.5528006946466166,-0.9762625302074995,6.56149558834155,-21.444184848767563,-32.8628888256218,1021.1082715120571,3154.1215912800144,1.0,8.434949901173987,4.520978189817248,8.43475264665543,7.121268402999994,3.573932507794606,3.438008877589453,3.2189755471230326,1.83419697011585,39.785371057074684,22.425572193010773,33.511530647241464,39.240572444770606
482,331749655636697.6,-6.213316200397154,0.7738347108269179,6.862045066795661,3.559673943090011,1.5970561786540276,-1.7394188685841003,8.859704009729576,-25.5830680935297,-30.407372754163102,1021.1240476483213,3036.6776776490005,1.0,9.289336944289026,6.261319219285845,9.257049243946604,6.905539997597237,4.2717028243169475,3.901521116038076,3.9619258677441684,2.3613907847206055,40.71358552165132,27.07374610611165,31.67179617499833,39.737912512974276
483,331749688970030.94,-8.076066411663707,4.943560869632895,7.581971923434,2.9067266817155573,1.713299469795468,-2.3881535590536362,9.939885221696718,-25.534379923716703,-26.272188207845733,1021.1084378871742,2843.2924589859176,1.0,12.130455102967478,9.468983195537325,11.077416076565155,9.05124810838301,4.133731062492953,3.3740858132831426,3.7619592533436195,2.939161869448837,37.96095032448055,27.400837146138645,28.089663427121607,36.63649043395362
484,331749722303364.25,-9.460504608456546,4.098678126752425,7.480969074972382,1.3709980780858289,1.4997723730645915,-2.4781919341957517,14.776391909006481,-24.468213515193288,-25.193653125927575,1021.1188278011995,2610.7962025499337,1.0,12.738336160348393,10.310204160604497,12.060930550638316,8.530185266886757,3.2047446331705927,2.031982505122235,2.8321495357462885,2.896679553164395,38.10190793520975,28.583828128395254,29.20722369000711,35.11998904405649
485,331749755636697.56,-10.7669624859,-0.1419610871653073,7.386048594226321,-3.000363030174201,1.888920688303665,-2.4303886943260147,16.673734507127705,-21.458004600470257,-23.797363946437628,1021.1192727310992,2376.0177662146716,1.0,13.057616473128611,10.767898315040268,13.056844757024974,7.38741272615398,4.298486813408344,3.545447740347854,3.8612132184514008,3.0781180244118813,36.12165437306538,27.174609175625395,29.057321852046012,32.04310366105337
486,331749788970030.9,-11.803237223896296,-7.219155792003719,4.2943666692009765,-3.028777842960846,1.8048843679351794,-2.5759101313486243,19.735027078312015,-18.815831784954515,-25.266649899860735,1021.1201358620627,2167.148766157408,1.0,14.487035735523547,13.835917725716353,12.560174921278582,8.399868775091974,4.366510713191004,3.525776907807317,3.9760292034635563,3.1453013506500866,37.17405569350142,27.267321458871113,32.060488002272216,31.503001808110874
487,331749822303364.2,-13.241543435162338,-7.863647545852505,8.006637310276519,-1.782118969383909,1.7063644683321406,-3.1265912355184127,22.692091079555812,-12.872099946802457,-24.28204159146808,1021.1123112565564,1983.3137355455558,1.0,17.35746716226175,15.400500812333439,15.474001213765069,11.222441523291806,3.9828633511388447,2.4673118408146943,3.598822137180236,3.5619169632105385,35.640419448333006,26.08873233032468,33.23474900480883,27.48287650320209
488,331749855636697.5,-14.435540215049937,-8.27833876861441,13.997925805196779,-3.2842478883893893,1.537604795758265,-3.788893697350669,24.425598480397007,-9.857267524927892,-20.813203201015224,1021.1187739810555,1817.5291689641665,1.0,21.74529008581082,16.640784659031805,20.107877763407004,16.26262031825555,5.244638038049204,3.626363564278819,5.01417985738583,4.089002807257833,33.57029954692572,26.33962004630231,32.09048595163873,23.02944095163294
489,331749888970030.8,-15.874000454872416,-7.7923841718960905,15.797290065515773,-5.096118192466872,0.6182616293801062,-4.014644211695653,25.381993780211925,-1.1120258802404932,-22.288190063198467,1021.1125556021296,1662.8115609982897,1.0,23.71201203900145,17.683470856246135,22.395049985551115,17.614642332345554,6.516903883015076,5.1334849833184055,6.487510214103191,4.0619718843026416,33.79712452428905,25.4063419212023,33.7788250913494,22.315914004395687
490,331749922303364.1,-17.785787358835986,-6.945518696277304,12.126212448536002,-5.416503211057718,-0.18111695969847177,-3.7518737988485182,26.51780965175489,3.843600101492564,-17.943370045881935,1021.1087790753587,1512.4895903134168,1.0,22.619007278859456,19.093833086472383,21.526245848283892,13.97445019696185,6.591499631417345,5.419530458304389,6.589010854284926,3.7562428509850676,32.24797697639887,26.794915384581802,32.01810046411495,18.350416625887455
491,331749955636697.44,-15.653033825643833,-5.406064378006057,5.949506900583547,-4.056269933329765,-0.3776290395451503,-2.5506580521607884,24.557253283220007,11.20954611602385,-17.69173921180586,1021.101119276952,1365.4606763927493,1.0,17.59658013268451,16.56028381417106,16.745569572482186,8.038791228738141,4.806431728693909,4.073810189925747,4.791574091161246,2.5784608181161994,32.275536390307046,26.994677492859314,30.26642240428771,20.944010133348733
492,331749988970030.75,-10.904827830901933,-4.90838689063295,-1.0644360284419814,-2.142763679679439,0.46949145108086,-0.6952267607276166,24.751042290103445,14.089600387635787,-16.29145650177935,1021.1087322258029,1225.4201552831134,1.0,12.005855069439914,11.958575663085915,10.956655241462089,5.022478066331672,2.301129865614541,2.1935948599482495,2.252726444951802,0.8389055199900798,32.810706918308306,28.48036048805836,29.631497589488415,21.5389970526168
493,331750022303364.06,-4.4518469074731515,-3.5967977772988373,-3.107705045725567,-0.16024415585497578,2.2737515381613163,1.6450897754339393,25.06674088905159,12.118106668164602,-12.974917063726602,1021.1185942913694,1096.2203087371981,1.0,6.51258211384611,5.7232766085835935,5.429251471317792,4.753397195902106,2.8110397748900517,2.2793912009079587,1.6528758449208951,2.8064686754938566,30.71707148851352,27.84223424978438,28.22569700838997,17.75378782208459
494,331750055636697.4,-8.968645800950313,-1.0558666381920818,1.957921391840442,3.638124437034681,4.4563801011676905,3.4369015834799943,30.36587243499491,7.824675543268434,-9.468009269317264,1021.1288998477772,981.7132410137846,1.0,9.240395989197493,9.03058480169201,9.179872748547774,2.2244798345396304,6.701310731488248,5.752849122429013,5.004821866348112,5.6277540902753245,32.75599114085367,31.357802156653243,31.80769416764223,12.282863952731088
495,331750088970030.7,-16.236823506518277,2.9022148728378,16.430459660476902,5.053167572109834,5.77772326233632,3.831821674465406,30.495471401148624,3.224110559112804,-6.916731941272813,1021.1192205796937,884.7289237277008,1.0,23.28126485834703,16.494159231374766,23.0996632494152,16.684809133540597,8.579011945024178,7.675714208330365,6.341715844842409,6.932888535166645,31.435805153090637,30.665431105328622,31.27003288654646,7.631256098756368
496,331750122303364.0,-15.260312155785021,2.323923885796967,14.844499327139616,0.5335009164745061,6.578327559864419,2.7115110403231424,31.795724675904342,-1.226853559426839,4.421441735121939,1021.1174748641366,804.6705953799768,1.0,21.415809804731325,15.436247902873864,21.28934680457455,15.02530473902031,7.13521610286228,6.599925508121353,2.7634969422225577,7.115243186755183,32.12510582611782,31.81938524425308,32.10167059021992,4.58849830264286
497,331750155636697.3,-18.0633458152011,-3.2187318100427853,7.879410521771909,-3.6509628153011358,6.611382985981526,3.186185956394892,30.598200458046875,-5.546387007419512,9.552129618427628,1021.1180649782756,740.2241945676544,1.0,19.968219917537322,18.347879891271482,19.707094463927273,8.511483104347397,8.197054069284015,7.55247737275906,4.845751791769739,7.339084815973584,32.53083860514718,31.096821061113175,32.0545324645059,11.045614020203418
498,331750188970030.6,-16.883306272979215,-3.973372779571364,4.056733730784193,-3.4720951326001597,5.738210927279199,3.622609806027423,28.224015869912762,-10.943889709668483,16.877354140716932,1021.0998795655325,690.0756598877756,1.0,17.812658715507357,17.3445588572514,17.363845175239888,5.6784487149150955,7.622716777009242,6.706900122692459,5.017842805085843,6.786042031454893,34.65846038983339,30.27150134701738,32.88525740535206,20.115014411343648
499,331750222303363.94,-13.856621611590858,-0.08384705768575651,-1.2592361274310906,-5.215122941812348,5.4606859292976315,4.3753534316904865,23.4832312668727,-16.27319139114932,19.33041468843352,1021.0872925942837,652.8276754608186,1.0,13.913973855103977,13.85687529047907,13.913721217252935,1.262024545605278,8.72698778324184,7.550933592387541,6.807438942100267,6.997342957911585,34.49556262496976,28.570595177321806,30.415901807446613,25.26819522798933
500,331750255636697.25,-16.648357858126577,-1.1915223150621082,-5.427497445094226,-7.4222055107781975,5.662817384258299,4.306250614078396,17.848590702569037,-23.570834386830796,17.488435620214204,1021.0583307244401,625.5827573389194,1.0,17.551218570687343,16.690941998567244,17.51072665221947,5.556748504637881,10.281071428743932,9.33577181446099,8.580963174112613,7.114161586491311,34.35115433579512,29.5661364361196,24.988348695146122,29.350121194533116
501,331750288970030.56,-14.462835501920848,-1.5929187098469715,-4.0033492887765325,-4.888548607660891,4.246026305100081,3.9137592854338696,12.50421159147118,-29.77824386925879,12.956833846294659,1021.0486255539702,604.1428336060101,1.0,15.090984272066226,14.550292119809919,15.006679055792778,4.308618751308604,7.565986955935419,6.475078908636179,6.262221589322999,5.774621297359825,34.799118649497686,32.29704499580931,18.006522452843832,32.474964992398924
502,331750322303363.9,-10.566941070864521,3.633141287918129,2.8592158828206093,-0.9597817430670561,2.9384866256846855,3.634094420281724,6.327709961366018,-31.08174799943975,14.94015762684249,1021.0385258490227,584.2667490814517,1.0,11.53408317456019,11.174075318034099,10.946933774335948,4.623292234171342,4.771009002210682,3.0912593944301414,3.7586996753994053,4.673472574526412,35.06170677492394,31.71931544116057,16.224925986582203,34.48598800405139
503,331750355636697.2,-3.8538036276540724,10.390611607552463,5.524855419235448,-1.98314752589279,3.279960349618828,2.532264418568906,1.3591137960748136,-32.455639886424706,11.445818127425193,1021.03905780165,561.7139171356408,1.0,12.383078752191595,11.082265651910879,6.736158386200177,11.768128015213774,4.593841212980318,3.832885858530927,3.216401280158434,4.143730563227028,34.441581022857505,32.48408457611147,11.526228477553968,34.41475429293921
504,331750388970030.5,-8.596439767889736,6.535853731067149,3.9292293110779437,-1.9140357929582823,1.9762917575786176,3.2391675389692987,-3.8360925655324696,-34.773464977564565,10.062118367683833,1021.0177843741197,537.1623906587948,1.0,11.491518770636656,10.798896271233488,9.451858000519803,7.6260230115662795,4.249878642186274,2.751229203065172,3.7624113759978273,3.7944611549712306,36.40268807056044,34.98441757007315,10.768557573631385,36.20000127888382
505,331750422303363.8,-5.406015156230463,10.898601041929979,10.546233696068086,-3.022179673750018,1.0018375374659505,2.5080767853600876,-7.008897661132724,-35.49207270839775,7.868543998992787,1021.0087879118382,528.170676201206,1.0,16.100545012906633,12.165710194663964,11.85107780083632,15.165834953712213,4.053109620176316,3.183904589007592,3.9273425037409146,2.7007642645625385,37.023315035616534,36.177505048889486,10.537486943684303,36.35383349527636
506,331750455636697.1,-6.826198517009758,11.817139253866662,4.350728004918072,-0.9064476737532102,-1.17765797440115,2.6462218643425044,-10.961485988887498,-33.297195699799396,3.1225936898876205,1021.0088421347498,555.9156836332378,1.0,14.323777452602402,13.64704240261979,8.094802058506719,12.592601570686444,3.034965542678787,1.4861109278661624,2.7971659837372767,2.896440653629026,35.19386321374001,35.0550626380173,11.3975772178434,33.44329279276886
507,331750488970030.44,-7.103450462467594,10.861036465340568,5.586092034591697,-0.5307261130983435,-3.1246209126388047,3.5610403422476247,-13.073535293671213,-32.84876587106656,4.96405070255746,1020.9898292017866,641.5743228252535,1.0,14.12889046574845,12.977716346653159,9.036782208931445,12.213375345103676,4.767172576479617,3.1693731327857617,3.6003719983134457,4.737537774711125,35.70154819758627,35.35475561119061,13.984245580381804,33.221728110224916
508,331750522303363.75,-7.5424642231616845,10.253022533218425,4.509220840404806,-2.6706696123576084,-4.4981392333556105,3.7562391216854767,-16.29719493946572,-31.603867135400108,5.076947927217331,1020.9895692591464,804.3617428790866,1.0,13.50356657375746,12.728442073732307,8.787595754540318,11.200783171467332,6.440113747466253,5.2312266956253515,4.608883651997609,5.860255020213154,35.91905317603244,35.55844457800383,17.06967964405376,32.00905837677359
509,331750555636697.06,-9.31938067992371,7.042451731773274,4.421727559600827,-3.8752905484145996,-5.310493772078318,3.710353113240046,-20.60098296980638,-30.62895753969022,2.0574518902493626,1020.9890792249839,1028.0613112339854,1.0,12.489942244182926,11.681052292139254,10.315160244449372,8.315515678879445,7.548903308616705,6.574132713743626,5.3651278698239455,6.478276339290622,36.969807242817616,36.9125119612632,20.703468492089513,30.69798280423059
510,331750588970030.4,-11.350471139759994,5.6001058101152195,5.730424615214678,-4.665256780366285,-6.477898817804127,2.452984195916685,-21.87747601238545,-28.423575244830715,3.23992951399556,1020.9788019812589,1265.6942420026014,1.0,13.893600917316903,12.65679185967008,12.714989632916843,8.012424811200697,8.351342729518334,7.98296899157586,5.270839809002984,6.926781688426821,36.01417401005767,35.86814166319541,22.116082382016945,28.607634871729836
511,331750622303363.7,-12.585284460268921,3.070648481989196,5.988783332722811,-3.676820331485512,-8.109556022297356,1.4433467300329355,-24.505680027319684,-29.09502105553371,4.198518383013235,1020.9699715841492,1469.259765344198,1.0,14.27178309995382,12.954468998991388,13.937536035906238,6.730112027763067,9.020374516166239,8.904151089733627,3.949969307870885,8.23699876544097,38.27108778746464,38.04009205855481,24.862741405844105,29.39639105118943
512,331750655636697.0,-13.07412652026622,5.30013393132743,5.776975200939558,-2.4251466500941974,-8.601772071970114,0.46900837137937307,-22.581528788378098,-27.923690053685835,9.3681161931464,1020.9784437247796,1590.7595993819687,1.0,15.244594006735879,14.10759384012514,14.293572917230986,7.839952943881679,8.949401538930527,8.93710350463662,2.4700820081299,8.614548834997047,37.11360275751943,35.91180737076125,24.447638810908522,29.453252235069137
513,331750688970030.3,-12.867236107512072,4.619912373424195,3.1883599608701636,-2.1172624906453485,-8.500812765690187,-0.7235522117252429,-19.07140882628284,-29.446660714127503,10.079014692928443,1020.9789712514776,1599.5405682016803,1.0,14.038340166296742,13.671479634062306,13.256372214393439,5.613308256117596,8.790343903096595,8.760514718417804,2.2374825714150792,8.531550004566212,36.50220539929644,35.08310792720849,21.570933493928504,31.123823100531972
514,331750722303363.6,-11.934493617436996,3.300353463451199,0.40590003104651917,-1.7813244099891454,-7.980736527034558,-1.8149095422173505,-12.851887199814179,-28.295592932288717,13.380809189889993,1020.9690118714975,1523.7677239647162,1.0,12.389076871323475,12.382425888668129,11.941394086950147,3.325219965493695,8.376107020209233,8.177118818237068,2.5430323041705094,8.184500727617733,33.83574498312072,31.07750929509208,18.553087591368506,31.299946229443137
515,331750755636696.94,-9.301749443759086,2.7394941364610284,-1.6022166389959551,-1.1236620263995876,-7.344292002278353,-2.4758139969529234,-8.99693789029369,-30.61471879265886,15.46630365249909,1020.973883907658,1404.0618906411478,1.0,9.828248521300848,9.696771155295808,9.438730893120534,3.173629827497191,7.8314044916483665,7.429753788942283,2.7188731667881156,7.750372891818676,35.460011940588636,31.90933872952214,17.892776198038945,34.299672818044286
516,331750788970030.25,-6.695879079641477,2.6841571136383116,-2.043391288004446,-0.9868332622792012,-6.501835689449949,-3.0117562400675606,-1.7298642472222996,-30.747913727017938,14.14713691889593,1020.9987009052625,1281.0438922010474,1.0,7.497662570145979,7.21384059013474,7.000731719261413,3.3734474008923896,7.233144742761035,6.576298899848281,3.169308368891626,7.165510657461266,33.89053130123434,30.79653598828862,14.252505510113167,33.84635403652994
517,331750822303363.56,-4.61541276048342,2.0037226360868825,-0.15660979281875856,-1.0569326333357296,-5.373762891114958,-3.0830809199096127,3.8701820544796988,-31.59471025765075,13.637638297922926,1021.0036004614949,1193.7683000183004,1.0,5.034030788464339,5.031594116381025,4.618069031190409,2.009833582556949,6.284888396785172,5.476717465903659,3.2592168614746555,6.195378565401382,34.629311338008044,31.83086592286987,14.17615912297089,34.412365431772855
518,331750855636696.9,-7.498250410253205,2.7648859549061964,0.31892660395534034,-0.7647808247684239,-4.372618914583742,-2.3058187964058106,7.91320598117633,-30.18625319252657,8.918453886149429,1020.9978868921876,1153.2640297590528,1.0,7.998129014789046,7.991767861900138,7.505029872930077,2.7832190934865397,5.002148158938049,4.438996044389877,2.4293394229279306,4.943338597955217,32.45562401839193,31.206228716457318,11.922988242043129,31.47616084472016
519,331750888970030.2,-6.955382056371409,3.7144956970751166,-0.23793158197331024,-1.1220909660373812,-3.7900129560295737,-1.7859611901144254,10.894038289325422,-29.19098791106855,7.242874284740313,1021.0101736404439,1146.3673390741628,1.0,7.88868995913664,7.885101003391328,6.959450480303289,3.7221082361062368,4.337389043598656,3.9526303068886586,2.1092049470493945,4.189732160826866,31.98832714253734,31.15756481937314,13.082021944402971,30.07612014753071
520,331750922303363.5,-12.878609364485689,7.039341976726074,1.6042551494733754,-1.3672274108370546,-3.385184383325764,-0.6275289725010351,13.134899550938298,-29.592711463041873,2.7990455386413,1020.9955929025504,1159.1200342404904,1.0,14.764299821289462,14.676883682455081,12.978143694212601,7.21983171894675,3.704399642774121,3.650860734410015,1.5043614606444826,3.442857232073506,32.4975201188564,32.376753357124755,13.429826586394437,29.724791465412128
521,331750955636696.8,-13.47034490877258,12.917056045866124,1.0709871843294303,-1.3765140615563956,-2.876670566286129,1.034965543435901,13.518793965780514,-29.027464306617208,-1.0738457415344727,1020.9888127298203,1177.5640254200957,1.0,18.693516052426837,18.66281138664113,13.512853344512152,12.961379187457037,3.352786629760238,3.1890475864432384,1.7221918121283861,3.0571861610043523,32.03911077164551,32.02110982400766,13.561376588157833,29.04732050893073
522,331750988970030.1,-15.625465979405833,23.162212878104206,6.947569188402395,0.5649996080065689,-1.5955633545103893,1.9795270559196656,11.862684333635523,-30.874531721079194,-0.599755950250529,1020.9898150596919,1190.7595117382577,1.0,28.79083204966164,27.93999449685317,17.100406565377543,24.181745657380787,2.604529581406593,1.692644964339546,2.0585800742661324,2.5425085611211666,33.08050325788996,33.07506596509533,11.877835947652358,30.880356477796468
523,331751022303363.44,-4.162416533088568,20.44508898880696,-4.8263303055018065,-2.893894238634692,-1.4085883162383857,1.2623574778480302,10.23558967264705,-30.51936525498129,-6.270494258532505,1020.9988370010082,1198.682918870088,1.0,21.415434606212635,20.86450035718959,6.373317473085286,21.007025681377186,3.457208601014002,3.2185004130878023,3.1572409262332046,1.8914722959964627,32.79509185472801,32.19004429188873,12.003599218279827,31.156873299695018
524,331751055636696.75,-2.104392029487732,14.947038393942693,0.2525854322845572,-3.4929056974561727,-0.33419831487908747,2.962810171807362,6.270939461002925,-32.87506585777027,-8.40666720831987,1021.0186625585012,1203.7777347731035,1.0,15.096563250103342,15.09445005834159,2.1194964530222435,14.949172423602562,4.592420150547528,3.508857182187644,4.580243915501331,2.9815990052039507,34.507487454576236,33.467814940272035,10.487932840889298,33.93290451323277
525,331751088970030.06,-2.2970374035305663,11.723327215385908,2.3091460762460145,-5.01142417435871,0.1231405880861353,2.99249212317385,3.825325300913512,-31.070022329114508,-16.034771773112293,1021.0201949378542,1208.4874474048183,1.0,12.16737183756906,11.946245511968451,3.2570748279185744,11.948579689672336,5.838197064765681,5.01293684976991,5.836898265569173,2.995024659613296,35.17233724115135,31.304622680835543,16.48475111955312,34.96369822183392
526,331751122303363.4,-1.7265044875050548,6.708674776931529,4.0493933509147935,-5.4285277050305725,0.0727839282132787,2.2548047923193395,2.6560903967386915,-27.496945047550625,-21.061029691991262,1021.018087920438,1215.569110473817,1.0,8.02400906769461,6.927274717232773,4.402090895904812,7.836064303786069,5.8786354875903735,5.429015614684733,5.878184898057457,2.2559792001861223,34.73764204477045,27.6249308260431,21.227854057407335,34.63594893510147
527,331751155636696.7,-1.5055600292916491,5.68515282696984,6.4388605957697544,-3.939794196820892,0.26655870745861365,2.217648166565686,0.6629865525604975,-26.024642051693704,-24.9841220958683,1021.0313658814197,1233.0686340451982,1.0,8.720470138677173,5.8811286049366265,6.612536334384644,8.589522014510447,4.528906628370443,3.948801319112622,4.521055375017622,2.2336107394069713,36.08223804018973,26.033085585225205,24.99291715806962,36.07614656279186
528,331751188970030.0,0.10263591688696244,3.239670193383791,7.395247391991019,-4.581825588835055,0.4464928477074131,1.8198956688366945,-0.11000870672769664,-23.21466909291442,-28.386742183367137,1021.0490735228573,1273.4320055752428,1.0,8.074384254052104,3.241295588701314,7.39595958075659,8.073731909758296,4.950202201426537,4.603529253687606,4.930024946382549,1.8738666197209541,36.67069804072493,23.214929743789273,28.38695534396937,36.67053303237453
529,331751222303363.3,0.2141322193487032,0.9163582798274642,7.361734056554539,-4.179302885163788,0.34811370431340843,1.7988714771470473,-2.1640710775966,-19.56680647796746,-32.194122914628075,1021.0391412155074,1349.2391342240426,1.0,7.421636842624847,0.9410446877654378,7.36484765129586,7.418547082579129,4.563298625814704,4.193775835338504,4.550001230464841,1.8322450006546622,37.735986400481174,19.68611488778625,32.26677476710479,37.67388307552607
530,331751255636696.6,0.4872257402039041,-0.9846126686776502,7.25021395182742,-2.616953768901664,0.3424690841305905,1.2912113728113515,-2.711013091955826,-17.326680241637504,-33.88143953563209,1021.0488318858919,1473.0663899569206,1.0,7.332970296988168,1.0985677171835,7.266566676855736,7.316765983314862,2.938189733735935,2.6392673419253816,2.9181627504040963,1.3358562358512311,38.15121734869545,17.5374867122033,33.98972693316981,38.05477359284436
531,331751288970029.94,0.1878721081728627,-0.9914647352596403,7.902299909084198,-1.2670446700795224,0.6498685861691871,0.8614356166416172,-3.183435201496486,-15.355917767247892,-33.97663027502512,1021.0541194755402,1648.9984580865128,1.0,7.966469864589015,1.009107650497599,7.9045328629933245,7.964254276099904,1.6642724226776058,1.4239843311169065,1.5321467023740412,1.0790739089183194,37.42124897704993,15.682425518924248,34.125440136764254,37.28559527914545
532,331751322303363.25,1.2577139951856124,0.22947363981651253,8.178225152605618,0.3017219419491604,0.6191738791323805,0.4314687023328155,-3.178007642276402,-17.25010683936384,-35.422282063005596,1021.0688515678555,1854.4146248966902,1.0,8.277552131624878,1.2784766892894033,8.274370739844628,8.181443931121317,0.8127592902859837,0.6887760324324681,0.5264991655704083,0.7546797557193405,39.52725623028953,17.540408163547234,35.564558188251056,39.39929253832605
533,331751355636696.56,1.3366753924796138,0.5613046921401781,8.454428212452186,0.3934051016072729,0.8707433317141745,0.33999007853040275,-0.32749173247915103,-16.593299083402375,-34.326776026556686,1021.0898795155108,2061.4578175304027,1.0,8.577827257632702,1.4497462061613093,8.559442593087939,8.473040738538085,1.014176896401431,0.9554902007322364,0.5199623327412651,0.9347658547592602,38.12836709962113,16.59653052014439,34.32833819473685,38.12696062956801
534,331751388970029.9,-0.5103579549781112,1.3623371553727388,9.004658926653326,0.3432852368857249,1.1861334545890998,0.43336389730939184,-0.5197112888362564,-16.25066367256279,-33.514132479327756,1021.0788621284629,2242.270963130598,1.0,9.121420402134525,1.4547947508561219,9.019110135017028,9.107131541284913,1.3086487662663138,1.2348106437665494,0.5528553349248548,1.2628209847744285,37.24984893210209,16.25897197311367,33.51816187778911,37.246223239956606
535,331751422303363.2,-0.7041578615092613,1.9645860177329562,8.503598255832081,0.9463478703436191,1.076619446671613,0.29948746951543526,-0.2684880259409721,-16.300240231758863,-32.55215450238709,1021.0681839901475,2370.428411251221,1.0,8.755947682095156,2.0869682592212877,8.532703064710251,8.727587382413438,1.4643689661598787,1.43341680074408,0.9926061837912667,1.1174981777829658,36.40621760332161,16.30245127068699,32.553261719332426,36.40522756913258
536,331751455636696.5,-1.593358244699772,2.978580728509413,8.191723297548759,1.3955063165191661,1.085481620272943,0.1955295024482379,0.860194083827748,-18.307646551140007,-30.30406725524136,1021.0788012495402,2440.9153796554806,1.0,8.86087265656174,3.377977745959911,8.345245417574958,8.716436986512939,1.7787467536788142,1.7679672585755837,1.4091379158097146,1.1029515557258303,35.41534057881574,18.3278437385122,30.31627328798914,35.40489252139682
537,331751488970029.8,-1.8580275897777532,3.7051151670298634,8.42095555674778,1.2692782617842344,1.1706109830399463,0.34281856486375084,3.072057865419903,-20.259362257869565,-30.32503855493396,1021.078796013669,2465.195404213506,1.0,9.385767811641804,4.144893837642896,8.623500392131762,9.200020157025529,1.7603755133115773,1.7266723428177557,1.3147592457378838,1.2197764721574977,36.59900629774406,20.490956508276476,30.480247749759506,36.46984675665393
538,331751522303363.1,-2.0969912956470527,3.318636263031358,7.504045958019783,1.4695622430288684,1.2675066418519378,0.44691892468102606,3.0669009393376814,-22.536382211862147,-28.104572933900698,1021.0774266971838,2455.155680312699,1.0,8.468850269097883,3.9256488814368313,7.791538887414511,8.205123544857798,1.9914624773047722,1.9406664508036449,1.5360174840717418,1.3439901831400487,36.15468744668927,22.74410702953288,28.271414912746305,36.024374290139725
539,331751555636696.44,-3.1891782254126233,3.167533890409169,6.840779279092343,3.2450979513884466,1.1848291934025292,0.11619256966642515,2.915890038198391,-23.76139823537864,-26.882369760668368,1021.098959243487,2422.6797026592603,1.0,8.185376585447722,4.494900299265453,7.547656517006134,7.538536468847902,3.4565852578650604,3.4546318084051126,3.2471774554759367,1.1905128856020732,35.996781311173045,23.939642036068953,27.040048422001053,35.87848728764288
540,331751588970029.75,-4.072985730848465,6.358492956197084,8.322568672060342,4.438556601914015,1.1534746175681407,-0.2889402347141702,4.584445116719942,-26.028555660569825,-24.462966359024772,1021.1063426639148,2375.8949840556934,1.0,11.23765076601259,7.55113537408138,9.26576289707736,10.473565867228228,4.595081594597112,4.585988268821504,4.447951345016171,1.1891131790585152,36.013047217451295,26.429204430016405,24.888830026961795,35.72005645093746
541,331751622303363.06,-5.4008854919626685,4.817706089427571,7.544182481754016,2.5599172939585912,1.1869045162056322,-0.5889698357070207,5.436007758980145,-27.417109479600683,-20.56036598625019,1021.0923060764226,2312.1006857950674,1.0,10.454403157493235,7.237392905003868,9.27816002315637,8.951255849438764,2.8824996704024715,2.8216872403754465,2.6267969124546022,1.3250010558343268,34.69836771464409,27.950815239847692,21.26684814080935,34.26990723221998
542,331751655636696.4,-7.699946834015108,1.1836206250665953,5.152972427582717,1.801752962575023,1.2538576958367558,-1.4644281360612363,8.197844694095748,-27.20486049365205,-18.534942961217034,1021.0986365180258,2226.6562839280987,1.0,9.340410262411927,7.79038760465372,9.26511230833642,5.28716205761756,2.638753991042878,2.195102015751644,2.321823314517205,1.9278767821354261,33.92422737046715,28.413185180609087,20.26693781023869,32.9188174917423
543,331751688970029.7,-10.378258419089224,5.46384051066622,5.554083769820211,2.804004498963547,0.9348430521659724,-2.2410884878250315,9.879651095881336,-27.510999996532053,-13.474004347127321,1021.0987521866435,2114.9212545055047,1.0,12.977274269336144,11.728674304429877,11.770985274630865,7.791110296240041,3.7092924355802266,2.955735570444488,3.589556914226281,2.428252281466009,32.187131275277416,29.231192698648748,16.707971119281815,30.63337908157689
544,331751722303363.0,-11.655087696067895,2.2914691290649825,6.12380151836722,-0.507451611007206,1.075251938008381,-2.7909066440564985,13.345536243957152,-25.227644286803816,-11.731136993390075,1021.1089999168585,1973.1191215523447,1.0,13.36386340130906,11.87821114362306,13.165941449033939,6.538484213165502,3.0336172737415796,1.1889801796937525,2.8366647728190437,2.9908738900243663,30.85704051035945,28.540101154345603,17.768593438887027,27.821818981137636
545,331751755636696.3,-14.028808363233335,-1.1942505262181862,8.367285429531773,-2.688009921058754,1.1473122756462004,-2.855641756067054,15.685797850778231,-23.563623064504394,-13.80224507375516,1021.0987716995523,1812.802966572874,1.0,16.37819171553907,14.079548942054144,16.33459303293413,8.452082570504569,4.086124402481217,2.922622588285862,3.921745424514959,3.077501469835911,31.49270638128011,28.30704128201184,20.89368859946653,27.308355882440853
546,331751788970029.6,-14.636930892100661,-3.6735215641156107,11.626084894225922,-3.2682428271700235,0.8893019355158771,-3.130227119184772,18.584457515732996,-20.95275323629441,-16.315069395690923,1021.0889217043557,1658.68929923847,1.0,19.049943742434024,15.090874945547492,18.692394065712364,12.192645760858085,4.612005087544937,3.387073827046082,4.5254538993374025,3.2541019882898694,32.412673736076464,28.00714068474557,24.729810968551604,26.55558994952393
547,331751822303362.94,-17.358039040943204,-2.051588389845308,13.990567855846168,-4.326946081385303,0.6238395997747029,-3.0640259634228335,20.31441737490128,-17.357900009677525,-18.261040112367077,1021.0897961405265,1535.922297143607,1.0,22.388535530429245,17.47885963866798,22.294338031795082,14.140191082527283,5.338529136568603,4.371685971963528,5.301954120486602,3.126888381566615,32.36414423421594,26.720259093572686,27.31558418315761,25.194489054780263
548,331751855636696.25,-13.61066714511443,-1.2422389470980446,11.322748166612575,-4.205095333451418,0.5952567015488937,-2.6193640464502908,22.865049800580945,-12.57736261849871,-17.910841436942487,1021.0794323600809,1469.6420273708793,1.0,17.748184238995073,13.667238848311118,17.704657188989167,11.390688462345711,4.98981215197428,4.247017459836227,4.954179525537133,2.6861493905915417,31.651205250346337,26.095987293456737,29.044943507645918,21.885801137187205
549,331751888970029.56,-13.394573776298577,-3.84448108196706,9.102452045576845,-2.715800991808445,1.2651237434599314,-1.9212629567865736,22.639590727927025,-9.845288662948063,-18.66707711191222,1021.05979094451,1471.572024894039,1.0,16.644797225569743,13.935373745913962,16.194728768668266,9.881025656865217,3.5591241145110537,2.9960162071280263,3.3266839910379256,2.300388974801079,30.950614615656505,24.68766447408124,29.342986150528656,21.104252575224045
550,331751922303362.9,-11.738336838495355,-1.6282286856409174,5.395835703134942,-0.2857703555193496,2.025364702944763,-0.9009093972323775,25.78168509301285,-8.45640855242089,-16.270622864323222,1021.0641137923865,1510.1798379479999,1.0,13.02131803320796,11.850724888660654,12.919117410612959,5.636148648498343,2.2350401826476833,2.0454258422216594,0.9451467812542458,2.2166957215540735,31.637624756510654,27.133118726765233,30.486529068234688,18.336957599299147
551,331751955636696.2,-9.044794935377901,5.122548234274908,4.591677907307377,0.7617216835436936,3.344160716290971,0.3717799562214374,25.848867375227044,-7.825434928436947,-13.108485005139674,1021.0687867887566,1545.2321666784944,1.0,11.36364034277596,10.394653233057403,10.143560589235536,6.8792446109240535,3.44990596327094,3.4298149832847225,0.84760855294685,3.3647631762475876,30.020555550010226,27.00743187349138,28.98269007031695,15.266624084884405
552,331751988970029.5,-12.947487066751604,6.837320463056996,8.384898836096568,1.0223103176060173,4.906131189446999,1.5921313737775071,28.961784663414686,-10.105088111792263,-7.435005294673525,1021.0697857922812,1536.495711231255,1.0,16.87284507573668,14.641938821694277,15.425431917300521,10.819218068146677,5.258338515625918,5.011510913242466,1.8920889769908729,5.158004028636588,31.562273054533172,30.67405706190636,29.900907588597132,12.545601200377313
553,331752022303362.8,-18.23869686691617,7.587686109442706,13.9084769797182,1.0914022228864562,5.59599973134016,2.4734856808698487,26.270769028620865,-12.452344156572956,-2.2272130577332896,1021.079181712413,1446.1065072242884,1.0,24.159237897624973,19.754063984372625,22.93677822403593,15.843570064565021,6.214861480254312,5.7014359423991285,2.703569903958408,6.118279529951808,29.157754686419523,29.07256748807855,26.36501058903036,12.649954663882172
554,331752055636696.1,-18.861051723009403,1.3613346443526086,12.53911641497531,-2.242049528256204,6.018431595497702,2.6889830957733114,26.426255562183613,-13.90297525196488,2.7748513581464014,1021.0800530920183,1276.7455736518132,1.0,22.68968806705491,18.910116448926235,22.64881260830994,12.612797964060864,6.962681598794641,6.4224843290458,3.5010592934865428,6.591824402928194,29.988989712132604,29.860336633979667,26.571540849142476,14.177183109368196
555,331752088970029.44,-17.081134314807,2.031635244397971,11.206907650556108,-3.106212765816274,5.841589469903322,3.6619713764902455,23.54674722904742,-19.50763006248561,7.976157423034257,1021.0779904856568,1065.1342236725234,1.0,20.53016001727337,17.201531654092815,20.42938884471511,11.389570705446848,7.561928301937227,6.616095924441042,4.801936287452579,6.894505195959986,31.600886426815137,30.577719596520677,24.860981322258315,21.075263174912354
556,331752122303362.75,-13.865072796842693,-2.186346560933151,5.138538843382075,-3.8582604842424852,5.394798408115393,3.754358652345409,20.482143388628128,-23.102495055169044,9.109842657660328,1021.0705073332008,849.0496849979373,1.0,14.947405674269962,14.036393943825155,14.78664346992561,5.584325628887575,7.621366853715433,6.632497555858685,5.383435971079056,6.572599086711833,32.19056863141378,30.87464130263594,22.41667752008871,24.83373735508689
557,331752155636696.06,-12.95445498390763,0.04666352785697969,1.8285160639548637,-3.484223148702723,4.967820666959986,3.4635136924143355,15.609916340311212,-26.329870639161417,11.231530502399687,1021.0641896166045,666.2678077506366,1.0,13.082948918766833,12.954539027496164,13.082865700076196,1.8291113910784782,6.986771802955372,6.0678705596799505,4.91281365894306,6.056002747408256,32.60489002362719,30.609338052733015,19.230620519833714,28.625327339635945
558,331752188970029.4,-11.572797489107046,0.8013726260179819,1.5516668114622179,-2.1323368504294984,5.099494547074797,2.8242070205701784,11.396160771231886,-28.207973513773393,9.89571414664487,1021.0688040481693,545.3990717763405,1.0,11.70382457589854,11.600510325395746,11.676356949737178,1.7463871218960252,6.207080664401186,5.527359684274688,3.538785913097524,5.829321566930707,31.991989756025074,30.423054581640972,15.09296653398105,29.89339271855653
559,331752222303362.7,-9.599120359071067,5.739034511849634,2.5837531865378867,-1.4135115357467825,5.119200976146542,2.5042433105549726,6.123031945492515,-28.639646645766966,9.446169382756798,1021.0580498054833,484.05813706891433,1.0,11.47847591473182,11.183900428568462,9.940769195433386,6.293830126174828,5.871581392974831,5.310765810678243,2.8756302648547423,5.698899296586933,30.772568891914837,29.286872147771483,11.257070498724515,30.157245829188764
560,331752255636696.0,-7.961907665622538,5.005232549211171,2.0622603546781852,1.26946452573204,4.528839502002616,2.7285101303056547,2.8173568430036973,-31.148488139977264,11.232902256216095,1021.0473607676144,473.3138646044795,1.0,9.627940814008948,9.404484384993252,8.224651448321461,5.413434274299481,5.437526546893538,4.703395307327609,3.009369986105506,5.287263447765761,33.23167022713166,31.27564248719959,11.58082866976817,33.11202812429358
561,331752288970029.3,-3.7487008215024806,13.893865871547447,2.4814766404532094,2.097816297089734,4.39112796313754,1.759514882126237,-1.7331270139525279,-30.962912298727986,16.06756906805658,1021.038819995896,504.2351153591576,1.0,14.603081627615428,14.39070070238709,4.495607207736049,14.11372506369831,5.174816965401523,4.866501618717878,2.7380149445828432,4.730528237847455,34.926672372586275,31.011379641435056,16.160770557224698,34.88364536248311
562,331752322303362.6,-6.906807732985821,14.683638937607945,0.9190844153210767,0.40407819058622235,5.153341956713558,1.687493353129248,-5.984286772137281,-29.523061841899214,15.741691757495484,1021.027553351142,567.7329792023469,1.0,16.252937016827296,16.226929639043515,6.96769037938102,14.712374676187467,5.437632418965735,5.169159748637274,1.735198259843188,5.422597822048,33.98858231935813,30.123460436871834,16.840800086669827,33.457615574164976
563,331752355636695.94,-6.309997408393459,18.305754566141676,7.781107882579547,-1.162670595999364,3.5048259428316695,2.6958590055117013,-9.969349250094496,-29.57205099870727,16.735641490062747,1021.0193013992539,652.0735318992486,1.0,20.867734841378702,19.362766267497758,10.018069034213816,19.890859461475223,4.572008703179157,3.6926423878230366,2.9358914646832663,4.421703367158909,35.411521018228136,31.20727679148732,19.47997999368247,33.979227424325785
564,331752388970029.25,-9.615170343997153,10.730635381912872,6.333330548151433,0.8290475162340545,0.8679951468692088,4.332269476303992,-16.374455912525562,-28.369948348107425,15.909163373902572,1021.0036808220264,743.3307525103289,1.0,15.738777343738962,14.408262783682241,11.513582265143654,12.460241230879463,4.495474855282545,1.200306360543988,4.410881839211873,4.418367842349,36.4153574054004,32.7563242093115,22.830336959597563,32.52622708725693
565,331752422303362.56,-13.11674348965352,17.330985711509587,10.477915299452734,0.6976651374114686,-2.0611375279245654,4.902224059919044,-18.910748406676532,-25.907424820804152,17.27508007621368,1020.9989677967029,827.5124353273924,1.0,24.128794717689967,21.735041419466345,16.787962020324972,20.252154817575715,5.363471383966498,2.1760111564462052,4.951619672148551,5.317902654493418,36.43129777795231,32.075084819003024,25.613371448136498,31.138770889121716
566,331752455636695.9,-18.358459049797318,8.42396155090037,8.46162055982048,-1.7327452859969983,-5.027909844668789,5.229224705699955,-21.173911605440008,-22.55057398768668,20.515724046937567,1020.9789349029625,890.6271071568411,1.0,21.899661399037875,20.198914497916288,20.2146491728514,11.939939309285636,7.458356028976153,5.318109027865276,5.508829027011784,7.254286210842532,37.118160690142105,30.933200931185866,29.48269773689442,30.486444862335514
567,331752488970029.2,-21.864293887638162,6.371370203879497,8.292254738841564,-1.6958889326125577,-7.381059930150736,5.123318967832226,-22.4061640872817,-19.03645512544979,22.927219105417507,1020.9710806627376,924.1962262146404,1.0,24.236402252267872,22.773706450200304,23.38394397570375,10.457334599635026,9.14354866615714,7.573380022436121,5.396706080370436,8.98490083076192,37.28377916409866,29.401068226332455,32.0576600052782,29.80006710816412
568,331752522303362.5,-16.82489541792218,2.042717860704857,3.661230060571434,-2.83154409418832,-8.784200317260005,4.155110355167733,-18.49507793555174,-19.35033410425189,25.815942797730923,1020.9688829993361,938.5175215278916,1.0,17.33938890615506,16.94844541786831,17.218644295659594,4.192529286108152,10.121499851045083,9.229291260496849,5.028178996511051,9.717361641792122,37.188254063938274,26.767579976312888,31.75737411024167,32.2629560406651
569,331752555636695.8,-13.653228755416128,2.3461729573250456,1.6640632901712151,-2.7139635817892342,-9.000569520852808,2.92219402277617,-12.97963472399804,-18.809335051927707,29.52763873695256,1020.9688176304102,947.8825230946211,1.0,13.952931219894285,13.853345552371282,13.754263414716808,2.876392563503598,9.844545084956012,9.400843048524042,3.988084280707596,9.463058152967957,37.338230435360394,22.853052370834227,32.25449374813372,35.00960631706186
570,331752588970029.1,-13.230016971189634,1.152037072511237,-0.8399071449746592,-3.695963749973679,-8.931040010141112,1.4056135181819294,-6.56160248895996,-21.307273882331415,29.628708119228175,1020.9788033515658,966.5827609128551,1.0,13.30661423828712,13.280080514605551,13.256650899459682,1.425704537630341,9.767260264084122,9.66558967181314,3.9542252595945113,9.04097478291125,37.079844826188605,22.294720171372592,30.346580895342118,36.49466077539426
571,331752622303362.44,-11.36459233520468,-0.6848699601286512,-4.360998091895616,-3.7739370707107045,-8.426681506453917,-0.4774053695201108,0.6895607780623314,-25.14692950733921,24.221065081294864,1020.9988608833615,1007.98789801877,1.0,12.191854254591332,11.385209958875576,12.172602979761976,4.41444800850614,9.245511241231801,9.233177255143376,3.8040132624021075,8.440194138647469,34.92139102879567,25.156382047379733,24.230878806575777,34.91458230194669
572,331752655636695.75,-6.804822832763589,0.17510441904483748,-2.2496141588444956,-2.5056836647478766,-6.7075157038969015,-1.2807644723387197,7.140930374905055,-26.83475251484484,19.01201470477716,1021.0088369997317,1069.9774575371625,1.0,7.169172839773313,6.807075388363913,7.167034090122239,2.256418715850996,7.273896835906664,7.160252617457564,2.8140377149905844,6.828698598681056,33.65343269693117,27.768630307456885,20.308854959202023,32.88708934624094
573,331752688970029.06,-14.815718360203483,-1.6153420793951099,-0.05266839200306268,-1.4346836283855915,-5.623449064487274,-1.0949923433226467,10.503474017668445,-28.545322754385477,16.662147331496822,1021.0187613988131,1137.5747754560737,1.0,14.903610788055735,14.90351772442785,14.815811975331854,1.6162004804419239,5.905971954418313,5.803576181497099,1.8048061794810175,5.7290651604618725,34.68119910395804,30.416416909160642,19.696449429690183,33.05242207234659
574,331752722303362.4,-13.92192158772246,0.830426691567057,2.238479726401898,-1.925618311543413,-5.87315532636534,0.0012031957277720334,13.065714308518888,-28.58286338506735,10.124050517330943,1020.9892567847664,1195.4138543503686,1.0,14.125165509482429,13.94666659760531,14.100733746163886,2.387551041460543,6.180773480483233,6.18077336337168,1.9256186874434056,5.873155449610841,33.01801581801559,31.42758294367002,16.529043809891245,30.322870546287213
575,331752755636695.7,-21.16773549844198,1.8480698506544124,-6.096826356176507,-0.043851573220289104,-4.938953064992576,-0.4577089309965283,15.581229000003308,-28.6416832848323,6.07914785380284,1020.9580345222228,1228.1306309169265,1.0,22.105648145265206,21.24825612385399,22.02826179591502,6.370765557628559,4.960310252815588,4.939147734040101,0.4598047694270679,4.960116414330772,33.16740504120848,32.60553202355677,16.725152787910183,29.27972096890675
576,331752788970029.0,-10.77919601033756,4.214986998996997,0.3687984934822679,-0.9131696295236,-3.664296408113723,1.6178822756034221,14.166926395007765,-28.953641772075006,4.872081019712839,1020.962066451973,1227.611333705312,1.0,11.579861586382874,11.573987300450563,10.785503185205222,4.231090607693068,4.108343948175604,3.7763668967407553,1.8578002664430793,4.005572521404005,32.59988265024677,32.233758318682206,14.981287559626303,29.36069728954496
577,331752822303362.3,-29.56696632313156,24.076690274374492,7.175829384631781,-3.5083298658748854,-1.9516106755796714,1.6970846457323738,13.056921610862908,-29.770611463213964,-3.3149530369612856,1020.9499729303117,1209.3595766434107,1.0,38.799291739395194,38.12994246155316,30.425285946241175,25.1232868455842,4.35858451467983,4.014618621591126,3.8972393745535143,2.586287014972839,32.67661889613312,32.50803760373526,13.47115865801742,29.95460266020742
578,331752855636695.6,-10.537021943805602,15.508146351582434,-3.1314269275791906,-1.464696221040208,-2.9734026646315965,1.0903459061049683,11.715181615084735,-30.59931695568373,-6.28165771628137,1020.9375167549742,1193.6798322419072,1.0,19.008873436085274,18.74917157386801,10.992482251384754,15.821138955993895,3.489314061664213,3.3145826925825435,1.8259762361239342,3.167013988127956,33.361997873228916,32.76528160154912,13.293032157447625,31.23743622352691
579,331752888970028.94,-3.7149259371404377,13.34697180413789,4.824248959627528,-0.45642897987574316,-1.1045640137361834,2.40833813452506,10.747535927636365,-31.07472228241696,-6.946720435212334,1020.9591640703628,1200.8765730114826,1.0,14.670232073261754,13.85432535560251,6.088846585594521,14.192076464172505,2.6885835758478933,1.1951523225561664,2.4512078622340576,2.649557365042062,33.60661866731273,32.88081345473642,12.797126760364261,31.84172246808168
580,331752922303362.25,0.7736510403466598,11.65678238827503,-1.8167262791463916,-4.186031061213012,-0.6049472006774228,2.6008536682734684,6.8321639231519855,-30.97574907899202,-13.895597826455075,1020.9741128058529,1250.0288252046919,1.0,11.82284254962272,11.68242746948717,1.974596238619572,11.797502702730776,4.965204624667461,4.229517367389285,4.92821426575709,2.670281056252133,34.63037877113211,31.72026946413751,15.484382545888051,33.9497374063373
581,331752955636695.56,-3.225866277792552,7.394505452282981,1.7225946339447644,-3.9050680802494897,0.5536435873158966,1.8688924527720354,5.180439309558438,-31.360094911740866,-16.89915017717922,1021.0079736468122,1339.6237923233123,1.0,8.249379152332446,8.067522799846426,3.6569858510930104,7.5924991377502336,4.364497328809782,3.9441194116252936,4.329239622775772,1.9491742410067627,35.998246915985646,31.785098777782864,17.675356521181538,35.62354319244861
582,331752988970028.9,-3.677182466802652,5.268767434718426,5.1783152605007565,-2.371695473985836,0.8660925565181113,1.3429404702105485,4.670428846126864,-30.003848992692998,-19.673063761746988,1020.9861709904098,1451.0579663722235,1.0,8.252062173326449,6.425074410099094,6.351111700426616,7.3874798963032315,2.8598155262726834,2.52488727229177,2.725514360236289,1.5980004452394272,36.18111797273297,30.365175118596937,20.219850231406177,35.87841122667066
583,331753022303362.2,-1.5248278412567116,6.786907831287034,5.252970838354142,-2.5551896495621893,0.9812049768153844,1.1976609273250263,4.854748312586936,-27.878266008100017,-23.25475248484675,1020.9891694635281,1565.2102474634355,1.0,8.716703533128559,6.956092139689991,5.469808275805526,8.582296926754767,2.987666154140731,2.7371074790290977,2.821947172090715,1.5482748151953907,36.627173108614826,28.297814346640813,23.756095939990896,36.30401119366662
584,331753055636695.5,-0.8870269283063876,3.9505740315329705,4.921722752403352,-2.946126140111934,1.0878326807140914,1.2473168312855532,2.9833998915256394,-28.238536210394578,-25.945323235874405,1021.0091048201509,1662.9611080545847,1.0,6.373163013895703,4.048932198760969,5.001017058865676,6.311132230443876,3.3791771856901325,3.1405475915324783,3.1992903136569333,1.6550465911380983,38.463949355630724,28.395696896158775,26.11628749892985,38.34807329084175
585,331753088970028.8,-0.42524823556526475,2.7219715849591264,3.795803695347663,-1.796099214501747,1.069117691077177,0.7902057008688689,3.0868043230183635,-26.034943783939404,-26.081677759329352,1021.0285190887463,1730.667612244858,1.0,4.690212262231982,2.7549891780506632,3.8195499414808474,4.670894454271031,2.234593939711116,2.0902117179147157,1.9622429610064736,1.3294501446311757,36.98108399578067,26.217296938500162,26.263706434357285,36.852031322226736
586,331753122303362.1,-1.9129403830645955,3.2860259165666816,6.00280911843951,-1.079439949887142,1.4348314590581779,0.4985685395630511,3.5428144365471193,-26.30794663332736,-26.847413968584462,1021.0291012215212,1772.4304687085978,1.0,7.105703662968767,3.8022765856138374,6.3002427113231,6.843367857770648,1.8634651888236091,1.795531097284415,1.1890169023417578,1.5189838394614517,37.75504240488085,26.54542503321066,27.080161944352376,37.58845158905251
587,331753155636695.44,-3.7471598387587877,1.9802016123796171,7.34135609411748,-0.11075067884497147,1.505246924761711,0.22372736822033162,4.872541234672457,-26.250717957971986,-27.45841651010169,1021.0287505676625,1795.9374084045041,1.0,8.476904776126336,4.238207791375691,8.242373211511515,7.603729856215744,1.5258073117730189,1.5093157447562822,0.24963903572041346,1.5217825862439693,38.29890975778294,26.699098325459914,27.88738595361366,37.98769314595476
588,331753188970028.75,-3.1023893634835837,3.7549191386924194,7.730947845450605,1.5801016410493858,1.444039808600831,-0.009665565739740848,5.437299947892072,-26.25297979147589,-24.659561038121478,1021.0292322888238,1808.8761622912782,1.0,9.137384313349857,4.870753278577626,8.330208541911388,8.594589712557312,2.140575994453819,2.140554172374735,1.580131203162583,1.444072156086736,36.42632467389247,26.810132014874313,25.25189460844841,36.01823008595065
589,331753222303362.06,-4.13318901465818,4.9340118170593525,8.160136169128508,2.802474450275716,1.478042553033531,-0.37482424948113685,8.267425273587989,-27.342815029600757,-23.27908341441165,1021.0374425863174,1818.1832075500436,1.0,10.393052792153597,6.436437216486493,9.14718938962184,9.53584264287119,3.1904491926725855,3.1683549095746923,2.8274292674525516,1.5248288450108018,36.84963472020392,28.565361093417366,24.70356341238035,35.9102389070039
590,331753255636695.4,-4.684087771375048,5.697045432116201,7.826121834710047,2.9836063228715055,1.381088241210375,-0.7752960998891956,8.357201942905993,-29.45781995899952,-18.175546593518057,1021.0387187302232,1818.6553399882503,1.0,10.753845260057757,7.375432523285759,9.120792795676843,9.680108967740054,3.377927687561087,3.2877517272276497,3.082692124163914,1.5838209407988533,35.60837647274147,30.62035239920243,20.004832373395622,34.613778336234496
591,331753288970028.7,-4.433197716646121,5.521929349976996,5.787683162013747,2.885581719865429,1.237899130396687,-1.0142910912866265,11.508045888813196,-30.711578086046327,-14.31340867466703,1021.0388198335962,1795.262122928967,1.0,9.145612178792144,7.081309606352045,7.290440204729329,7.999311228474287,3.299660973027656,3.139900654329433,3.0586546519482947,1.6003689183748508,35.78421183430459,32.79689236367298,18.365968203910832,33.88325097187922
592,331753322303362.0,-7.200504292474492,5.12638338413128,3.7435979403851327,2.6501324846430756,1.3668854169734599,-1.256518111523618,12.798273582510436,-28.904361445738573,-10.543468122276092,1021.0278114465355,1732.6908397165985,1.0,9.599041317042898,8.838951785536613,8.115527561730007,6.347781670816435,3.235802171623301,2.9818749016843733,2.932923447815739,1.8566673120733257,33.323004626295855,31.611041066037085,16.581933745442257,30.767301321879867
593,331753355636695.3,-8.674443416332732,3.353035733942183,3.0853314255509523,3.143295707187571,1.4463077904417816,-1.9907232548352067,15.093568176434347,-28.987624381582826,-7.496231830221487,1021.0288170102083,1615.63701580833,1.0,9.79837166174787,9.299936409258477,9.20680392908693,4.55654678880679,3.99187840557025,3.4600742950862196,3.720656794191785,2.460647333941674,33.53045867918947,32.681771181874566,16.8525752319667,29.94120670481003
594,331753388970028.6,-11.500386934393116,3.473931291305493,2.1190168545050456,4.217507237693361,1.0838505776893184,-3.074277580654123,17.10757308216382,-28.23243747932056,-0.8417833424383176,1021.0192246226255,1440.2168664462085,1.0,12.199070894422567,12.013621363164036,11.693978453479225,4.069205210650835,5.330411055225096,4.354549273432712,5.219056422659986,3.2597415108670864,33.02193486125437,33.01120389784838,17.12827066452369,28.244984071855146
595,331753422303361.94,-11.947080640633155,7.234925550095285,3.6273793479374885,3.885200522022484,0.7920383446421917,-3.5231200755106804,21.089914875991212,-25.234187491313115,5.683579331046894,1021.0190711027623,1236.637722268712,1.0,14.430341800631629,13.966992645133493,12.485616395181893,8.093332357519056,5.304194840140557,3.965111327025677,5.244726700485943,3.6110524512737174,33.3744183744916,32.886908152383356,21.84233466204698,25.866335116499336
596,331753455636695.25,-12.643730865326214,6.0075658027606265,5.934026816274352,-0.11667144690923631,0.5879919441449583,-3.9179278844009975,22.83289248617177,-21.959977817808085,5.949516452248513,1021.0081912091814,1041.4400537760332,1.0,15.204191899787533,13.998384802158487,13.966982653782667,8.444141231099943,3.963521875840997,0.5994553802438197,3.919664671102717,3.9618043154282927,32.23318710675812,31.67935613366696,23.595290320329923,22.75164547399152
597,331753488970028.56,-14.624049072914337,5.023947226719199,6.813228333620994,-3.8701101914001867,0.1831714933232669,-3.623094543891777,25.963880516229064,-19.993814494061905,3.4528694836616047,1021.0150876930134,891.1643314683647,1.0,16.897423985623433,15.46295110979357,16.133285208322036,8.46523041995405,5.304537563588765,3.8744425004826004,5.30137406410432,3.6277218567504095,32.9514493938458,32.770042866679,26.192468366540425,20.28977391924714
598,331753522303361.9,-12.929856379146766,-0.6381836942748661,6.477978944117151,-5.6734995180060395,-0.3601812380696597,-3.4025597401345475,28.2016150455094,-16.532669186361304,-0.45867868528329814,1021.0091913670262,819.8892137059357,1.0,14.47593436063544,12.945596332846188,14.461860087339646,6.509338647517386,6.625386033300749,5.684921046511741,6.615588376403057,3.421570298772462,32.69358695122173,32.69036924846158,28.205344835889445,16.539030702008922
599,331753555636695.2,-13.009289009846125,-6.586507614591157,5.6776569080815396,-6.031930034831388,-0.3608994197768204,-2.815513955640829,28.039542419210562,-13.841279747990894,-3.7694145726006125,1021.0188632355724,825.1875886045541,1.0,15.647986166425904,14.58162141528748,14.194273088382834,8.695853639692501,6.666449367594754,6.042716966422987,6.656673251670781,2.8385501978304895,31.49611802049556,31.26974518829425,28.29177310277393,14.345365498385767
600,331753588970028.5,-14.202516688155283,-8.099884143495563,10.86540131410466,-6.096201930959508,-0.09940901613240714,-3.6131184976737507,30.9527088327396,-8.014405448888127,-5.3255377213929,1021.0182019194623,876.6980755505565,1.0,19.631009885686662,16.34991141919063,17.88206995830954,13.552308617154427,7.0871845900720745,6.097012394240548,7.086487371135763,3.6144857768043073,32.41392032453807,31.973440208765833,31.407507639198858,9.622476122139581
601,331753622303361.8,-17.220061370387874,-6.3338203111535005,15.272618922577694,-6.838066236031809,-0.5244865648079353,-3.8099639678055977,29.867331916384337,-2.9385784358244553,-7.128449018835863,1020.99911297632,943.3503615956424,1.0,23.872592697237216,18.347964283099785,23.01702418546331,16.53390965525876,7.845384722306436,6.858151063152682,7.82783337101239,3.8458954214384202,30.84651592062068,30.011543762808387,30.70622577292124,7.710384467562852
602,331753655636695.1,-16.141536874121513,-5.472676423329765,12.149357826376276,-7.10076953175071,-1.1035362286609256,-3.06558404023683,30.76236922015621,2.1676316516368384,-6.8407753980263655,1020.9985537838444,994.0848495844268,1.0,20.930988879802705,17.044042944474587,20.202873762214004,13.32505470261942,7.812587641669126,7.186008638389351,7.7342571363249855,3.2581586388206984,31.58826039940526,30.8386443770538,31.51379964528963,7.1759901772104335
603,331753688970028.44,-16.016635814161745,-2.8337086432941385,6.058719547684223,-4.58105346244996,-0.801077103923557,-1.9269202925406792,29.32688527471731,5.116558871542807,-8.78357316301656,1020.9797763461576,1007.2984739093337,1.0,17.35714867240756,16.265378184308183,17.12427240384185,6.6886461434711,5.033964358838904,4.650567207583965,4.969816157528347,2.08680289923021,31.03862967517186,29.769873607430622,30.614005902960425,10.165152836825827
604,331753722303361.75,-11.767111838322313,-3.6592157360161335,-5.5038465922072435,-1.7588932710528944,0.9257503294523423,-0.5158048757530374,29.90934519775521,5.802203484935113,-5.262231825866141,1020.9877686881408,988.1905360217712,1.0,13.496188651943351,12.322937183086392,12.990660041973864,6.609250117317348,2.053478483278283,1.987641620472934,1.832964868404672,1.0597491884081471,30.918046174172044,30.466941025299473,30.36873415122272,7.833048517004836
605,331753755636695.06,-6.653711212198583,1.679949646732919,-6.138485831694147,2.8932901462198104,2.8562553378801576,2.604350978107915,30.81517267813545,3.759111940259686,-3.1592182203158004,1021.0086219671875,946.6760647162296,1.0,9.207340116277066,6.862514386935389,9.052783063856491,6.3642155150079445,4.828246725526068,4.0656269412455375,3.8927845929853744,3.8653380928892296,31.20394926169256,31.043611094115782,30.976693286193104,4.910354604606298
606,331753788970028.4,-16.56197278324166,6.287549873991327,-0.09066920820277652,4.148520139541826,5.535359867550081,3.3068754928784068,31.594321746922347,0.629035166883429,1.7258826897867512,1021.0132145040395,892.6700887872008,1.0,17.715542520512376,17.715310493772492,16.562220967556062,6.288203584748546,7.667193341560391,6.917400394040248,5.305246919190843,6.4479170581424095,31.647678002471714,31.60058309413335,31.641425974613657,1.836942105805628
607,331753822303361.7,-24.08686246088356,10.315323096839869,13.056637729885713,4.013723563265748,6.456904623954592,4.352658990647064,31.99826123035977,-4.235691425384344,11.174419719799076,1020.9989942565045,835.7077762085278,1.0,29.275563574612782,26.202725694128077,27.39804248516665,16.63976199955015,8.760549894499865,7.602735965766592,5.920778422739311,7.786992847801191,34.156953313954304,32.27738842622525,33.893308747311465,11.950260998208739
608,331753855636695.0,-18.81021940605787,2.775230745318351,14.163269158943253,-0.7163943468492902,6.361463683764765,3.5154009064243055,26.393864915649033,-8.381179747205351,18.736213079647243,1020.9917864031802,779.3169292948987,1.0,23.709163904753566,19.013843898428227,23.546179039765864,14.432605411305104,7.303388569215281,6.401674863663072,3.587654441705116,7.268167838784875,33.43539979881261,27.692603329056915,32.36791290385393,20.525346635828335
609,331753888970028.3,-15.505753665315336,-4.128635805263429,6.831332114832914,-4.056616520066681,5.609205952190961,4.4109254574680765,22.31317377008605,-13.03349416343828,22.332704893079296,1020.9989397405286,722.229608910585,1.0,17.439642450609206,16.04599733085928,16.94389256318003,7.982025562202287,8.208263665131158,6.922378854481487,5.992695635706679,7.135786908634146,34.154053956211456,25.840853194165934,31.56940657559822,25.857719890774355
610,331753922303361.6,-12.089178260879864,-1.3884635884866257,1.1195344890356316,-4.670466609951597,5.085324909353398,4.387587126863655,19.295545978660932,-20.14039485948159,23.62830395574897,1021.0000775836378,663.0442009316121,1.0,12.220041719733354,12.168650794557442,12.140905587948147,1.7835886882051675,8.180752323850328,6.904620756302471,6.408133827448707,6.7165058050678255,36.554758206500466,27.891819584072504,30.505980437282794,31.047258380106523
611,331753955636694.94,-10.850903163356204,2.5515491570570177,-2.9874626323039704,-5.350752803062433,5.054318855865803,3.7725933309969526,12.017054331848668,-24.056657701030606,18.784226056926197,1020.988615019981,600.360207303474,1.0,11.54025283695399,11.146860659459776,11.254644927315399,3.9287830278969267,8.270982716541232,7.360481958149283,6.54698526045104,6.307027789525213,32.80212680782853,26.89112073825035,22.299254323234845,30.521630498750557
612,331753988970028.25,-12.864374063569407,1.8128447979792888,2.289395422707953,-5.041403074655277,4.605050353139098,2.911689005567279,6.522831625950894,-30.114915157632637,17.483953018270327,1020.9787122104126,536.4997590429077,1.0,13.191658641373113,12.991478988513887,13.066501117321094,2.9202290429137054,7.422948644658104,6.828047577169495,5.821827704963885,5.448341180587712,35.42801237039698,30.81323493844678,18.6610810395751,34.82235959978152
613,331754022303361.56,-5.3461690865761495,4.960551147956997,5.554997302579315,-2.396870330999134,3.4034030998811446,2.397028871508408,2.3897059009275026,-31.22673985911851,13.272190056911317,1020.9899513338795,485.8068251694641,1.0,9.167692546405743,7.293050911227752,7.7097029082790165,7.447487007250227,4.803528646188066,4.162708258322277,3.3897986362715957,4.162799547314938,34.0142764942717,31.318045541220933,13.485611710252648,33.93022710115328
614,331754055636694.9,-2.8437935921268926,6.003236959169164,5.191707034557874,-2.1217753448472036,2.3167689929189237,2.9712140010596126,-2.669169635509375,-32.03471331432048,11.43302468833033,1020.9785620601452,465.04762059071425,1.0,8.430885950790364,6.642741601368866,5.9195425437528275,7.936792546149379,4.324056176860415,3.141552033717098,3.651033176252188,3.767695742312964,34.11834370537054,32.1457201455159,11.740465070306886,34.013775307287965
615,331754088970028.2,-4.005412969964855,10.408152900358306,6.751825636395094,-2.9115697191435572,1.6522337866984742,2.907860140011518,-6.921905089117384,-33.11217149451096,9.282261488890198,1020.9684139849611,490.98836021422966,1.0,13.036875748486741,11.152263440988099,7.850508422022404,12.406320817289833,4.434271677424544,3.347702901295405,4.114959152081767,3.3444771010990317,35.078327347420476,33.82792738470173,11.578996001851078,34.38860682595383
616,331754122303361.5,-8.01579109923287,10.154003824835716,6.021581710540099,0.37805236156817335,-0.05331177649039773,3.0657506540367296,-9.69411955296751,-31.79555529359434,7.886252339327976,1020.9690900991156,578.9325467953819,1.0,14.26941298435329,12.936641782986776,10.025584932723472,11.8052208777087,3.089432440809553,0.38179278882639334,3.088972427978908,3.0662141507466822,34.163229740391905,33.24053685389636,12.496756773930707,32.758973005690684
617,331754155636694.8,-8.482805961132543,13.67169622801685,7.508420965218172,1.0882788594532296,-1.8996951413795613,3.8106495900373147,-13.641506113594136,-31.545272618277533,8.63099914019392,1020.9696272687243,721.423949369461,1.0,17.755271333221685,16.089539295001455,11.32847661272925,15.597809562310278,4.394797242668368,2.1893360879759722,3.963004059294461,4.257921080554766,35.43570317866861,34.368516313752565,16.142640279869163,32.704714808716474
618,331754188970028.1,-10.071196292516909,14.218058949817603,9.232779105112076,-1.2932693313438275,-3.9783929970860767,3.79649677874924,-15.522653592101658,-29.490975951448693,11.347640421406659,1020.9496237166258,893.0282157522277,1.0,19.718681625978164,17.423610276371964,13.662840289127312,16.952799482807627,5.649207395176017,4.1833188263217576,4.010727284975615,5.49918163278109,35.20567255774066,33.326722567773025,19.22814909641406,31.5988386764841
619,331754222303361.44,-16.338427225563866,11.746681642758341,8.996524319716869,-2.306752630710957,-5.869880063737811,4.572860604305747,-17.225872508917103,-27.505796441380618,13.074040839335629,1020.938824641747,1067.8213088952446,1.0,22.042372459801587,20.122841097155302,18.651585831781265,14.796012282083739,7.790228094758847,6.306869244082877,5.121734257622456,7.440869980659394,34.98899920598971,32.45457628082876,21.625476354570363,30.454874515310067
620,331754255636694.75,-17.077159628746745,8.82679403389371,7.4891982449274295,-4.321660701851389,-8.23221747782217,4.619962200038692,-20.76015072909933,-27.155083536369073,13.0591846345126,1020.9182399958362,1219.883794442146,1.0,20.63079650072443,19.223466750367354,18.647184005568285,11.575853457460736,10.382206246933924,9.297642487431286,6.326199645261996,9.439992337494092,36.591320329832264,34.181609385195806,24.526030286477535,30.132057101788998
621,331754288970028.06,-16.4303736287686,4.54107687293679,5.376438186704535,-5.304304367000194,-9.412938944368936,2.811355480476168,-19.18406972634939,-28.093793397410604,16.468229909059566,1020.9191290255217,1330.1525346047213,1.0,17.874133386609568,17.046364912991155,17.287662223574053,7.037575345342749,11.16435327396075,10.804585340872398,6.003279475035351,9.823804721594417,37.79540124220764,34.01896175255539,25.28302053954549,32.56476353044861
622,331754322303361.4,-15.844725408352481,5.26679640252681,4.01364686906361,-4.151027617885574,-9.888808947739914,0.8980566333141096,-14.952340494945483,-27.23284923074336,14.306585026549596,1020.9170202019552,1400.1849455141491,1.0,17.172764157272532,16.697139503871917,16.345173124064328,6.621820409465473,10.762252478268165,10.724717837283634,4.247062043470551,9.929503921220862,34.203493076337665,31.067677150073283,20.694222899125243,30.76209440766822
623,331754355636694.7,-13.820339111445811,3.7644594233153548,1.3163444701800557,-3.367893508252158,-9.533800903264686,-1.176361391774901,-11.31645536370127,-31.611726729420777,14.600594085112961,1020.9092077384952,1435.3992012430838,1.0,14.384216720743614,14.323858694679537,13.882886440489687,3.98797160395625,10.17938566270461,10.111185209757439,3.567426636524655,9.60610148744792,36.613396133825866,33.576233094470545,18.47266926128649,34.820663613059004
624,331754388970028.0,-11.72705701964017,3.3157448570753307,0.4943593649571681,-2.3929550391873406,-8.837910530829237,-2.272259610867346,-3.142058632934721,-31.75681383757288,13.126562163312752,1020.9081517337931,1441.2134758641782,1.0,12.196820138086572,12.186797376633177,11.737472365190584,3.3523954329616843,9.433878317515731,9.156139818204744,3.2999087197604586,9.12533979039254,34.506150057553135,31.91187486762663,13.497376288750106,34.36279760644605
625,331754422303361.3,-8.573923251719322,3.4080363683658255,0.07665091445395772,-1.6980654482886293,-7.4373442841314645,-3.05344196138139,2.4863648969771575,-32.751939501177134,10.144203241804435,1020.9342671877772,1423.34567965331,1.0,9.22674087515001,9.226422481898243,8.574265874642554,3.4088982458839623,8.21711774765941,7.628729662753467,3.4938423087191977,8.03975110387303,34.37697501090989,32.84618016588363,10.444465989793631,34.28694212816014
626,331754455636694.6,-6.445608578232558,3.7145237315544257,1.7931068902250977,-1.479664700634773,-5.6198731830857165,-2.9535306496180347,6.759540600259576,-31.872109839342137,6.650540384293696,1020.9472752698709,1392.6080344902534,1.0,7.6523714504615405,7.439325002718066,6.690373850806684,4.124671971448607,6.518874559193765,5.811401054846462,3.303445311267877,6.348725690420016,33.25285645084898,32.58101862645868,9.482672436063524,32.558579100049975
627,331754488970027.94,-8.543267054215354,3.618108106616696,0.9678078777932134,-1.8963113060055148,-4.130916430289729,-2.5649145280858914,11.307538941125031,-33.132203679075644,2.3380104829173285,1020.9599863246682,1364.0714500260015,1.0,9.32817079170003,9.27782939220198,8.597910446612019,3.745311517014847,5.219123840234878,4.545378655659172,3.189793583552141,4.862433247914434,35.08660215174795,35.0086183323023,11.546719444209698,33.214593383782145
628,331754522303361.25,-6.118042811620595,3.4841530966980163,-0.3918236993949247,-2.2670053516473847,-3.031685874480639,-2.0680117543259913,13.747124298832235,-30.75451048219328,-1.5930131864772945,1020.948947914694,1352.9377638585677,1.0,7.05147477180911,7.040580277651325,6.130576943178347,3.5061158869378377,4.313595382271474,3.785555772396349,3.0685478455498045,3.669849023809549,33.724783653852704,33.687139111044736,13.839115488348025,30.795740062736385
629,331754555636694.56,-10.284849499039685,2.3947993662846003,1.9931187308104037,-0.6725566289715587,-2.029909073515606,-1.0649893169956905,14.445278443556312,-29.795962915850136,-5.037982335316854,1020.938705147432,1374.4051359460273,1.0,10.74642803436385,10.559980739691431,10.476194513896932,3.1156999662779468,2.388946527494812,2.1384254174309127,1.2595771768687039,2.2923204601573346,33.49398067422793,33.11292006746897,15.298605665969605,30.218879398377453
630,331754588970027.9,-14.755363768070296,6.985708727914669,-0.6606218582768805,1.5826631425088695,-2.1777307129770307,0.6143501361091923,16.766334035330246,-31.576734173806976,-2.065760301301125,1020.9391331277626,1435.6292825901432,1.0,16.33882821988707,16.325467416259322,14.770144927105992,7.016875919588173,2.761296755264975,2.692087235009203,1.6977186788138467,2.2627278112890266,35.81155489070496,35.751924396702655,16.89311465084829,31.64423338786549
631,331754622303361.2,-19.481771514553827,19.285823334097632,3.1929937362793392,-1.0548972593443042,-1.7411995887653844,0.35494539800352676,14.445450701712568,-31.004251889326717,-4.87243201348644,1020.9386438645937,1518.6766539081548,1.0,27.598507423757987,27.41317936721871,19.741697757416915,19.548355191011435,2.066535862561487,2.035825197724222,1.1130114389960268,1.7770093537966043,34.54960600236239,34.20430793324764,15.245052958309318,31.384777025540057
632,331754655636694.5,-0.24523772344325853,27.024900320424464,4.734727404869044,0.4008566282445662,-1.6538324104365687,0.5850143019321042,14.286760758847823,-30.450851751218508,-6.334874995605254,1020.939856134974,1600.7349544143433,1.0,27.437620568633424,27.02601300358375,4.741074260061488,27.43652457814758,1.7994692027603976,1.7017190362154482,0.7091740053560266,1.754252939366367,34.22713173149608,33.63578310899334,15.6282492362548,31.10281359595353
633,331754688970027.8,-5.557968811672133,13.250155683206096,-5.621335340730539,-5.0812770842305115,-1.0146212221242839,3.1776811953868545,10.501634028309963,-32.6090035836288,-10.849843291534594,1020.9489073587662,1658.9918886229925,1.0,15.429097638995776,14.36863399703392,7.9050887613274945,14.39326358551614,6.078362510629515,5.181585957128484,5.9930822275554805,3.3357329035611056,35.93536602613826,34.25830456957369,15.099782008870722,34.36664391772892
634,331754722303361.1,-0.11397469290522365,11.560224919071297,1.2690000647015935,-3.812943912210975,-0.23454064999432778,3.158985960306476,7.676297871892097,-31.469420572634974,-16.085876780254804,1020.9469827457879,1672.0727794331547,1.0,11.630225774865787,11.560786755672808,1.2741080781611458,11.62966729290781,4.957090163753321,3.8201505983621242,4.951538505866653,3.167680794195209,36.16635746083557,32.392128367790164,17.823607401633257,35.34232396103745
635,331754755636694.44,1.5391595964702756,8.453424251705432,4.542763083627574,-4.047250802014798,0.26333631721264816,2.6054274286956716,4.093531917884745,-29.96395590372567,-20.10010406482602,1020.9886356575128,1642.6323885751724,1.0,9.719366763153738,8.592403263507135,4.796426659230395,9.596722253628634,4.82056398739528,4.055808805943957,4.813365884763921,2.618701606171054,36.31266776732319,30.24228260173424,20.512707938728536,36.081197829579494
636,331754788970027.75,0.08281161831863128,4.324079353060382,5.569776007351117,-3.230420938981058,0.47841992213006057,1.9818264234015113,3.2092724795935865,-28.987790063216597,-23.86502800230963,1020.9989702302278,1593.2024574668364,1.0,7.051732041687049,4.324872254262736,5.570391596305659,7.051245778132205,3.8199661042201174,3.265655380608645,3.7898885756047878,2.0387549127796993,37.68462503659043,29.164900181509203,24.079846166437598,37.54772342366633
637,331754822303361.06,-0.5341327076929956,4.907554347961344,7.601460371847486,-2.1947331410662194,0.3942333323080405,1.7934362065428533,-0.07410795499319868,-27.93638327681665,-26.663418260115662,1021.0088405223936,1546.9124724867156,1.0,9.063751277059044,4.936535974509023,7.620203247564671,9.047999196671164,2.861588179269672,2.2298595204176195,2.834301851855799,1.8362552511133963,38.618452531038365,27.936481571203526,26.663521247255822,38.61838142521085
638,331754855636694.4,2.1028495232824427,2.6073110960383983,4.503664727795078,-2.0623994015874,0.5533521518837129,1.3312098698152663,0.8793468850087991,-26.506036745330018,-27.81604627228605,1021.0189942950512,1526.8875372353998,1.0,5.6127571878248625,3.349633900756044,4.970409650919601,5.203947264520507,2.5163087277112837,2.13534303934108,2.454712001266471,1.4416373751703007,38.43274209721339,26.520619051767248,27.82994216965126,38.42268098619283
639,331754888970027.7,2.1085045281160335,3.8078493337494317,5.305136974451192,-0.7791030904709387,0.9477214663408092,1.2543880000699812,-0.49293818087646646,-24.52768044952211,-27.223709156636822,1021.0249889867395,1547.3346111995584,1.0,6.8622143810369955,4.3526437820733515,5.708788808738239,6.530252281973885,1.7546130223112184,1.2268567982224092,1.4766485297121097,1.5721530563156823,36.64669748461908,24.532633292902638,27.22817159295345,36.64338205568668
640,331754922303361.0,1.0540767308700423,3.6070506785841165,5.2474491575691475,-0.8289929478179512,1.3864002943227582,1.3268990548909123,-0.44056131293324235,-24.069691887809622,-27.968853482228127,1021.0188446678337,1594.8189363995136,1.0,6.454271067572926,3.757910636568652,5.352270585072734,6.367616293335152,2.090453583675209,1.6153436425820134,1.5645735551268571,1.919053641243159,36.90258699542467,24.073723472793773,27.972323095888868,36.89995708241993
641,331754955636694.3,0.585639814124314,2.770621702107221,5.12818190591917,1.0777405937381241,1.4754684157353568,1.0743247178016697,-0.15997821912787757,-25.43302626445728,-29.451757209511843,1021.0190041032693,1650.5664201609447,1.0,5.85811985779327,2.8318401452191955,5.161513697752271,5.828772964903015,2.1196003001753057,1.8271649715402296,1.5217418922638102,1.8251522251889678,38.91362769939603,25.43352940508197,29.45219169703043,38.913298853947175
642,331754988970027.6,0.41180158354503027,5.32336234938821,5.305919364834586,2.69847340836042,1.5790427585529077,0.9563440499050168,-0.25219355912274066,-27.23647102187106,-27.237645145625077,1021.0400227644241,1695.8029698095304,1.0,7.527320077771425,5.339266545799541,5.3218756891097,7.5160472995458605,3.269515057429069,3.1265211927902676,2.8629272916749096,1.8460687893811285,38.51984252817603,27.237638578196993,27.238812651623718,38.51901695012757
643,331755022303360.94,-1.7059965962300025,5.050516308858739,5.694108518680023,3.021699600585371,1.7694528243062901,0.5751019286835243,2.311438382516742,-29.530665694695564,-23.30062309154508,1021.0379827536508,1712.546735689689,1.0,7.800064819916618,5.330866662410198,5.944181710618609,7.611214542275924,3.5485735164991024,3.501661287678078,3.075940621103291,1.8605659154733047,37.687159619985756,29.62098856837903,23.414990579763543,37.61620997424001
644,331755055636694.25,-2.261715382004482,6.9400789892737995,7.445537019708912,3.783307575428341,1.4582525040656777,-0.255938074231746,2.4161337626816164,-30.20965360295253,-19.913634878477026,1021.0494397252108,1695.271017079159,1.0,10.426700070415912,7.299318656323707,7.781476593876739,10.178443785236302,4.06268641095381,4.0546166990120405,3.7919547080806395,1.480542016781447,36.26311800221886,30.306119401361055,20.059674883518593,36.182537568330936
645,331755088970027.56,-3.1905070243978355,6.589652999624768,6.986760807837343,2.456075144820076,1.1733888813715705,-0.6125699153850976,4.490266438673509,-32.735267036051006,-14.694594092432881,1021.0494556641218,1648.3540154635891,1.0,10.12016246480893,7.321397525622799,7.680765694816101,9.60408003097619,2.7900516993712303,2.721974758135972,2.5313132991073752,1.3236628604600686,36.1620145477711,33.04179475470189,15.365337231302183,35.88215160024453
646,331755122303360.9,-3.660517518971427,4.900598840714327,6.168924960197115,2.208017926700995,0.9135786777233352,-1.0562351556106793,3.6375872092117407,-32.30938223493378,-12.624667669855983,1021.0477385511733,1576.4477189366798,1.0,8.687398498333682,6.116801247736217,7.173215713418892,7.878547084466373,2.6125852845355295,2.389554177043006,2.4476470065311453,1.3965166323172213,34.878509929209734,32.51350828667487,13.13827517138105,34.68830370856092
647,331755155636694.2,-5.582410023067993,4.111051717780094,5.89093925130958,2.311141990327459,0.6347173876186922,-1.943360998146538,6.923963019633752,-32.25312494520769,-11.401812077391634,1021.0487760067739,1484.2052121621666,1.0,9.097648770673251,6.932823947852177,8.11581585105711,7.1835862554077075,3.085594826077684,2.396715139852933,3.019607469286675,2.0443869817778153,34.902817239824465,32.987957387938316,13.339512080485157,34.20914186850252
648,331755188970027.5,-5.630238456747172,4.133085265405673,6.247068204629846,2.0567267511745917,0.32432074400757993,-2.7470308019459133,9.23870580266315,-32.366475845481894,-7.3833850073962815,1021.0449032812538,1378.359841923231,1.0,9.370583762191416,6.98440970239778,8.409842224033216,7.490544370365257,3.446953307027879,2.0821404549143225,3.43166186502062,2.766109573359891,34.45949532032889,33.65921038236525,11.826582730256696,33.19793868335212
649,331755222303360.8,-8.132890559085004,3.84516879460795,7.219689554448284,0.6370433824187169,0.07489536884210568,-3.2985935692550745,13.111098751977547,-29.748660048002627,-5.367438949498465,1021.0390943319081,1272.0511698915047,1.0,11.534866673164904,8.996067580064121,10.875101199927458,8.17980686334564,3.3603799074640963,0.6414308905544499,3.3595451784749693,3.299443718478151,32.94985714707012,32.50974754032604,14.167226664407552,30.228995608988082
650,331755255636694.1,-7.574597043599293,6.567839036218944,7.62610992639511,-0.7567637789234755,0.11040090308542287,-3.0629475223794915,16.766239918334964,-28.431997746328268,-7.783953013688433,1021.0288199057138,1179.6479609135304,1.0,12.596371802548802,10.02551893811909,10.74858469671078,10.064495129669616,3.156980725526097,0.7647743304352048,3.1550497526887282,3.0649365220592646,33.91275897602102,33.00735216351631,18.485040587417657,29.478270308254604
651,331755288970027.44,-6.96687426224612,3.7570752494507227,9.281159654932138,-3.1197145860239797,0.3674333642805317,-2.5235597628756343,19.99547133802359,-27.093926482568428,-8.943127094302994,1021.028808989881,1115.5189798358497,1.0,12.19806853384267,7.915361736268445,11.605053275460973,10.012768796410674,4.0293895632269425,3.141277825254761,4.012601771301969,2.5501688481336755,34.84076991826389,33.67342759911063,21.904300862035733,28.531743277754323
652,331755322303360.75,-6.948029071289901,2.2293680509899385,10.640537326785116,-4.372361803118907,0.36674861051645524,-2.6868253100254,21.116428274079478,-23.037324924815348,-12.047265749787643,1021.0288204696042,1093.0549334896227,1.0,12.902179059560893,7.296930168383434,12.708113258001635,10.871573782552462,5.145005590597745,4.387716066553187,5.1319175737697025,2.7117401774338257,33.49266329798017,31.25095010949046,24.311317428316173,25.99721046069222
653,331755355636694.06,-9.168732988045758,-0.8905297405292155,10.4400399932441,-6.553255161612768,0.4150492847180279,-2.8623083152206745,23.005075611618697,-19.57178710730688,-15.747930719590043,1021.038526102296,1111.00592374904,1.0,13.923115415932664,9.211878626254554,13.894606855417493,10.477952007873643,7.163115803428753,6.566385544723165,7.151081184309531,2.89224390398292,34.06296634791288,30.204111549092733,27.878859837613536,25.120751830364306
654,331755388970027.4,-9.645264039913142,-6.67971077816061,13.28756912312577,-5.890257958380616,0.32100185232034795,-3.3144223919164832,24.539299193860437,-13.81431136852591,-18.334742628512398,1021.0490589236533,1156.8486372549494,1.0,17.72594560753705,11.732418952608052,16.419214707210784,14.872055314640285,6.766356242284075,5.898998305259909,6.758737649021714,3.3299306270897713,33.60320209096409,28.160475910615993,30.632335728435553,22.95643669737039
655,331755422303360.7,-13.742717244275283,-6.051222073073507,15.44391935843926,-6.28502885684354,0.08656633483723573,-3.8772389284932807,26.410294180545552,-6.6817751918426636,-20.983098911910602,1021.040057994983,1217.769593117444,1.0,21.5405248539521,15.015977018953954,20.67309658483886,16.587101426338084,7.3852598580081725,6.285624985765788,7.384752496866753,3.8782051826780486,34.38662819126508,27.242425707291236,33.73120333830357,22.02127515974831
656,331755455636694.0,-17.53072662034913,-5.9925815052664095,12.461611996600567,-5.89038686911469,-0.34600930320603973,-4.2340660257089935,24.887772414380446,0.7709689329058345,-18.125195468824263,1021.0187487677568,1280.9557088265522,1.0,22.327767073500606,18.52666750753299,21.508559909748417,13.827610301533674,7.2624854571838595,5.900540645207344,7.254238249320318,4.2481804985156035,30.798024605948186,24.89971101931712,30.788373236224807,18.141584932926712
657,331755488970027.3,-17.260298884500134,-6.293661490353589,8.911508624121003,-5.446427269847244,-0.0924056633292754,-3.9709769853165944,25.93280244090899,7.904107278411961,-16.678186035900996,1021.0165653088976,1333.9577248720943,1.0,20.41918408005617,18.371937636989635,19.425058649591243,10.909865302236447,6.740976711891615,5.447211104074362,6.740343331288828,3.972051991669972,31.82997084126819,27.110609626267355,30.832971505959954,18.456348536933515
658,331755522303360.6,-12.662539192378954,-7.303318550216412,5.340501357798958,-3.5098616832096448,0.4941335019352742,-3.1046474238690767,24.832495684841724,14.490617819921372,-12.204488449189391,1020.9990233461356,1365.36195671666,1.0,15.562754107069889,14.617741297631047,13.742665445654477,9.04761938846831,4.711913897720857,3.544474143367117,4.685932635217895,3.1437244701582405,31.234282207969866,28.751188614398288,27.669520780889577,18.945383160797252
659,331755555636693.94,-8.341684634009935,-6.356544830862176,-3.5304084208002102,-1.0678121144676307,1.7227820644113347,-0.7129918889863015,24.147005199361146,14.477109310486096,-12.487413359289315,1021.0092612197293,1363.937744489552,1.0,11.065855065818237,10.487581452367277,9.058006742707498,7.271137861739226,2.1486177386918937,2.0268696932119767,1.2839704613284868,1.8644933561741739,30.799351397253396,28.15429903381964,27.184800026921874,19.11863453266264
660,331755588970027.25,-7.639113927060029,0.04833126158733804,-4.957901069778474,2.8860876038718843,4.459747843383686,0.40329785680170005,28.43922561804034,11.936918094004941,-9.196887736688526,1021.008825551367,1318.454428320076,1.0,9.107095064792047,7.639266817008627,9.106966817130337,4.958136638754238,5.327429177857669,5.312141986410792,2.9141295129976292,4.477945956336039,32.18481491912042,30.84282035315163,29.88933418119336,15.0689335264389
661,331755622303360.56,-21.346518108440154,8.580010586356861,15.684789345831534,4.246041805679879,6.738480864505456,1.8942382595162626,28.662081703110008,10.191742301057502,-4.097838513685476,1021.0087085669833,1219.2063719650164,1.0,27.844263930638743,23.006312547124086,26.489364888140933,17.878176598442757,8.186826855424673,7.964671705531085,4.649409596862428,6.999661630759118,30.69493148992456,30.420166644627677,28.95353532886783,10.98471172199839
662,331755655636693.9,-19.778856925871434,-0.05769758543590122,19.681262221923777,0.11560286599011346,6.5911456301310745,2.5362543164327733,31.31047967882655,6.539301740177331,4.901402112192292,1020.9997251288528,1076.977087428513,1.0,27.90266282908464,19.778941081500232,27.90260317501248,19.681346794858555,7.063225233407537,6.5921593382002746,2.5388875477754036,7.062279141694969,32.35942440206098,31.986068920192377,31.69179515874122,8.172283029514416
663,331755688970027.2,-20.060173560680504,-3.971983587953356,10.955123630504355,-3.117109839989789,6.2564324759748215,3.4747245706871954,32.00256813986791,4.747533661043923,11.199424338846951,1020.9985326575543,917.2100818229153,1.0,23.19917995678362,20.44962632684509,22.856624795543635,11.652956164965426,7.805961306791811,6.989944283110818,4.667985068174328,7.156581458250144,34.23639217165254,32.35279653151539,33.90562597959882,12.164135044642615
664,331755722303360.5,-20.143589919736065,-6.755164742555237,8.46304481994198,-2.4086031799086993,5.810358644783304,3.713975604081662,30.89142146972974,-0.39603868737380415,17.880856971546788,1020.9888071745975,765.6669421248007,1.0,22.869621622971827,21.246092947964662,21.849195465253157,10.828452258906077,7.3044679236059435,6.289804198802565,4.426622195984207,6.895932305984581,35.69540324886791,30.8939600417683,35.69320616668378,17.885242315350666
665,331755755636693.8,-15.84070408742414,-5.219584182180279,5.645603882868078,-2.317487255747202,5.353375447645793,3.5236889452955475,28.02710898095691,-5.350897065809196,23.09629714621147,1020.9807360960834,648.0904160381783,1.0,17.608089283691672,16.67848809155681,16.816680682809878,7.688751669622429,6.815112592408546,5.8334703105447865,4.217479219124707,6.408979050258695,36.709533899321265,28.533330286514417,36.31745833199966,23.70803748257079
666,331755788970027.1,-13.578481148712562,-2.3901847360294246,2.664353090863667,-4.480101190332166,4.9678193808551505,3.8552370522767117,21.944070530206243,-12.03890462814074,24.894404913318883,1020.9990220935576,580.9195215095608,1.0,14.042325689538938,13.787245315083446,13.83741044049562,3.579351961618587,7.720970716539662,6.689584148242381,5.910512617773769,6.288249528290626,35.30168341691951,25.029531679201163,33.18544300477156,27.652606036931562
667,331755822303360.44,-15.694112934756445,-4.249106000991414,-1.4664032754875655,-5.700976569179574,4.676011817680832,3.4274704973995958,20.0428286794323,-19.17628343163405,24.744823459247993,1020.9873365748193,556.2875545084036,1.0,16.325146896212342,16.259153809978883,15.762471867548257,4.495023957001999,8.131037718026523,7.373345262594538,6.651968720076722,5.797640945215169,37.171912995604444,27.738868537188687,31.843700625122448,31.305528813289712
668,331755855636693.75,-12.144015185450403,-1.2097168620079377,1.0574432616019944,-2.515212403638086,3.691132097250472,3.4318190195198337,12.77716261019986,-22.589844666622465,24.381346924186314,1020.9686026649459,562.4080364002474,1.0,12.249845140334786,12.204118964950986,12.189966820133574,1.6067361755228504,5.632772974078186,4.466626198235929,4.254841385780785,5.040023605310866,35.6090865407574,25.952976061130652,27.526459311088644,33.2377971577489
669,331755888970027.06,-7.621178033770974,5.145544996684261,4.167476674573151,-1.2948812712991864,2.8460016808091444,2.3813651553572193,8.902366860702807,-23.307178334324608,24.34835039105769,1020.9688415467967,587.4944885506327,1.0,10.095882812733462,9.195596116366554,8.68620840502601,6.621517586325186,3.930310811765322,3.1267304127362614,2.710648909377773,3.7108793527030746,34.8614237287617,24.949482913089604,25.92478162855492,33.70558898274483
670,331755922303360.4,-4.599188251024692,7.596011053557477,2.356335903981595,-2.487274947249285,2.9191948963908168,2.7747770504017746,4.974127774212957,-26.064373666276573,24.007384807978326,1020.969359052573,620.1948073426493,1.0,9.187177770486631,8.87986016185677,5.167673699137391,7.953093914833405,4.7336691039577845,3.8351317456285807,3.7263822056587683,4.027541001970131,35.783348739991304,26.534760630717745,24.51726886161151,35.43594361567983
671,331755955636693.7,-6.284650447043612,7.775514036597555,3.1573490250377065,-1.179731174182664,2.733545071515285,3.580542550373741,-0.8928247643322805,-27.630884673171074,20.173552628536832,1020.9407863062792,655.5013959846551,1.0,10.484479130636755,9.997772240596955,7.03318449263433,8.392107685154675,4.656642487498993,2.97725281112369,3.7698873455814703,4.504725697869117,34.22331295386568,27.645305639147583,20.1932999214133,34.211664874402494
672,331755988970027.0,-6.828147612779852,16.126423584692773,7.319081876737119,-2.0584767093782355,1.1181989666174583,3.5162322619471738,-5.680216706534353,-28.519272077581494,18.49000727081265,1020.9447965080332,693.2125763932075,1.0,18.9803608230515,17.51242808564382,10.009623336584296,17.70961595154782,4.225113562018794,2.342583038442181,4.0744589435912575,3.689750431791084,34.460036426896245,29.079438468930437,19.342834091929152,33.98866353226946
673,331756022303360.3,-12.199483551123556,7.686671348833457,9.599957401668707,0.026449360670957472,-1.2930972205776208,4.576494554599786,-8.980414745170922,-27.351922604406898,18.466296352097075,1020.9386159860965,733.2458675312415,1.0,17.322571906416357,14.419164862748168,15.523742494256595,12.298133945393136,4.7557441477466975,1.2933676934829748,4.576570984586756,4.755670597312966,34.202041168857484,28.788461562798876,20.534165431269834,33.00199647174302
674,331756055636693.6,-14.008285905979033,15.845359772893984,10.072716967151234,0.1748901450676379,-4.242509695910872,6.173010753100648,-12.198047842554296,-25.5369345527769,21.11330189664072,1020.9288290837321,775.519318982421,1.0,23.425779121652155,21.14964539551663,17.253744553689994,18.77591684666246,7.492365236735044,4.246112938057529,6.1754876990192455,7.49032377656627,35.30862379788749,28.300660725892147,24.383680775222107,33.134672826685694
675,331756088970026.94,-16.280929392189243,12.08268431699868,8.32027096554426,-3.6492983555672316,-6.168135957390876,6.465685843693586,-13.048985427404508,-24.710039051532284,21.417582944522533,1020.9185774217331,820.5757842539664,1.0,21.915447317309685,20.274612750375713,18.283751551952637,14.670315921762716,9.652376552235392,7.166817960350602,7.424450950560947,8.935938373679503,35.20759733066669,27.943909007382373,25.07965071268174,32.70013591888806
676,331756122303360.25,-17.655418240980527,6.369581683259084,6.257964727130706,-6.414229442608029,-7.801753110077147,5.223657693662778,-13.694094955246483,-24.857116300568503,19.049084047189247,1020.9188853601065,870.7905038175165,1.0,19.785031882958126,18.769266476973936,18.731682139892296,8.929372505709553,11.370852678386987,10.099984699642775,8.272178615273129,9.38903356534424,34.179995179346875,28.379648824876174,23.460516611536647,31.316829881341253
677,331756155636693.56,-16.471528433975376,3.343938408975925,3.214101586062433,-7.906650852526158,-9.01811900867401,2.151423060968753,-11.787659373289333,-28.171135653822443,13.665268140928529,1020.9188846237628,928.872899688345,1.0,17.112089937813348,16.807533222763052,16.782183944790628,4.638143280295844,12.184835630636478,11.993398107223829,8.19412892814244,9.271196882920547,33.45596136550612,30.53787480370502,18.046840910923223,31.310580278709978
678,331756188970026.9,-14.988526326862713,2.6433627686916576,2.7244307616674033,-6.223853053284801,-9.360742311001939,-0.6936784971185725,-8.779918502422152,-31.687497662219226,10.444545110310347,1020.9179803945121,997.532393881725,1.0,15.461753172039758,15.219832067994767,15.234121058537518,3.796036051201945,11.262372454293507,11.240989433402403,6.262390652637954,9.386409668789584,34.50033332539893,32.881369755567114,13.644614009582046,33.3644426096774
679,331756222303360.2,-12.031689616950795,2.710736173897451,1.3578181776621792,-3.0636049118233992,-8.93557158909213,-2.5829875259928294,-4.5584219083237585,-32.24034928805483,7.962365328213407,1020.9292607881241,1079.12251534973,1.0,12.407792545280067,12.333273922325644,12.108064471344353,3.0317916828281644,9.792953550332681,9.446169312453536,4.007181006041905,9.301411945679268,33.52042055419351,32.56100939022105,9.174882664874849,33.20902563815615
680,331756255636693.5,-9.125282159763259,3.6749137760173562,0.062230609284662994,-0.5462968214363051,-7.511866554695992,-3.333417977529554,1.0044401968832917,-33.061157919641616,6.908838879213315,1020.9382954020498,1170.5557253237992,1.0,9.837664275893323,9.837467446271717,9.125494350665369,3.6754406415957916,8.236398167013835,7.531704943282872,3.3778862665916733,8.21826104163633,33.790251815509244,33.076412488306474,6.9814722493213734,33.77531965276437
681,331756288970026.8,-6.635206777780635,3.7347501735359727,-0.5821740624518552,-0.31890647044172943,-6.038917213936353,-3.3126676004352267,6.568574070579216,-32.692709062962535,5.769586002840975,1020.9480137808127,1264.4958853515034,1.0,7.6363115757297875,7.61408745961281,6.66069783302754,3.779852576188478,6.895214941148658,6.047331845836344,3.3279825672414334,6.887836216675748,33.84150578565287,33.34605510695678,8.742670528211853,33.197911809625786
682,331756322303360.1,-4.517478970023528,2.159275110685874,0.38181493708048203,-0.9686794544533889,-4.6535873027511405,-3.3024383463091924,11.764718197875533,-32.79994892964261,2.8164035964262375,1020.9689105781939,1353.4940423119642,1.0,5.021540390598298,5.007003619754267,4.5335856549515645,2.1927725941841905,5.787945550968853,4.753337213979958,3.4415750633472326,5.706309999947429,34.959653506299944,34.84602192593277,12.097136995726979,32.92064366024951
683,331756355636693.44,-5.8151049725881565,1.1591514169470678,1.8550883928768325,-0.7162738196738404,-3.4980926717018295,-2.2927664255053064,14.89302697989544,-32.135234948444804,0.15537879435256802,1020.9696999794689,1430.1019811803103,1.0,6.212924496162516,5.929509073239529,6.10383476083731,2.1874608460031335,4.243404105961224,3.570672279076336,2.4020462249246024,4.182514820265246,35.41891754960019,35.41857673334209,14.89383749050687,32.1356105864115
684,331756388970026.75,-8.001305261528016,-0.7192671169057805,2.348184670090701,0.24304479486846464,-2.829622034242385,-1.3885975587558397,15.14078267746697,-29.753307544448695,-3.04592242319375,1020.978304976089,1487.774711729348,1.0,8.369719369158492,8.033569012189902,8.338756330113315,2.4558738628665213,3.1613343399845175,2.8400407794576945,1.4097070449193803,3.1519777976458987,33.522831821445905,33.38416705447107,15.444123267262482,29.908810629021378
685,331756422303360.06,-24.316353334507433,13.736756806114906,10.675767142299332,0.5236742057609282,-2.2507532043306817,0.48863626167657565,16.6029839171013,-31.87233594960534,-1.0235223637495512,1020.9634009443346,1522.62752966879,1.0,29.89908913521536,27.92818517267019,26.556676063943108,17.397427730183054,2.3619674123089482,2.310870974456205,0.7162402320482967,2.303183749297934,35.95208577906329,35.937513462063976,16.63450248671778,31.888765998602086
686,331756455636693.4,-13.84317982701841,14.443500747362982,1.9093835675703543,-1.0951490173103227,-2.045151641587803,0.47314741691335427,15.638303383127525,-32.17156414129039,-2.99019357846457,1020.9289870478965,1531.2630769203029,1.0,20.0971163894314,20.00620757570621,13.974239633385322,14.569161247209212,2.3676708143947782,2.3199130602686497,1.1929877821032138,2.099169768080006,35.89578428780447,35.771022797788426,15.921613936389381,32.31022743550179
687,331756488970026.7,-12.100449271927621,19.629074910883936,2.125013276669934,-2.229506413650448,-1.1151646743392694,1.0928742275547627,14.64289500117404,-30.44174700705465,-8.702971064850045,1020.92831940166,1510.283995405554,1.0,23.156794593933125,23.05908615794622,12.285623875429248,19.74376517493856,2.721886326916705,2.492847989630072,2.482956488898245,1.5613988369880478,34.88346370721442,33.78038387669579,17.033968397617297,31.6613591969318
688,331756522303360.0,-0.9883520931940932,18.18449137226839,-2.9501799873497614,-1.7879703230888704,-1.5377912051483633,1.8941784592497823,13.155557362484208,-30.953121847326386,-9.399612923019163,1020.9328280203082,1457.3275132834983,1.0,18.448743271182014,18.211330712724553,3.1113344111297625,18.422249819874406,3.0248225902297237,2.3583128857041373,2.6047552498713578,2.439818400233414,34.921585942159545,33.63278819267065,16.168531554232167,32.34885585608899
689,331756555636693.3,-1.5026829439238385,13.278524104722758,-0.21547065805386542,-4.78778142909192,-0.670644055158809,3.558286073768899,8.306795433525535,-31.176626279978194,-16.139601128257194,1020.9487613297017,1385.317250143876,1.0,13.365017247805747,13.363280227162152,1.5180525796038091,13.280272211223137,6.002833851128566,4.834523188637875,5.965253623739326,3.620934027498642,36.07591441883502,32.26429724286378,18.151847700817722,35.10653430318447
690,331756588970026.6,0.5814499724537512,8.492776131004115,2.493531888107059,-5.6598941412999695,0.17440913841680777,2.753300049532424,6.683694944560036,-28.33686615223109,-22.60483246769985,1020.9658171778813,1318.8458392913763,1.0,8.870345639197295,8.512657075309665,2.5604267901022326,8.851268140123198,6.296465786537736,5.662580704792208,6.294049797505337,2.7588185352281767,36.8595742288781,29.11442531532088,23.57223428113497,36.24853699423243
691,331756622303359.94,-0.46931840966444227,4.679844014590439,4.276322466858233,-4.647070924199389,0.4601120080607535,2.3366728067195055,2.958517593654975,-26.235302740292813,-29.841472881546977,1020.9790225821008,1282.8004479761566,1.0,6.3567392278670996,4.703317953375884,4.301998792445954,6.33939065222001,5.221782362389635,4.669793489491914,5.2014717129098935,2.381542119221096,39.84416444056627,26.401589653404994,29.987769675187078,39.7341743794296
692,331756655636693.25,-1.6919068536338058,4.279480604068974,8.34378485253524,-3.635523366298772,0.8060415888543113,1.974966387382106,4.17849657744271,-23.83202148929056,-30.709522165520674,1020.9792388642262,1302.0604494101144,1.0,9.528654086877753,4.601793459291235,8.513594685370544,9.37724372649016,4.2151186722506715,3.7238062771668368,4.137332761356461,2.1331186732697054,39.09603347589513,24.19555913620736,30.992492401907693,38.872097961141904
693,331756688970026.56,-1.0401424236480983,3.0473287221776975,8.254085986295099,-3.4553445622622774,0.6501770390496028,1.870616486591193,1.9416377678976036,-20.260201544293235,-33.204176511099284,1020.9899613733828,1390.8146605675688,1.0,8.859912193223748,3.21995475162023,8.319364863415096,8.798644657568705,3.9826300689330383,3.5159829672600518,3.929199929230157,1.9803878968560902,38.945642395746226,20.35302738751924,33.260897387201744,38.897212038854654
694,331756722303359.9,0.8748417511865174,-1.489920416235826,6.853119685505187,-2.8496802739132177,0.8236869409611453,1.4350648930430814,2.363360030495051,-18.038210737889845,-34.18480753550879,1020.9991649451608,1531.3744501654287,1.0,7.067563962228721,1.7277762981171576,6.908733423246103,7.013209840763005,3.29523126464362,2.96633407428092,3.1906251598667716,1.654651450896738,38.72419893939763,18.19237525058963,34.2664053684293,38.65201305060712
695,331756755636693.2,-0.2743006309418642,-2.2177346824312134,7.023011434231644,-0.9325255703428694,1.0518476621193917,1.102849212234997,1.1941739331859902,-15.739675681865698,-34.255909156764474,1021.0086486484602,1700.135892631904,1.0,7.369957772141017,2.2346337413082664,7.028366128872593,7.364851439574778,1.786690747884669,1.4056982050388072,1.4442577070144538,1.5240275224658457,37.717777693145116,15.784911844955465,34.276717514067784,37.698868719456485
696,331756788970026.5,-0.9778339224085992,0.07410678603744984,8.765869104498968,1.1780408845551174,0.9741646016475114,0.592029571427933,3.3550483932091604,-17.65135060146735,-36.77043426637684,1021.0088137182912,1873.4950623952063,1.0,8.820550558369888,0.9806380553240767,8.820239244885737,8.766182348830439,1.6392913134130858,1.5286520195212703,1.3184382196859075,1.1399542466907155,40.92543663682328,17.967373981099662,36.92317951989936,40.787682138040914
697,331756822303359.8,0.018725862743509465,2.488728200640361,9.341097932905832,0.7615901386105591,0.890598813353743,0.4735543348583089,3.0255740862756473,-17.280012764749994,-32.53029288984708,1021.0098138041379,2028.6732388547994,1.0,9.66696587905097,2.4887986488661746,9.341116702518661,9.666947742115926,1.2638985298033387,1.1718301009856105,0.8968128273457879,1.0086723721854338,36.95907054027064,17.54288857917833,32.67069105560484,36.835021333632454
698,331756855636693.1,0.1364612573551538,1.1799177950574011,8.607070959105549,-0.30945275448430354,1.144877541363589,0.4450707272649581,3.5100341485520183,-18.10750813945893,-33.198637237579646,1021.0168846731241,2155.2891476719233,1.0,8.688641906128378,1.1877826728202718,8.608152657210319,8.687570229826706,1.2667255204837462,1.1859618847065276,0.5420783702806093,1.2283454469272457,37.978305717567004,18.444570766070235,33.38367646255294,37.815755518738236
699,331756888970026.44,-1.485999041653125,-0.4177054257054178,7.98537730530497,-0.3133046738035375,1.3448244326318066,0.2586396137684217,4.580047769591149,-17.147211959756934,-34.36714947106142,1021.0085559904505,2252.530696912279,1.0,8.133198736200747,1.5435902871091636,8.122465380650981,7.996294675081916,1.4048512458765448,1.3808376346372522,0.4062687145688422,1.3694696799906667,38.67951238486397,17.74834402316363,34.67099364509206,38.40739304820243
700,331756922303359.75,-2.474045636124436,-0.052882341015205184,7.547703930648668,1.6270571379159715,1.2571380073871585,0.005226737773764489,6.615510424080592,-18.887948991339606,-33.21369200836718,1020.9988026367937,2319.8334307012788,1.0,7.943017875867268,2.47461074749497,7.942841836166431,7.547889186171231,2.0561464486870635,2.0561398054754614,1.6270655330474764,1.2571488728090685,38.77717024354975,20.01298566607606,33.866123412605006,38.20868950809646
701,331756955636693.06,-3.8023556922078225,1.18047115047045,7.595885791484494,3.113556404062343,1.303037770671033,-0.7206511161909803,8.222461600234736,-22.08486485225958,-30.59060043862013,1021.0088205300481,2356.6325148296355,1.0,8.576065642497978,3.9813843003606495,8.494432869082035,7.6870666118077216,3.4513010509574893,3.3752245722430034,3.195867880958932,1.4890417935916511,38.61521676108023,23.565867909116044,31.676390418774687,37.729644720536086
702,331756988970026.4,-4.383285170303506,4.099497657778908,7.139741189978251,3.6887022964999474,1.347075714250793,-0.8807610287568435,9.988534338621951,-24.398165868090793,-25.535961472826184,1021.0082151180369,2361.1452521181127,1.0,9.327109637514155,6.001588950464485,8.377893120831436,8.23296941000067,4.02453445778578,3.92697563172071,3.7923956309937914,1.609457352557407,36.70322389521612,26.36363624314181,27.419995378837925,35.31792499664347
703,331757022303359.7,-5.74986736313555,3.6337496981835087,5.981629717518788,3.899468868249234,1.5049173851003246,-1.1626455376145393,10.223912156574327,-25.397025490645976,-22.80660088071529,1021.0189345147533,2327.6666177106376,1.0,9.05786981802035,6.80184618781549,8.297039759526001,6.998859260376125,4.338476511006734,4.1797887255724016,4.069103353391256,1.9017152736706406,35.632545899642274,27.37767856407606,24.99338759587407,34.134292837332445
704,331757055636693.0,-7.052854806546808,3.9579377215208495,5.552744820858301,3.924558034087444,1.5138769057871104,-1.8772852571476413,14.021640584978218,-26.294677945641922,-18.713003471125575,1021.017722872391,2249.703475068136,1.0,9.810250097486646,8.087523225912125,8.976398830700377,6.818962241646917,4.606319461945703,4.206421168736656,4.350443161291064,2.411643261881707,35.187966577648304,29.79960558395591,23.383389480669095,32.27362060840689
705,331757088970026.3,-8.687574795363451,4.400390154612566,5.0579162559698165,3.756536607826452,1.3849309115825401,-2.7877729411445857,18.57985847731064,-28.16844196692518,-14.127209302317299,1021.0288138086229,2120.7626876515324,1.0,10.973600420566134,9.73844902116582,10.052684849205114,6.7041741001569255,4.878655438455871,4.003698404699973,4.677953105506531,3.112830159394306,36.582103637604064,33.744218228919216,23.340719434249934,31.51252394708352
706,331757122303359.6,-10.956322164135754,6.176132696177728,5.141705035643014,2.9630034369998404,0.9454654899043584,-3.016181362417406,19.885045447852942,-26.555170262399255,-8.350962628371207,1021.0289735639525,1935.895700205939,1.0,13.587595119029881,12.57718610998215,12.102814798132256,8.036276858990878,4.332510169782302,3.110192013408972,4.228089329551468,3.160894652403684,34.210096125977834,33.17517294797709,21.567420088727104,27.837306703154066
707,331757155636692.94,-10.693120249002877,5.227567462494498,6.788991610298287,-0.49933813679924205,0.8672557351036745,-3.344638071165469,22.34584740543302,-24.963547443892253,-8.00420645740751,1021.0492057616705,1712.9921939386857,1.0,13.702579659292883,11.902532597500691,12.66622389444999,8.56842276382484,3.491142350581228,1.0007352721536067,3.381707024854697,3.455247652073536,34.44681288977488,33.50396390354964,23.736137370678104,26.21537758637597
708,331757188970026.25,-12.880991319051514,-0.9063393482622112,5.1767273010364665,-3.931101508610793,0.985722146091203,-3.262213883274734,25.712196949714784,-19.413629075859035,-8.76672988510593,1021.0391021151288,1487.3840430742575,1.0,13.911861626863068,12.912838122414795,13.88230682958624,5.25546920488596,5.202619209641151,4.052802390975496,5.10838511579075,3.4078860851743658,33.389543554148375,32.218101525011704,27.16565156331303,21.301280402207016
709,331757222303359.56,-12.954763416741457,-3.404853047305435,7.498777038287721,-3.9864924167151523,0.861261575124954,-3.0918633401769444,27.756768960904488,-17.129787322922652,-11.44179073385166,1021.038560423259,1294.8438553149583,1.0,15.350914517625295,13.394734766223925,14.96855210946249,8.235574135644477,5.1179597696390955,4.078467026875923,5.044971823792235,3.209577918530231,34.565624716976345,32.61698693744707,30.022538172950743,20.59961623248878
710,331757255636692.9,-12.821988427335272,-8.381536966764504,11.201888282346834,-4.923904893401831,0.9465064048281833,-3.4028905595597077,29.72947087487532,-12.637519402749021,-12.295454574863351,1021.0494522331297,1171.1289791867105,1.0,18.977245591658946,15.318405568333787,17.026029728650744,13.99044184489608,6.059734147137798,5.014051632527059,5.985357429561503,3.53207283825254,34.5648164808877,32.30399874868308,32.17172114921097,17.631934092928834
711,331757288970026.2,-14.66604234949433,-7.336877637318135,15.606814228693672,-5.591935923029043,0.5537416893469967,-3.5775836740340052,31.116112938590852,-6.157883734974168,-11.386935324258232,1021.0488094694596,1135.0981619155966,1.0,22.638357317418052,16.398858852436657,21.41647610056604,17.24535948694414,6.661492488211496,5.619286184719865,6.638437490251552,3.6201843603931994,33.70154762884697,31.71958411613558,33.13419352400147,12.945340017639525
712,331757322303359.5,-16.61906348031896,-8.40426768187592,15.227413657975898,-6.9756912637309965,-0.2292450893163442,-3.4967519485595755,31.446130709741176,-0.09482791508795543,-12.21831587003554,1021.0475305546387,1156.3942238025795,1.0,24.05616579886758,18.623237802044397,22.54035043369961,17.3926950752244,7.806413780195347,6.97945713633006,7.803047020020329,3.5042584808673642,33.73655838474887,31.446273689383407,33.73642511165179,12.21868385029428
713,331757355636692.8,-14.989765681690821,-8.901813109465973,11.814938206628627,-5.636553703303013,-0.7420549095527297,-2.771661462525406,29.86364570857201,4.721393289382991,-12.427002781998166,1021.0298051240048,1195.7493270333941,1.0,21.060107232735284,17.433741762107644,19.0862736022108,14.793074104536661,6.3248312548129455,5.685189806770766,6.2811499674078295,2.869277391895001,32.68882512027516,30.234564485041656,32.34606209650414,13.293680932564197
714,331757388970026.1,-12.466911052196156,-6.415372499615796,5.859170652303887,-3.6947960626828507,-0.23701980737894945,-1.8923358716132532,28.586675360270192,8.286782429039153,-10.955767153607725,1021.0348012543816,1213.8956337937748,1.0,15.195747965303203,14.020730205385071,13.775113499212623,8.688318884666112,4.157960002801968,3.7023906241652367,4.1511989829218,1.907121768551826,31.715888843035454,29.763547691424673,30.614160809624504,13.736797186764532
715,331757422303359.44,-8.08170050013305,-3.094468966578253,-2.7762513940959948,-1.259164889036002,1.1469147644665894,0.018840641266810156,30.897283263463084,9.550025761306904,-8.879719844174897,1021.0187223029753,1174.1894357787473,1.0,9.088299783908242,8.653878966045612,8.54525919894012,4.157320048821817,1.7033099144007364,1.7032057112200216,1.2593058355873652,1.147069503872715,33.53646566970549,32.339528523222185,32.147963194792126,13.040414738521891
716,331757455636692.75,-7.512756261260029,-0.9544756800326731,-3.8775284825153187,1.9131571427853946,3.370084662345321,2.3452952010230095,30.817383409863027,7.9091940621723085,-5.569227334411524,1021.0299365663795,1076.5799245068017,1.0,8.508099529130648,7.573145348194211,8.454391389912068,3.993275717564639,4.529685470792372,3.875260105382083,3.026644979665163,4.105834898204838,32.29988798813332,31.816135386680806,31.316567713158754,9.673243707022902
717,331757488970026.06,-15.50495653558175,3.9540982950632086,8.050755337850683,3.7241484295910086,5.956923020617706,3.2684056074494583,33.35462059974567,3.079250799178068,0.7054197489210956,1021.0380587391704,947.8786966223746,1.0,17.91237650361426,16.001205282643586,17.470499096482918,8.969367582887493,7.748334570344611,7.025255397435054,4.954972930343034,6.794660189323102,33.50388213117079,33.496455048814006,33.36207925737163,3.1590192317247254
718,331757522303359.4,-19.54048713871081,7.604084796735542,17.232716658833663,2.261428548861486,6.693404933174352,4.009624366226616,32.14649571251524,0.10608340153457352,8.453138530755277,1021.0397533758664,815.5168955254304,1.0,27.140730768675155,20.967897920727943,26.053736028864762,18.835833643340234,8.123596262695894,7.065106416824061,4.603384259416539,7.802484037643457,33.239494450171485,32.14667074959461,33.23932516786254,8.453804156012879
719,331757555636692.7,-16.378973377755553,-1.2253958191733436,9.370808791147278,-1.9195971716128504,6.550274041379645,3.5422116207105128,31.211550658674053,-4.163442097777164,14.787009538487801,1021.0393469499702,706.9088085446402,1.0,18.909902729075995,16.424748516274846,18.870157029274246,9.450590051096842,7.690136961350733,6.8257558789071915,4.028910084273494,7.446700825403732,34.787221730282646,31.48801588891431,34.53717628310552,15.361962804045332
720,331757588970026.0,-16.82340349504311,-2.19613172800877,6.541719293965068,-3.4868089560313678,5.635000008359233,4.0740721171265,28.470527665273394,-8.783216994338822,22.198925469069927,1021.0295451419963,639.0856831904705,1.0,18.183618755485124,16.966139800313904,18.050512360541557,6.900513451026787,7.778761174224127,6.6265422197454615,5.362452826031028,6.953509093238906,37.15518992402086,29.794560683264656,36.10212234094305,23.87335738330417
721,331757622303359.3,-12.49013218811708,-1.0514178790365696,2.864455356020028,-3.9902426699687745,4.9874120593520725,3.875355818554478,21.960955683426004,-14.252132356013558,22.744365435326127,1021.019165326791,601.037234659627,1.0,12.85744866292018,12.534308183262294,12.814386702580432,3.051324965156872,7.470923526272643,6.387199356134895,5.5624112833953205,6.3160637876904415,34.680152973687804,26.180275995923523,31.61628905461643,26.84081659989104
722,331757655636692.6,-12.177744255146795,0.9152505631129992,-4.757264342658511,-6.65807079441464,5.064530828716546,3.5387703704467586,18.14855320249637,-21.995908283951447,21.437618478100216,1021.0188925919643,577.0662888669018,1.0,13.105979656743312,12.212089859521974,13.073982529041826,4.844506953159296,9.083076293481707,8.365367847169512,7.540079736858828,6.178379095666775,35.67578241037509,28.516485838543378,28.088101918008363,30.714678367982103
723,331757688970025.94,-13.373104851869055,0.0702272330043884,-0.8313003220904777,-5.24633451558125,4.4656458168567275,2.641693481990577,10.812697176863878,-26.363984172000375,17.085503163972128,1020.9818301389915,551.4756717270865,1.0,13.399101666486706,13.373289245482544,13.398917628099344,0.8342614037357743,7.378655898182313,6.889558651393363,5.873888856811188,5.188500459130893,33.22481753187138,28.49515891620972,20.219516280184887,31.41614361737589
724,331757722303359.25,-8.86659662316997,6.463993515958683,1.323516083620845,-2.6775116414686826,3.324434540424663,3.0980732978816854,7.311505586172524,-29.095154309980927,15.328417553134353,1020.9689092577366,510.27746380074666,1.0,11.0522143788459,10.972681889691554,8.964832987937488,6.598098741149526,5.274371219663664,4.268598552659744,4.094768216791742,4.54421865369791,33.68896708035839,29.99976863674508,16.982888406271453,32.885990771221095
725,331757755636692.56,-5.802305621294913,6.015036454921094,2.239095688158296,-2.6140721054257687,2.6178211617746903,3.1806535079426586,2.7868185373598657,-30.873251908233502,12.377991808865461,1020.9695621200196,461.0797562722673,1.0,8.652223042528973,8.357476537624276,6.219348842414262,6.418271812159313,4.878823356608481,3.6995081574988453,4.117029233555799,4.119410682685489,33.378716604593365,30.998774829812486,12.687830341729553,33.262176185715575
726,331757788970025.9,-5.160474312081454,7.15110960382469,3.26030286381322,-2.0207872735841934,2.541026338547095,3.3675109224868875,-2.969829147807569,-32.1283811686005,7.874628169905809,1020.968618290425,426.2894382798941,1.0,9.402044376376605,8.818665641216151,6.104102709607797,7.859258446552219,4.677662436659831,3.2465976126200013,3.9273032755503268,4.218642514631756,33.212385197337525,32.265349241594315,8.416035526388987,33.07933864709446
727,331757822303359.2,-5.326250581599111,9.311426471496931,5.183216253368736,-1.827751366411702,1.3041157765380016,3.3773447034857,-6.3329827512342085,-32.704771798446245,6.947239339894034,1020.9696402018114,428.602037158155,1.0,11.91374579724045,10.727143524353473,7.432003497521426,10.656847266583096,4.0555949332000685,2.2453046599593467,3.840199513512645,3.6203832952849377,34.02900091630147,33.31229155906082,9.40057471504808,33.43450661867491
728,331757855636692.5,-8.932960198631276,13.436680219901097,7.3505847743898585,0.6158163601367368,0.1217112407600833,3.6832822750816936,-11.468187908454786,-32.37362795811283,7.153512006075188,1020.9654723500572,490.6775322392425,1.0,17.730573870230597,16.135121730009104,11.568443042856828,15.315856876367492,3.73639020091189,0.6277287754591294,3.7344073301319227,3.6852926537872586,35.08195911141502,34.34488493318813,13.51636296955251,33.154555059469075
729,331757888970025.8,-10.128872572380079,12.799657562022327,9.197213279935074,-0.5066685699087566,-2.3240423266053325,4.336237097780144,-12.651866066614401,-30.06352155830153,8.527461391980488,1020.9389918781167,621.3097939438785,1.0,18.735368301935324,16.32253942536359,13.681476225324792,15.761344036015757,4.945789921109799,2.37863107176933,4.365737647625902,4.919768785625793,33.713537952070936,32.61725070348526,15.257369129678509,31.24952681686842
730,331757922303359.1,-14.998982747487636,12.008260253379348,9.33505676847816,-1.5096272174628769,-4.853566656978434,4.585837480433419,-19.041717262772845,-28.18119101842526,9.727181129835625,1020.9430958988645,794.4465894255869,1.0,21.36143915196333,19.213739817441112,17.6667135690298,15.209917790165735,6.8458738687172325,5.082920777411106,4.827927063725449,6.677350873713373,35.37491450540883,34.01127053687283,21.38235368354035,29.8127083632065
731,331757955636692.44,-17.62318888611816,9.461890088531984,7.466055654428594,-2.4777296967383373,-7.287004555540658,4.734444016411149,-19.755552380063488,-26.411695299640872,12.733907955897283,1020.929038378128,978.6486223975849,1.0,21.350553566553813,20.002603594613838,19.13945593664626,12.052773584635405,9.036290167270012,7.696725267447797,5.343604082885482,8.689959466936635,35.35550749560481,32.98271514661132,23.503920134111592,29.321153804554413
732,331757988970025.75,-16.682611541591537,7.847287674954558,4.9061047761013095,-4.131453374209676,-8.88362260695729,4.254764636038645,-19.245354806941865,-24.419030071358602,15.630902984943557,1020.9190701561345,1142.4765965730878,1.0,19.077717782146294,18.436091009244254,17.389059546787664,9.254717063615603,10.681323874604507,9.79732910573648,5.930592642506613,9.849963082719027,34.799394238919064,31.091360717585133,24.793321878477634,28.993346784230223
733,331758022303359.06,-16.811024656715272,6.516523773357354,4.435699104246431,-4.360937974260415,-9.572246896838372,2.9120950000973025,-19.401765124724147,-25.153837173772274,17.739008543462198,1020.918881052747,1256.2937826832697,1.0,18.56747313558937,18.029853912259533,17.386373300723225,7.882925131709939,10.914485235638468,10.518825536597628,5.243860915865165,10.005408934352635,36.38428834847034,31.767027158983733,26.2887982619972,30.779667780365546
734,331758055636692.4,-16.850855543461662,5.732344197562395,2.9568385943454123,-3.9936572527368392,-9.883524124871217,1.2376509055851557,-15.075389286466518,-26.055310374461254,19.183718776274947,1020.9275074472523,1315.5289074875445,1.0,18.04311494778411,17.799188255253103,17.108308713009105,6.450012749781028,10.731501625743933,10.659894341842648,4.1810379113843625,9.960714276145417,35.69540064119216,30.10226836715163,24.39841036267964,32.355745468103684
735,331758088970025.7,-15.214344519642598,4.5488751557092915,1.2205389359928416,-3.5506359880928473,-9.463971410615802,-0.4111843476477302,-9.590001491067364,-29.120211149699223,20.69220582692988,1020.9283216482008,1333.975398681796,1.0,15.926652493191483,15.879815626908519,15.26322359322084,4.709774992131129,10.116463974563633,10.108104213001235,3.5743654664416398,9.472899631512188,36.9881360436799,30.658682717979605,22.80647957451358,35.72329883125434
736,331758122303359.0,-12.202449419200516,4.125322256611532,-0.3825382178551596,-2.4888485366292734,-8.329401794274803,-1.7139877368455088,-2.0716909512768296,-30.622279068539708,17.960678154766757,1020.9488406755399,1325.8483188672508,1.0,12.886597341314008,12.88091827274133,12.20844409891231,4.143020541707977,8.86064643526683,8.69329059037773,3.021939939895971,8.503921931234146,35.561240677572584,30.69227718415705,18.079763913743953,35.5008441467332
737,331758155636692.3,-8.813801504805554,3.129498757419538,-1.1841510322769775,-1.9939229649459276,-7.104434165267552,-2.3880425908307026,4.59710511979089,-33.16846372798668,15.115338425788405,1020.9588533809513,1305.359004235436,1.0,9.427569840952954,9.352906470119493,8.892992220470862,3.346038873045719,7.755737296632799,7.378937159155078,3.111024944573761,7.495047179587482,36.73899586656243,33.485524657039136,15.798950319832109,36.45024611440756
738,331758188970025.6,-7.163735883721573,2.3527230042355924,-0.2566505839463604,-1.8169520222407254,-5.701309184163126,-2.337678592878726,8.182985911522117,-33.51161928111716,12.742020176172229,1020.9686551282599,1283.694203188768,1.0,7.544553457204705,7.540186824368443,7.168331837600721,2.366680176301682,6.424249549025235,5.983831637383147,2.9607525824911685,6.161953230675016,36.77429759275754,34.4962300153323,15.143326470698225,35.852304040501
739,331758222303358.94,-7.288456154185265,2.0382996976287777,0.10744275322653757,-1.913325967431156,-4.218015124677327,-2.018183965697458,12.172837965060008,-30.916854060836794,7.154795795500542,1020.9891748556083,1263.558877358099,1.0,7.568870636631037,7.568108004569876,7.2892480446683905,2.0411294918682805,5.05228011585377,4.631680888149901,2.7809859361465112,4.675972424149335,33.98854148118156,33.22694462544949,14.119811861314531,31.733940314659836
740,331758255636692.25,-9.91341852786365,3.2274326362294943,0.9223245019028009,-2.3623133794676363,-2.853381364735929,-1.0149471266069092,15.110828535082957,-33.08015525730909,2.853988306829357,1020.9889718883454,1246.1823607054102,1.0,10.466273014631321,10.425554581411463,9.956231686506724,3.3566358021402194,3.840888879574844,3.704363604647103,2.571116911503525,3.028514963217104,36.479844573680275,36.36803281543217,15.377983881907149,33.20304084121201
741,331758288970025.56,-12.851584485483745,3.40397540248435,0.17658515884371406,-1.7673498057192072,-2.20678528998172,-0.12338255539220544,15.69136748888534,-32.787636208863795,-1.2977002649266205,1020.9693703423309,1232.7939871926833,1.0,13.29591872141857,13.294746042262144,12.852797598416087,3.408552604705163,2.829955813582702,2.827264871188305,1.7716513739307826,2.2102317912505955,36.37213394638311,36.348976627080496,15.744936952837838,32.813306967484806
742,331758322303358.9,-23.189477488583957,20.95380491300592,-4.1297022434625195,-2.279416249074472,-1.1088877204231729,-0.30187047515402166,15.677640657599952,-33.213430177388666,-3.9014909570717955,1020.9486912079317,1224.5184245736718,1.0,31.52567599823218,31.254020645764175,23.554326711099204,21.356881348922894,2.5527428771460223,2.5348314368119307,2.29931820771168,1.149242254824898,36.934292905445155,36.72765117370158,16.155805404774593,33.44179384896069
743,331758355636692.2,-6.075914816154389,20.60159033599368,1.4038599344611693,1.1729564609275571,-1.7150778070813546,1.1770278877231057,15.358594370701898,-33.423532190052335,-3.020157729058698,1020.9490159975743,1221.0269663637894,1.0,21.524708777143953,21.478879515125378,6.2359893817059815,20.649366747861627,2.3880354670843156,2.0778158589188522,1.661692362535742,2.080116951717115,36.907184636756206,36.78340556695669,15.652724163932266,33.559705850437034
744,331758388970025.5,-1.8389976989000087,14.073696682389901,-5.276100204424852,-2.2743416193230637,-0.7726376638379694,2.1680340548700343,12.950493064374113,-34.15856122663696,-6.583630743004822,1020.966094160943,1220.927091953364,1.0,15.142261528966008,14.193338255832277,5.587409587965741,15.030175370734849,3.23573336726657,2.4019989094431433,3.1421332665024346,2.301595234322751,37.11962781931611,36.53111790904171,14.527885750192292,34.787231836323855
745,331758422303358.8,-1.829275225950792,15.30759847058177,3.283322232764885,-3.4482519320122105,0.3193611980666209,3.3491725584041308,7.243007694655751,-35.06687925791688,-12.556120825368096,1020.9796621057424,1222.8019122399655,1.0,15.762265816595114,15.416511239214747,3.758517358805931,15.65575855143166,4.817612457164208,3.463009234965522,4.807015520319569,3.364364486912472,37.94474076252737,35.80708283781525,14.495424472780533,37.24704271577226
746,331758455636692.1,-0.41658039414956655,7.963377166844436,2.066371213186211,-4.913219715524139,0.3061809760805301,2.3050850613402987,2.66525700337599,-35.48565821341848,-18.799664478615497,1020.9966614856651,1225.236031733652,1.0,8.237645605201392,7.974265804838031,2.107944310335181,8.227105559800725,5.4357052811151325,4.922750731362369,5.427075189550013,2.3253309291642417,40.24627831541839,35.58560851992838,18.987653341120435,40.1579297692009
747,331758488970025.44,-1.5065958783924183,6.2687273160202786,4.482505024614583,-3.4591987536622884,0.5028443757558224,1.606190774448176,34.43711297575738,-33.270804454716355,-17.174081042862202,1020.9786418553933,1228.6507206006327,1.0,7.8523642681107715,6.447229893792204,4.72891979594537,7.706477370258981,3.846915295076098,3.4955555328971664,3.8139093881817856,1.6830630618463749,50.870524263426354,47.883830038636745,38.481993318588316,37.441894833605474
748,331758522303358.75,-2.4103238834212375,7.313518928367838,7.613643669391997,-3.8206568078169876,0.6197727782854099,1.6721804544922738,19.57706051385597,-32.39273517371774,-33.37890948252973,1020.9891569824736,1238.8797139239527,1.0,10.828886843210539,7.700468838881531,7.986064809871233,10.557231125634575,4.216363861457867,3.8705990156333567,4.1705642202829445,1.7833411813474176,50.46486092956862,37.84905005938443,38.69641968717638,46.51280350911481
749,331758555636692.06,-0.1453047005704394,3.831352328686951,6.527486782376252,-4.202935135883947,0.3593089092369056,1.5723415188289682,-0.7537792645639942,-29.3760781736751,-38.73107397315009,1021.0030932098389,1262.748828335102,1.0,7.570234990846682,3.8341066915962037,6.529103855055803,7.5688403577187175,4.50178014795683,4.218265834286031,4.487418145022948,1.6128734432962808,48.61705712154101,29.385747430439086,38.738408257094285,48.61121331523721
750,331758588970025.4,1.0549896126854756,1.790974696330273,5.214910258418326,-3.5166417961093437,0.4292613040566188,1.2896701703143192,-0.5104589841324304,-35.983337733115036,-44.071706775296995,1021.0087606155952,1307.083880465569,1.0,5.6139008228794225,2.0786037250446667,5.320553738684625,5.5138806086323635,3.770183541619971,3.5427439632724718,3.745666652325286,1.3592330246719853,56.89794812537321,35.98695823197484,44.07466286271786,56.89565829220345
751,331758622303358.7,1.3613382885191896,0.36309000696815946,7.436924045430923,-2.836489509384799,0.7489931037232468,0.8452182661030719,1.3942951073870902,-22.42872876085902,-35.111831090217734,1021.0409451948337,1378.4075322067692,1.0,7.5692083830779255,1.408927354035152,7.560494771726054,7.445782269894063,3.053040668518728,2.9337115410815358,2.9597409775526473,1.129329264111785,41.68731959700275,22.4720255578946,35.13950399983563,41.66399592377291
752,331758655636692.0,0.3714755018104391,0.6932319457268623,8.318828287037961,-1.4157380261904402,0.7848795165019173,0.5251093136032028,0.9673471343511868,-20.70609675775162,-36.85956152136945,1021.0592414286041,1478.9789522553629,1.0,8.355924164821298,0.7864887659856108,8.32711823608073,8.347662822598862,1.7017901766841628,1.618749521768543,1.5099847515900384,0.9443387351248016,42.28836103430031,20.728680696554463,36.87225292853634,42.27729554369569
753,331758688970025.3,0.8963547553740767,1.2444630758920674,8.977977767904667,-0.39572314527664604,0.8740289337825565,0.4477536808747408,2.417060134895737,-19.41630211724772,-36.458125124022544,1021.068706221847,1607.909325984322,1.0,9.108030796815024,1.533668867370159,9.022612517916981,9.063816698733994,1.058776059199297,0.9594390990556483,0.597561851563937,0.9820437545374198,41.37668250552265,19.566168955724073,36.538159056725696,41.30602468729135
754,331758722303358.6,-0.024704704597716357,1.675108936502413,8.000156786420254,0.2912173895963334,0.9313268835259303,0.4144849377968007,1.9210075561464266,-20.538336738165178,-37.957114481455626,1021.0816806368093,1764.2362406197371,1.0,8.173683923353384,1.6752911005492466,8.000194930733583,8.173646588668749,1.0601769171425315,0.9757957429613149,0.5065622682984989,1.0193956678535276,43.200186177369254,20.627979687818126,38.0056944389798,43.15745376790195
755,331758755636691.94,-0.6338718104820464,1.5857984408041759,7.732867999282457,0.6448463019078666,1.0766487958297724,0.20507390134840528,3.4193524026166826,-21.50492791522071,-36.0477946853999,1021.0783644792585,1946.9886406365658,1.0,7.919204357844759,1.7077910197037407,7.758804093831114,7.8937952968887934,1.2716346518006678,1.2549897938413483,0.6766698294578435,1.096005444592295,42.11409974311293,21.775075097278524,36.20960470005197,41.97505719257074
756,331758788970025.25,-1.3238913252431912,1.6766700051483834,8.492588569367559,1.3196224543293038,1.2514295958483788,0.01344938385748837,4.377027749419868,-22.560118475571006,-35.40419092393145,1021.0631279748311,2147.023271102372,1.0,8.757166845262855,2.1363310949425545,8.595158454013905,8.656516788796566,1.818697429827589,1.8186476996206087,1.3196909895487814,1.2515018654765893,42.2086964087874,22.98080323989986,35.6737313284913,41.98113481803452
757,331758822303358.56,-2.5095135661481724,2.4922208045687673,9.130918857151062,2.1647718414860937,1.0614483278044966,-0.12980919232792154,5.206057090036108,-25.47007423796247,-33.09725027813501,1021.0588384377382,2331.8364037489573,1.0,9.791961093329771,3.5367814291255137,9.46949510346558,9.464927031657574,2.4144896157786397,2.410997652070623,2.168660312751612,1.0693563386504001,42.08628859956105,25.996686560252922,33.504193862831904,41.7630537396492
758,331758855636691.9,-3.0348087365062577,3.270883781811525,8.375844454085254,2.4316959444573105,0.8759897838277918,-0.38272103268955737,6.813692990152656,-26.466501262245647,-32.27508556711797,1021.0577976568983,2464.7770510665587,1.0,9.490179929818142,4.461921646700261,8.908694314331669,8.99185470485085,2.61284876265806,2.5846669548823487,2.461629654345489,0.9559463846019937,42.291645151179594,27.329509714382105,32.98647541840204,41.739152332423295
759,331758888970025.2,-3.0314288223955295,3.737248835022742,6.787027773041952,3.036062309491632,0.9234494049472513,-0.6715245746554636,7.801397904602752,-29.199482376165136,-29.345585520701924,1021.0595033504162,2509.1942255454123,1.0,8.319875933700695,4.812129420550656,7.43325680286193,7.74795294557999,3.2436674313158704,3.17339457846217,3.1094404000530167,1.1417986065255263,42.12641653232267,30.22369236711356,30.36486783799282,41.39774342387286
760,331758922303358.5,-4.3425470572156994,4.789729826562148,6.718240678551675,3.8254592385685626,1.0837019197352573,-0.9186432566353439,9.959245881616368,-31.55940848899475,-25.637429677346383,1021.0787507291107,2431.7944663892017,1.0,9.323839583054733,6.465232150169999,7.9995295336087855,8.250834480608948,4.080741803857363,3.9759965086488003,3.9342145110442512,1.420674235635838,41.86240130674073,33.09354684384444,27.503897523648785,40.66047300064419
761,331758955636691.8,-5.8008498387435665,5.270934549231647,5.508358372164316,3.8797508500574636,1.1107206865765011,-1.3259170690180948,11.70594946329947,-32.86891274788364,-21.207848742577834,1021.0888842263947,2246.4368410428156,1.0,9.579907193189703,7.837895755490442,7.999491909355491,7.623959796488734,4.247849241207145,4.035612357760664,4.100063747362368,1.7296694821562035,40.830962838921266,34.89118338585421,24.22399845453639,39.11698190704452
762,331758988970025.1,-7.790563957103221,5.906430680675707,4.944151855631991,3.070152879354745,1.2736272765624435,-1.836466925018391,15.107887279346235,-33.23118087420113,-14.319182106402426,1021.0878720109242,2001.7622225096125,1.0,10.955521335239704,9.776441589624678,9.226999747548769,7.702633378084183,3.797443338471372,3.3238479421017586,3.577492064183614,2.2348908712262374,39.212225345364146,36.50424140205221,20.815552700847203,36.18494657299063
763,331759022303358.44,-9.102443505872985,5.643460757319048,4.7094416142506725,1.9720051123593791,0.9713005779934487,-2.2296808761958498,17.77887053492371,-33.10397212262035,-11.216084661735335,1021.0837954632045,1747.2228275894927,1.0,11.699656722102805,10.709954579596001,10.248576393609273,7.3503394232808095,3.1310869974587785,2.198233148685993,2.976622410189949,2.4320570763211746,39.21430559033295,37.57607227735229,21.021151077826186,34.95244663016367
764,331759055636691.75,-9.926233016085632,5.174053195803087,5.704685164809691,0.2866361282181684,1.1000982330224296,-2.031007101252246,19.21651047307512,-32.976135025415736,-10.560760135777144,1021.0887246556647,1532.253058881781,1.0,12.563612585249052,11.193789722995007,11.448735070706643,7.701575118285863,2.327523627728841,1.1368273361856558,2.051133860901563,2.3098064783951324,39.60087638704068,38.16673624998942,21.927241719086,34.62593155223221
765,331759088970025.06,-11.405187068492502,1.5281064052401587,8.136361271391783,-3.221513011746692,1.2203154313234226,-2.06716405848046,21.845650478722735,-30.19709905977416,-13.529210425217206,1021.0868756243938,1391.2787457644288,1.0,14.0930399840364,11.507102209203001,14.009948850938489,8.278616063349002,4.017522007587851,3.44489707201526,3.8277034014571516,2.4004868249168703,39.65017996420872,37.270594796224174,25.69575800727281,33.089338560261666
766,331759122303358.4,-12.288610132408499,-4.619004949181964,7.175531223412632,-4.289655793044738,1.1560375353410726,-2.2296006779753275,23.785301820715997,-25.205736512719067,-14.770866597522733,1021.0987528949198,1316.435610287973,1.0,14.96106259745844,13.128029010742637,14.230185779690384,8.533665980030918,4.970783518636452,4.44269845993623,4.834487150260131,2.5114820258854134,37.6729111682783,34.656453018899306,27.998555011721024,29.21485329743129
767,331759155636691.7,-15.395198932015616,-2.6991790295464253,12.33989845283527,-3.529720004999093,1.1444784337180254,-2.409311019758139,25.261783187859162,-23.603433117532465,-17.804818522244027,1021.0877417395241,1292.4645493380194,1.0,19.9140857539623,15.630026154484769,19.730312820191703,12.631653148334522,4.424198660646295,3.7106271975147895,4.273605375279613,2.6673227167280804,38.88818981868757,34.57281800438361,30.905812599581452,29.56575075224494
768,331759188970025.0,-16.921572818055168,-2.5118975643326147,10.625129331520851,-4.6704486809270485,0.9489589438316607,-2.7093253908821073,29.639644672937408,-18.593980065256787,-16.615312939054583,1021.0882089031621,1304.1064598001733,1.0,20.138089018623102,17.10699435933863,19.980815797866917,10.91801276264343,5.482158154589285,4.765880187148152,5.399401351525157,2.8707084754040397,38.73387735649335,34.989207350340955,33.97906944577355,24.936012486560102
769,331759222303358.3,-16.341653195486483,0.5353003184126349,9.956792029931288,-4.36225595330247,0.9503048599572509,-2.143832728012774,32.26332556671762,-13.313048554847894,-20.40304619625972,1021.0980315286225,1336.0100159120614,1.0,19.14350759708757,16.350418208487703,19.136021966146902,9.971171142759305,4.952612956276707,4.464566757142423,4.860585949021119,2.345015584715177,40.4282541366117,34.90214088630886,38.17337384500777,24.362297837241172
770,331759255636691.6,-14.372903487513586,-2.540322263688451,8.175650615670673,-3.9162398736161363,1.4317934006278015,-2.2643843763270057,31.92761172844202,-9.95682179025394,-19.09029737986815,1021.0831506904915,1371.4979555657894,1.0,16.72946068629493,14.595670312279989,16.535465450083237,8.561220718618781,4.744934529952558,4.1697682297439815,4.523756332015991,2.6790798692527193,38.50909171737013,33.44414284811354,37.19962156707981,21.530855863496846
771,331759288970024.94,-11.445844399830182,-0.7836873886915416,2.8794163668149664,-0.6027992236592303,2.436849986279213,0.048340508524634174,33.50018246549324,-8.77577315672897,-16.36005820494784,1021.0787881381275,1392.899234154781,1.0,11.82846391387318,11.472642239184404,11.80247400499598,2.9841589328780844,2.5107651352600846,2.510299735026312,0.604734411794625,2.437329411547282,38.30049509065107,34.63057059477515,37.281546771702246,18.565174358665363
772,331759322303358.25,-10.200302094537692,5.512313083033499,4.439249945051983,2.1663744109334915,3.6530208755589,1.422208217147955,34.771505402382715,-10.275227679558249,-10.915531310006699,1021.0936115393533,1382.5187515603534,1.0,12.41526070688233,11.594471024812314,11.124437194504452,7.077608042271507,4.47888555541886,4.247086013446931,2.5914965369976084,3.9201068518845603,37.86537621091895,36.25793557022642,36.44456628535545,14.990968202437644
773,331759355636691.56,-16.41248985117048,5.249851262754022,11.00430791884336,2.1573795672020486,4.665709128839864,2.2595082746076933,36.147005814178,-14.229232293520832,-5.046613699982297,1021.0881040458098,1322.673445638055,1.0,20.445673238329245,17.231679006870284,19.760177526720064,12.192445655148873,5.615025014631829,5.14034320565471,3.1240461328222304,5.184035042123102,39.17327393555514,38.84684132581688,36.497593607895126,15.09766079562742
774,331759388970024.9,-15.240237937010495,4.6924429491036594,15.51744369823198,0.7111713905684824,5.153020292948448,2.3726443655791742,35.038573568822024,-16.77064423526601,1.9140662309374696,1021.0776751073415,1205.5318713361507,1.0,22.250279372068253,15.94628085815895,21.749848535208084,16.2114181908429,5.7174141158233605,5.201863405194491,2.476934805819021,5.673011495233649,38.892413081988494,38.84528473062869,35.09081485622938,16.8795188794668
775,331759422303358.2,-14.958729466110647,1.2437593601030132,9.72710381814786,-2.6278155588535457,5.484941480160033,2.5078246755107645,33.608604558159314,-20.395121358147136,6.872451413694136,1021.0798143131879,1050.9186500385244,1.0,17.886505339924774,15.010347250684468,17.84320979894911,9.806298284004548,6.5786915306338525,6.081940286794413,3.6324370902265386,6.031066874432815,39.909019832537396,39.31283855892724,34.30406519321454,21.521885689853853
776,331759455636691.5,-14.168714851766039,-0.7915722119594237,8.31018858194911,-3.1275612011287452,5.1306060491661825,3.0742671248083706,28.719984456371723,-23.682599539924727,10.219655053468784,1021.0687987300513,883.4753163692224,1.0,16.44500840331069,14.190809248150785,16.425946390336627,8.347803353835289,6.749509304625339,6.008723449997221,4.385516779295617,5.981156810050891,38.60238823641053,37.22503227859818,30.484075458936317,25.793543191665872
777,331759488970024.8,-12.03224115298329,0.42282944020330626,5.9806492001664076,-3.9814109845673573,5.1360802403031585,3.2198271318997924,25.03895195781707,-25.96044066581641,12.83507067169284,1021.0726954134826,727.8434049522905,1.0,13.443279984977563,12.039668263662719,13.43662874455478,5.9955775027059515,7.252464437843471,6.498534731988909,5.1204414055188305,6.061897969625569,38.28358177935543,36.06790255489284,28.13695353611014,28.960033126892725
778,331759522303358.1,-12.48558340489422,0.02274461263884578,0.5888013171085742,-4.6215678023533595,4.641004971483145,3.1595733224961777,18.7494309840785,-31.331012565817154,10.321370433377234,1021.0689650287019,607.7361807885783,1.0,12.499479879939118,12.485604121466212,12.499459186364774,0.5892404504384292,7.271913068602379,6.549642440399364,5.598374097180251,5.614430578924349,37.94343419155822,36.512648638877394,21.402613154699512,32.98731629008923
779,331759555636691.44,-12.967081313290844,2.351385138493998,1.2196856289046605,-4.020746376781179,4.5977766805689875,3.0022176046574898,14.872237576213868,-34.93442070070574,6.196332989997733,1021.05916861415,534.0496462014329,1.0,13.234872227882807,13.178551128823951,13.024316904116437,2.648895072079488,6.805825620488547,6.1078598404664595,5.017939016380563,5.49116207647337,38.470660804568716,37.9683710503525,16.111424302223625,35.47968844588171
780,331759588970024.75,-12.735252047158637,2.227538709074072,3.5316428214187057,-2.6763429703055306,4.399477517206771,2.733299607586112,10.608159207266285,-37.71208940779536,4.962888297114932,1021.0390682512818,508.33428406400054,1.0,13.402278702637098,12.928595182968706,13.215867195259513,4.175455630048254,5.8300206572483155,5.149583878247997,3.825406963910405,5.179413979326063,39.48879574661527,39.17569053977555,11.711673749569222,38.03724421867587
781,331759622303358.06,-7.364026842800343,4.812250402389891,1.9996347233473206,-0.726768770691995,3.5015555084363696,3.585238448613868,6.4434783818255,-36.470708639413644,2.827303470996206,1021.028670269679,531.9284497553609,1.0,9.02137374813847,8.796967959290614,7.630690032251363,5.211170018538829,5.06389361639178,3.576182856722267,3.6581590423971906,5.011469416456641,37.14329882004506,37.03553701943653,7.036480553100375,36.58013441170095
782,331759655636691.4,-2.3496083067805125,15.4817450023225,1.5814865552675292,1.022817986393795,3.534093627879706,3.1999238553112535,-0.5283794394233261,-37.929309286863194,5.968312480167702,1021.0189300977368,606.1568102404666,1.0,15.738684418868104,15.65902575233305,2.8322709827599377,15.562311140747369,4.876011390850173,3.67912685346817,3.3594150254293815,4.767528757166544,38.399641165920514,37.93298943941186,5.991655755542941,38.39600574069459
783,331759688970024.7,-7.4820037399200485,15.233074992881972,8.137581041498676,0.21767373006675517,4.276486242470972,3.5390152139928013,-5.578792500667171,-37.766709091312386,5.52035106861312,1020.9981453129246,725.9331623138085,1.0,18.821455281404315,16.971356860986212,11.054438256697456,17.27040239675164,5.555208827728908,4.282022470142429,3.5457031090650677,5.5509425566218935,38.573585745611666,38.17652736110656,7.848388477021145,38.16803101429986
784,331759722303358.0,-6.863565013019189,15.433725882158535,10.191710599092257,-0.7244848149508005,4.613498045966259,2.995047279487345,-9.308034383502763,-37.183817393049836,5.533544186537325,1020.9972881713522,869.5633406556175,1.0,19.72762996989757,16.89107513728926,12.287371143722751,18.49515773226224,5.54793210787527,4.670036666582907,3.081426042185475,5.500424749644252,38.72848940080811,38.33113329924052,10.828647900307345,37.59330242455478
785,331759755636691.3,-9.67143168110169,15.34958201572769,3.3624692288801623,0.5424020257496,1.772589180262385,4.820679781976147,-16.016824816874944,-36.34116162759453,2.726124679911212,1020.9887941189503,1012.6991178601548,1.0,18.451353829324674,18.14238845410847,10.23927683371162,15.713556802096617,5.164806474581031,1.853718522192769,4.851098176484461,5.136246291051167,39.80766837467162,39.71421289233126,16.24716692180154,36.443268023235376
786,331759788970024.6,-9.619716719007263,15.391263303038901,11.393905837368361,-0.09003001946339514,-0.4387511451565366,4.419685702024815,-20.61192098646028,-33.15861271729058,4.8484091893231955,1020.9886878122005,1130.9922665216798,1.0,21.430142931120095,18.150204842299157,14.911741681801113,19.149727838647962,4.442322554302347,0.44789281282551474,4.420602573076113,4.441410167059416,39.342749722845504,39.04285957876736,21.174474218246726,33.511202142005864
787,331759822303357.94,-13.526903700750424,11.87499729307751,10.003571138702922,-1.2900443234465062,-4.223997110063656,4.773322640321825,-25.406030412228063,-29.893478942602993,6.941849086211826,1020.9788343080662,1201.9314205531582,1.0,20.592817193552314,17.99979678885219,16.824047053443046,15.526976403591533,6.503151157007777,4.4166011753703405,4.944575147074365,6.3739125044539975,39.840629178448545,39.231192495244215,26.33734326090612,30.68891252598548
788,331759855636691.25,-19.860523372641527,8.633440520132714,7.485097397608406,-2.609154892403671,-6.896696665915431,4.726387591133364,-28.021455197583375,-25.677281579375315,11.68268395548145,1020.9602827111019,1225.682776332864,1.0,22.91295194647765,21.655869501128553,21.224209565656963,11.42641581014596,8.75847325826953,7.373744920608729,5.398743271741439,8.360811238346939,39.76191450496773,38.00690385570363,30.35929932975786,28.210067240440786
789,331759888970024.56,-20.433858134080246,3.2584462654629096,6.238482091583059,-3.7982010319120003,-8.884194695431265,4.339798851805124,-27.413287789142032,-21.580524021893897,17.915188753145348,1020.9488454513058,1217.6974988257816,1.0,21.61200335729266,20.69202818257859,21.364953008390167,7.038190880610707,10.59193563704366,9.662051876550157,5.767164394479011,9.887505724926692,39.219400206156756,34.88849902861777,32.74816537565348,28.047691618391077
790,331759922303357.9,-15.837981120109655,1.4805737708880775,2.868496481851045,-4.172518411015661,-9.503787558529016,2.768514790936257,-25.32582235497009,-21.681588416977398,23.676926658704396,1020.9486207799946,1193.712579129528,1.0,16.163601601078376,15.907034439265907,16.095649040263698,3.228059906109793,10.742279180674295,10.379397277680221,5.007452849293489,9.898820743163487,40.891140975037345,33.338994499515294,34.669787048050495,32.10433198627368
791,331759955636691.2,-13.183692845233342,1.3227099978383594,-0.11913060062931845,-3.990976138496902,-9.514628696612844,1.003987125597238,-20.64979926690981,-23.38469925660343,25.786551749112977,1020.9601067683865,1169.4509958521082,1.0,13.250415498234185,13.249879953261402,13.184231078734289,1.3280639436366966,10.36648638260936,10.317754105058922,4.115322670996363,9.567452606769141,40.47474052041766,31.197089112374858,33.035745199304195,34.810780089384245
792,331759988970024.5,-12.203120541638855,1.5244872929560005,-1.3741425565070378,-3.8291604701663835,-8.871372126420006,-0.5190719766113825,-11.783257984117549,-26.17827639300577,27.95830493529359,1020.9593932535654,1156.3446424117415,1.0,12.374509292321704,12.29797594973061,12.280245059418476,2.052395983232284,9.676422325870751,9.662490016124552,3.8641824003517335,8.886544836004884,40.07261082689441,28.707966205025272,30.339940401641066,38.301030922985156
793,331760022303357.8,-11.332322756536037,0.33993666668567285,-2.893675985591429,-3.3888871529143736,-8.119824333796421,-1.865975762543527,-3.093571977192821,-29.054108392242306,25.268495743437956,1020.9589651117842,1155.5035277320046,1.0,11.70087418551496,11.33742016490797,11.695935181416365,2.9135747196435333,8.99432981901934,8.798642130857498,3.868645975220269,8.331471224106364,38.62911180939033,29.218340165831417,25.457161364029076,38.50503982083783
794,331760055636691.1,-8.661012676019972,-0.20515193025068307,-3.5262319349663733,-2.413452143756829,-7.365647071645068,-2.5236306773510533,5.497269720193023,-32.0376861950856,24.452537098523987,1020.96897855952,1166.5172550079885,1.0,9.353584315535992,8.66344203470331,9.351334248830769,3.5321946398326176,8.151455074396553,7.7509681997953,3.4919139516705977,7.7859789737515275,40.67628156144587,32.50589655910647,25.062851891419758,40.303100467451266
795,331760088970024.44,-8.81227966418706,0.9303742529077867,-1.169157070930679,-1.3127184597905146,-6.4587089693406154,-2.0414796870187186,12.146159954929484,-33.1401044422611,17.775739223704328,1020.979395083098,1188.9754274347833,1.0,8.938053333183111,8.861256633814333,8.889499487392527,1.4941634806743629,6.899694965563749,6.590762573884429,2.4271112597457964,6.773666722178687,39.519269085394875,35.29583153992418,21.529191963468417,37.606428006301186
796,331760122303357.75,-14.565036160786445,1.5954946775069054,2.228063398567081,-1.7857576326363878,-5.791249012302541,-1.256867287460125,17.381203263490967,-33.51561750643318,13.44727085563232,1020.9687389852971,1221.976133751815,1.0,14.820598778018516,14.652163035912807,14.734467919577247,2.740414161032444,6.189281931153374,6.060321397831494,2.1837228992723614,5.926067878516288,40.07782350863202,37.75450759478025,21.975789413614415,36.112680741012134
797,331760155636691.06,-24.0389107971835,7.4325085993718965,-2.211644349266796,-2.1463825317353966,-5.1918293452391335,0.25454194846728206,19.355683502706775,-32.7877046706048,7.743142910113883,1020.978755507132,1258.1501036753596,1.0,25.258717052184707,25.161705355454004,24.140435021817424,7.754582826134553,5.623774668863839,5.618011207057624,2.161423044216095,5.19806536642391,38.85398722847118,38.074611769836274,20.84703206654132,33.689610263302946
798,331760188970024.4,-17.299025934539944,16.30319108944616,3.4543616417931724,-4.466904035928514,-4.072398758060207,1.4534592363318346,19.469647501719585,-33.524507168107135,0.06337778800642901,1020.9791643496378,1285.567464959596,1.0,24.02046944452115,23.77078749185399,17.64054740182905,16.665132884297343,6.216929070089434,6.044639220900183,4.697422209879879,4.323999930195263,38.76807670557949,38.76802490075658,19.4697506554457,33.52456707563096
799,331760222303357.7,-9.038305612067491,25.55418373742135,7.389955171553551,-1.4664738774062274,-1.5641207050528265,-0.4418423349940494,16.409748235462295,-34.24667544642634,-4.63599102095068,1020.949505107233,1292.2028293134863,1.0,28.094816466042122,27.105484220412304,11.674862130864835,26.601273351542044,2.1891194261809477,2.1440660468114796,1.5315907684847962,1.6253301907513884,38.257117364360504,37.97518421659227,17.05204532886285,34.55903922100838
800,331760255636691.0,-2.2940827404158117,17.112453509483682,-3.7290764353917947,-1.4709929996920261,-2.0676383981879556,1.398380427345333,15.429023252166886,-35.45073438905308,-8.073478516059058,1020.9786666788647,1266.048705673682,1.0,17.663660203794358,17.265540267657833,4.378221862910569,17.51405367626909,2.8973119905158153,2.537508413937617,2.029602972190734,2.4961162563558155,39.49671356693319,38.66276409207051,17.413667444429205,36.35843264048187
801,331760288970024.3,0.18746369955708203,14.331463036460523,-0.17080749594644695,-4.366217452079732,-0.5109480633808774,2.991221660599647,11.76055745049787,-35.40572680892001,-14.095333528991299,1020.9980866171566,1205.2434210547153,1.0,14.333706799176458,14.33268905000335,0.25360961993410935,14.332480872692829,5.3171731009210905,4.396012143104054,5.292566661052663,3.0345469095588515,39.88175810703239,37.307857113674295,18.35726392575885,38.10831822793264
802,331760322303357.6,-2.3302222623469055,12.407235222649934,2.186071201926262,-5.262281883540317,0.2181822804064867,2.575511117194005,8.263795655427435,-36.046132421311476,-20.873585769466764,1021.0079976586626,1134.995374728204,1.0,12.812038438983611,12.624160235916776,3.1951280243252325,12.598348827130343,5.862804076899543,5.266803027389575,5.858742880228363,2.5847361610565374,42.46552206254704,36.98126527269428,22.44987531167928,41.65369425885305
803,331760355636690.94,-2.544720505442479,5.124600139855938,3.5852559346824955,-5.142027738092265,0.5131201454709241,1.741571867042404,7.906058281551924,-32.29442389760446,-26.255365996718837,1021.0344259106855,1084.9789002088567,1.0,6.752124788642978,5.721636919993345,4.39655121293901,6.254245494908843,5.453147174895605,5.167566307557007,5.42895218503385,1.8155893951446367,42.36484174467221,33.248091259942456,27.41988331800403,41.62059656588101
804,331760388970024.25,-3.921996378876156,2.8972093329169,4.99695761898494,-2.354284781727674,0.7066548639895402,1.7716160003310057,4.228796833027831,-31.117512620533983,-28.99861901734309,1021.0394827271351,1084.8683310113827,1.0,6.981795110184064,4.876051426580576,6.352294155803029,5.776106592218709,3.029957290607151,2.458051653296691,2.946401209289623,1.9073500857023877,42.744616260496834,31.403539837797233,29.305334455829684,42.534920907439144
805,331760422303357.56,-0.5236066087949627,6.352264064217758,6.206291505237298,-0.5159904818279522,0.7902312151401525,1.5492913071637462,4.226791281779824,-29.143745856105006,-28.976732123225332,1021.0496526417973,1161.736102696705,1.0,8.89626196052627,6.373807545127643,6.228339917566671,8.880839655659422,1.8141155159393996,0.9437751589859336,1.6329573576153762,1.7391862832471487,41.314340023847976,29.44866188920929,29.283387254224685,41.09755378445774
806,331760455636690.9,-0.426389377185505,3.6195024709772903,6.285219328462591,-0.7824785417110733,1.167927767269702,1.4352638489432639,4.309985106741491,-30.0531977669236,-31.0289097114057,1021.0586837943879,1308.8187566147892,1.0,7.265437911459095,3.6445309764614917,6.299665856841646,7.252915285889562,2.0090570559049117,1.4058193119309035,1.6347033322048743,1.850415517023953,43.41156419108533,30.360676336968435,31.326812948317937,43.197082469726915
807,331760488970024.2,-1.570316445228593,5.297056972837137,7.487869865893322,-0.6068514223862786,1.1592126795131183,1.2804214192837506,4.448223706032834,-29.66812907602483,-32.438489238986364,1021.0676925667788,1495.6886790309,1.0,9.30553069094886,5.524916860156169,7.650757404774291,9.172077610990643,1.8307161702887882,1.3084504901585818,1.4169501260852,1.727209613018813,44.1841618809095,29.99974294907512,32.742056719863314,43.95968001452586
808,331760522303357.5,-1.9282396177181884,3.2718578978177932,7.159321178979933,-1.0411294535441171,1.1828168115719748,0.7594772099965008,3.4940905348105447,-29.089843930133693,-31.549140129219328,1021.0689297274724,1691.432591349328,1.0,8.104260723264106,3.7977838441452474,7.414444535305973,7.87152677993941,1.7492317688855394,1.5757557389311214,1.2887032907310902,1.405653315096351,43.05549827185961,29.29893664529463,31.742036978722236,42.913485791446185
809,331760555636690.8,-1.92295989453837,3.9076484763389683,7.700388779303717,-0.6220856726214233,1.1703270143237614,0.4100020297991627,4.677935686767348,-27.481773681995993,-31.50084855283557,1021.0707411625108,1865.1501209982282,1.0,8.846664836143837,4.355168351583814,7.936860973233033,8.635143540617078,1.3873563237237403,1.325388963488386,0.7450451318680515,1.240067330791116,42.06464580317611,27.87706883798903,31.846295574810807,41.80372404771052
810,331760588970024.1,-2.234677266512414,3.8603999003522267,7.333826793283238,-1.0728372084982358,1.343940460454912,0.28188207109701224,5.657332955359212,-27.62598357019006,-33.34791759504795,1021.0651990419857,1993.4692284378086,1.0,8.583792012274412,4.4605459168253025,7.666733197349866,8.287804463458256,1.7425880578013808,1.7196382285777574,1.1092507281693478,1.3731836961068615,43.672462631666576,28.19929758678759,33.82438505123046,43.304486790014266
811,331760622303357.44,-3.8643712132537047,0.6915605714521561,6.902185161887249,-1.3249339898775911,1.572046030538364,0.2572394922746225,6.707031322910884,-27.338544108576993,-33.07974460191533,1021.0588357784525,2073.189218215252,1.0,7.940515153740823,3.925763734333887,7.910342905513036,6.936743907119806,2.0719437627624173,2.0559131303789027,1.3496748622978272,1.59295350795845,43.43558179731295,28.14924977940118,33.75283354171105,42.91463033633817
812,331760655636690.75,-5.555935987774227,-1.6485384788833521,5.122542993805987,0.8770325133270468,1.8709966282677526,-0.15136029152186578,8.363083273613599,-27.43552037441524,-31.147184744530346,1021.0698973157952,2104.4523282413934,1.0,7.734762474697889,5.795351914819652,7.557041181814188,5.381275484469257,2.071889077694952,2.066352925427323,0.8899977344253976,1.877109032751929,42.34142247924901,28.68185733275217,32.25039967738849,41.507287260490266
813,331760688970024.06,-7.462499862462796,-1.7557912250533256,4.969488213074552,4.209497210635269,1.922359636540931,-1.250585847097408,11.541269648595097,-29.26470846190092,-26.92701295303016,1021.0687880312865,2087.40079642707,1.0,9.136056048597688,7.666270737668446,8.965752466867695,5.2705422800563095,4.793672735962295,4.627670400811611,4.391335984333976,2.2933450532272985,41.408792460470174,31.45829090178991,29.296158991824107,39.76791656514972
814,331760722303357.4,-8.919028779475322,1.1576118196028387,2.6904684198951854,6.385598045451558,1.866151430332999,-2.3924595513106626,14.25788851431155,-31.703850281534105,-20.414984463906958,1021.0630600251534,2022.834569563707,1.0,9.387638670743915,8.99383897420858,9.315991342179444,2.9289393034573954,7.069812321672074,6.652697464864057,6.819070692017526,3.034202344207043,40.31368375901699,34.7623576237353,24.900983425320767,37.708165075159684
815,331760755636690.7,-11.107392501663078,7.410453274177777,4.928255597298571,6.0358060474355915,1.776358838950804,-3.1426477741066345,19.294072064111646,-33.39188148081285,-11.059423316867154,1021.0687749533438,1920.2438092778325,1.0,14.232943797650506,13.352489876977002,12.15162011496022,8.89957981935534,7.03296810735525,6.291772831800168,6.804938623849405,3.6099426251418505,40.11969354002409,38.56525593904163,22.23897616610977,35.17568184030435
816,331760788970024.0,-13.040597726277415,6.8777144551305325,6.717008434673345,2.4180353789667937,1.3570294803588174,-3.5199184456713675,21.58146765740636,-30.95932642349792,-6.140159772411886,1021.0680194176792,1795.2646311691487,1.0,16.20118352147077,14.743138918999005,14.668857875447037,9.613592379427388,4.480876026925488,2.772800768987561,4.270447395544479,3.77244680210874,38.23533968562485,37.73909960298965,22.43794349485759,31.562342350140014
817,331760822303357.3,-10.942822399464184,4.869257250268179,11.117868135761698,-2.164108548887915,1.088972743457877,-3.9744146962513547,25.825592585838614,-27.486821578022678,-6.407515989606963,1021.0785924290805,1663.6627890449367,1.0,16.342032313016933,11.977271318439117,15.599754932382764,12.137407385989585,4.654589093050285,2.422648849372094,4.525410256446205,4.120902063113478,38.25627862232348,37.715866593143204,26.60859811351946,28.223777592999877
818,331760855636690.6,-13.978194536848543,1.1413498760318341,7.65379638714936,-5.458059243484658,0.773208861098331,-3.646224282172381,27.46790910725293,-22.093997067444796,-8.700624606162656,1021.0588911576453,1541.1978030119456,1.0,15.977271393621658,14.024713973892672,15.936452605455301,7.738428695507796,6.609327814851733,5.512555001836199,6.563944105588637,3.727305120161814,36.30883646824738,35.25096788941501,28.81296408323294,23.74543271775906
819,331760888970023.94,-13.080259318278065,-5.981975804125844,5.774914951469619,-4.346666900981459,0.6206646677398423,-3.540857558511719,31.532896783870378,-18.07180185810979,-12.370056637778589,1021.0483654691715,1439.5230901496288,1.0,15.49925356432543,14.383226979873022,14.298350482839183,8.31466639245703,5.64060369353653,4.390755946060811,5.606352236325981,3.594843095247716,38.3918207851992,36.344375107862334,33.87243541294415,21.89996172646497
820,331760922303357.25,-17.09622876657845,-6.733264069630651,8.482669561926114,-3.8371111222185355,0.7135227383774639,-4.159684090108304,32.74595185615684,-11.652715206448322,-11.936965466438672,1021.0588764539909,1359.0966048659843,1.0,20.237923953987753,18.374381161567417,19.084986794232062,10.830167493081854,5.703990549776097,3.9028882205918816,5.659186645954818,4.2204367579294235,36.75016026081088,34.75749033875049,34.85381625464694,16.681634099498208
821,331760955636690.56,-18.38145393899199,-5.48329087132852,11.458793999288769,-4.558228772064919,0.21190008563740056,-4.39258647902955,34.809682924364374,-4.406034039974886,-10.956135453977875,1021.0618764789197,1298.485929790017,1.0,22.34386465249499,19.181874978501938,21.660604996846704,12.70316648311479,6.333811424452643,4.563151453192585,6.330265832825165,4.397694580350749,36.758183651292036,35.087421695761606,36.493162775795355,11.808896648177102
822,331760988970023.9,-17.36241497459704,-6.155702925001286,6.8446322442142,-5.318052849796245,-0.3368705429927181,-3.7541680107659223,34.841670835471206,0.9508140679760376,-12.370855948795601,1021.0588807478067,1256.2586475507323,1.0,19.651847821757567,18.421349903060335,18.66286270400788,9.205523834057793,6.518354495501171,5.328711652544372,6.509643889360164,3.7692518111416184,36.98491788425435,34.85464207245838,36.972694025634325,12.40734154836211
823,331761022303357.2,-13.377415164521194,-7.178034285441551,2.6091741606027843,-3.9939748515877866,-0.2446370851415411,-2.8044744879555825,33.35966034395663,6.571099011180368,-10.415215029065436,1021.0474214925291,1230.5882366695446,1.0,15.404129397252325,15.181548428501488,13.629491050083963,7.637536644974715,4.886385123190348,4.001460035854692,4.880257397792601,2.815124234739965,35.56013195392501,34.00068058846599,34.94772728470083,12.314870941930579
824,331761055636690.5,-10.528970124581745,-4.014342884251415,-0.4678651673050178,-3.3230648715982243,0.7667243950063367,-0.5633994205770239,33.26655084950534,7.809732566996301,-8.938225513216748,1021.0595013412143,1214.3936923364643,1.0,11.277990002276658,11.268281176677963,10.539360023223056,4.041515384990799,3.4565944722883652,3.410370425444713,3.370486470519745,0.9514647681361403,35.32063424566221,34.17097201120752,34.446411725284875,11.86944809555699
825,331761088970023.8,-7.3219831475507995,-4.547725400174836,-8.133711089881205,-0.3726818999106224,2.787628443555331,0.9256567671228999,35.34940342290175,8.357422923553324,-3.6126293660724165,1021.0388662779345,1196.8544065093204,1.0,11.851181359766198,8.61935284858517,10.943888399772469,9.318747899211132,2.9608452489720105,2.812430290307603,0.9978638429372064,2.9372968508203483,36.50312221187116,36.32391554166748,35.533525202147715,9.104812401128504
826,331761122303357.1,-11.86972990481912,6.522483239055032,2.1192273304457045,3.7643262109076994,5.504341225972887,2.1386256472525584,36.93857568094363,5.1041483690075795,0.7107176086429261,1021.0487700420111,1167.069671776927,1.0,13.708552078728781,13.543754118305277,12.057429763074108,6.858127447187158,7.002973926351421,6.6684274123717815,4.329419300693009,5.905208886316481,37.296324529755985,37.28955220848921,36.945412338422145,5.153392095705299
827,331761155636690.44,-19.158285386883964,6.858384237861943,13.289244806920559,3.49989309733286,6.231305733321791,2.888749716017344,36.862923457977494,2.835832881095184,8.871067721641015,1021.0589937056893,1114.1480744885907,1.0,24.30393714725476,20.348890223288464,23.316173067284364,14.954646832754632,7.708650838939166,7.14691701609073,4.538075210323038,6.86833648447128,38.02121666280748,36.97184163655103,37.91531311212725,9.313312549863326
828,331761188970023.75,-18.952631986471204,0.41428820667951727,11.770842010339043,-0.8114152041033078,6.343382645696222,2.99575424834749,34.80849951600581,-1.943084409087506,17.444955736255444,1021.0495811935766,1032.7380628303106,1.0,22.314269326266714,18.957159437342007,22.310423143611015,11.778130426793389,7.061971505157894,6.395068257897645,3.103697496526046,7.0152011308452185,38.98376195567236,34.86269088261283,38.93530684604513,17.55283617142115
829,331761222303357.06,-19.553337720398048,-3.855636946629338,6.4886879679919,-3.3275450206871593,6.242923955124146,3.8295160457363027,32.769485038593565,-7.453632935621942,23.97137571814711,1021.0388236281952,932.3786430784538,1.0,20.95953300572599,19.929850783991192,20.60184670251441,7.54778164828422,8.044367502713598,7.074366075781124,5.073238512947299,7.323885079246855,41.279809198374075,33.606484398603726,40.60130544102222,25.1034558927563
830,331761255636690.4,-15.045421879195308,-2.638430448259322,2.047461057323861,-3.785280935148424,5.04221375687029,3.803396964317138,26.975086988957905,-11.992635546425829,27.16346755999111,1021.0492324603443,825.0849916141348,1.0,15.411623260855052,15.2750134125398,15.184097480727216,3.3396724407581697,7.363294085947333,6.304940231911016,5.366020893192175,6.31583312304472,40.116487823511314,29.520816814770598,38.281970794938644,29.69305099231276
831,331761288970023.7,-12.071905567881608,1.792889601397465,-2.4463155525762206,-4.93602218818359,4.619361432305661,3.832150034174294,20.472012965835397,-18.58467318872424,27.48995714262507,1021.0496014835578,722.8722848184665,1.0,12.447080659553325,12.204317152657502,12.317279075454419,3.0329709701174954,7.770983783854897,6.760385720098649,6.248975030087955,6.001989164160083,38.989628571049266,27.649473637033637,34.27537102026316,33.182643373231265
832,331761322303357.0,-11.605827769888228,1.8916715962053237,-3.4707092603970904,-7.836591068715064,4.860668310881006,3.158789138153287,13.509053299847812,-28.897633143399172,22.791605783523018,1021.0391096601255,637.4118471845418,1.0,12.26048459166296,11.758982084015553,12.113672481725551,3.952751471835298,9.747625599395102,9.22161894716256,8.449266737272525,5.7968996237400905,39.20491061767813,31.899337334004468,26.49437327527581,36.80394673784324
833,331761355636690.3,-12.959292714427981,-1.707130841125675,-0.9130338206510435,-5.837720367347877,3.373941485281231,3.248387190600214,9.292382710728134,-34.540313869732366,15.627320502789395,1021.0190546914879,575.8443181450323,1.0,13.103098645915829,13.071249495245226,12.99141633602275,1.9359562149943104,7.484282168217971,6.742585574796211,6.6806435638644714,4.683535041627987,39.03325255162791,35.76844501319935,18.181350954743184,37.91103306844233
834,331761388970023.6,-5.016266502313344,4.9755172237175564,5.05174330325415,-2.123137500525736,2.8730188075908543,2.98868388486814,3.206094776944897,-34.823538443138425,13.248544549890658,1021.0187990850104,542.1123233824254,1.0,8.68555189194758,7.065316784528561,7.119202204194238,7.0905487830973435,4.6577012869633405,3.572387145160704,3.6660529469456913,4.145656574348783,37.39628064540551,34.97081459473733,13.630956547843251,37.25859313488873
835,331761422303356.94,-4.452543769532439,10.516713026326691,3.22640215423857,-2.075537168701674,1.235340743066895,3.363092216290602,-0.5015381622381627,-35.70447422522799,11.00639025409498,1021.0186950806401,540.0913510265148,1.0,11.867437371167666,11.420437771719246,5.498619543165123,11.000496522384106,4.140568867368065,2.4153511732547774,3.9519923828287666,3.582800023271673,37.36578176157416,35.7079965865932,11.017811350427914,37.362415689104026
836,331761455636690.25,-3.3275055192321807,6.803524628226712,4.147338482275349,-1.678086150132249,0.5501253272452633,2.508826242150662,-3.5578755620410023,-36.95153115855449,6.511877082810778,1021.0289179886466,573.6525368961791,1.0,8.634851291943018,7.57365435885531,5.317208804164326,7.967958575033471,3.0680319614121028,1.765958947128268,3.018307843903515,2.568432788488054,37.68923820692358,37.12242089999778,7.420446189859797,37.52093013377013
837,331761488970023.56,-2.2103313893336107,12.208879554575057,8.140647764759112,-1.0738494688135323,-0.41539776761112146,2.8130872060442975,-7.4287470462165786,-36.44217208477652,6.2214749394988615,1021.0288078533201,643.9958889246129,1.0,14.839556963018534,12.407348823531734,8.435384453630492,14.67402078531983,3.0395999104845233,1.1513939321567614,3.0110815848264916,2.8435919071038334,37.708420006093455,37.19164138530507,9.68984174790713,36.96942867666848
838,331761522303356.9,-9.934905905628906,15.617528247342193,10.718694766818906,1.608443012612528,-2.2602674617376475,2.454504117775125,-10.87451410490991,-35.603923103938186,7.19913021532863,1021.0245421889039,745.1112954342195,1.0,21.389248734223052,18.509714852212916,14.614813473251417,18.94195359673237,3.704117761031236,2.7741481437392657,2.934566303390862,3.3366749111600598,37.91730308534991,37.227602627741526,13.041569417640739,36.32446580816298
839,331761555636690.2,-16.09564695928171,14.649914999460576,11.30814992736653,-0.31089194847920265,-4.653155679041942,3.946144593883222,-14.778411751050287,-33.0974158640481,10.790130713234273,1020.9988241452869,869.7842199876736,1.0,24.526804017422535,21.764417302773225,19.67089489112364,18.506600559563054,6.1090562882382455,4.663529948121859,3.9583722613547825,6.101140461359176,37.81887507012875,36.24693629482807,18.298316170955808,34.811863749107495
840,331761588970023.5,-19.055160489256338,11.906839897418356,10.274003856614698,-2.785054233116009,-7.535097504304937,4.566468046747446,-16.50490209356125,-31.636309890403336,12.168887747783007,1020.9782020134392,1010.8001261476509,1.0,24.706823609274487,22.469356412992106,21.64842480452214,15.726664986210118,9.240500630525672,8.033319455914839,5.348752892344423,8.81080727410082,37.700792108625755,35.682879600722735,20.505941142414944,33.89598696748297
841,331761622303356.8,-19.298318797771667,7.906368560765077,7.624848459947047,-5.216053980796346,-9.191413419349713,4.1848596690463555,-17.143378660762725,-31.364160101047066,12.195600411467467,1020.9678015684123,1160.7791703414625,1.0,22.205271587536114,20.855113815059408,20.75002222788169,10.98403285937416,11.366721173038167,10.568315843878976,6.687321555016791,10.09926388876995,37.76689873614979,35.74361440523898,21.038728604706137,33.6517935367537
842,331761655636690.1,-16.793774118418355,3.5081026618815865,2.8856238862181227,-6.321264851057307,-10.161101310336264,1.580678922222052,-16.573775649836946,-31.974092455666433,10.975946545458807,1020.9588771150898,1310.2825681612862,1.0,17.397254341977973,17.156270965065772,17.039884810443137,4.542423306893937,12.07082909378171,11.966886360124336,6.5158986465697595,10.283312972679301,37.64975471664327,36.01433919502943,19.878668010203732,33.80553195754024
843,331761688970023.44,-13.803536635809293,2.8470513932229005,1.0263570465062541,-4.658436771883213,-9.676093412038819,-0.8483558660045808,-14.426009386267902,-32.4575984495037,9.990378494332065,1020.9686231543992,1448.4749722528848,1.0,14.1314094866257,14.09408831006042,13.841641248170044,3.0264022241872444,10.772535660257482,10.73907895846449,4.735054469910359,9.713212207806716,36.89733196834057,35.51908562902365,17.54757559529812,33.960320369060675
844,331761722303356.75,-11.044738788276847,3.4745101975424597,0.3896786442338726,-3.02384806845665,-8.60100749420813,-2.919484054947563,-7.7905168157718325,-35.6444855561016,8.093369288781496,1020.9688195440651,1564.494493305683,1.0,11.58491801696782,11.578362406406773,11.05161093900066,3.496293831845157,9.573106820861579,9.117071188519558,4.203218325069741,9.082990535199157,37.37277256587409,36.48590827725081,11.233644942823108,36.55177118832584
845,331761755636690.06,-9.38381573798573,2.244327925123682,0.34663638608106134,-2.654892835175602,-7.11076336236687,-3.907126667346687,-0.6670588266196078,-36.80391568957875,8.29343256384226,1020.9830456347191,1647.4897642179492,1.0,9.654696392125128,9.648471673791587,9.390215896805781,2.2709391492607875,8.536805629539504,7.590218149819262,4.723779711307289,8.113482260427432,37.732667560812494,36.809960303751915,8.320215812655963,37.72677078384287
846,331761788970023.4,-6.356544286597226,-0.6583259976493492,-0.7095997981641158,-2.356694406283698,-5.65978235874774,-4.580552110120051,4.691379222526791,-37.92539902804534,2.057921135263477,1020.998775906011,1690.7013648249188,1.0,6.429819613348995,6.390543669098339,6.396029013460336,0.9679488585331173,7.653012642517079,6.130835577064597,5.151258696487114,7.281112139084068,38.269831066324066,38.21445970370402,5.122897462229768,37.98119180377871
847,331761822303356.7,-4.978052674712031,-2.417810535689745,0.3915182084233487,-0.7833579775644954,-4.482729518114774,-4.146337276054146,11.351103317125077,-35.022939757217316,-1.0106972226432123,1020.9847360913541,1697.647734411397,1.0,5.547981860661313,5.534149999656671,4.993425171136004,2.4493048593467,6.156348468076475,4.550660793070765,4.219687491723771,6.10630630900331,36.83035927912705,36.81648891127074,11.396010503325567,35.037520147886205
848,331761855636690.0,-7.849997482161018,0.6530348521153677,0.35844141950986974,1.7104077823258992,-3.880812381637182,-2.7537910884328998,16.979756813838858,-34.848471172312706,-0.30691598381851787,1020.9900494288569,1673.4353168146147,1.0,7.8852644368614495,7.877113366456754,7.858176679176574,0.7449394400201875,5.056635727639664,4.241013973486702,3.241737210289177,4.758578579807305,38.76625184262389,38.7650368825391,16.98253040268824,34.849822674852064
849,331761888970023.3,-9.333137471245717,3.389552792701369,2.2850530692097126,2.48108470811725,-3.4597320368031332,-1.4960289919382195,18.267591670370294,-33.35743213180826,3.020666077258074,1020.987382655506,1623.170555871803,1.0,10.189111380330734,9.929578198074706,9.608794023511775,4.087852206674598,4.512607875724957,4.257408495239236,2.8972200595696807,3.769329981734372,38.151639642535336,38.03187063324096,18.51565091984832,33.493920373382565
850,331761922303356.6,-12.28039206564359,8.430740450656204,2.112633221685515,1.814587493907829,-2.6644898569294226,-1.435413864166727,18.947514125680602,-34.06592758931737,2.0646063299949526,1020.9791982601766,1552.2291364373398,1.0,15.044887269821006,14.895818669420382,12.46078843473764,8.691409763421587,3.5288308165975493,3.223698802730564,2.3136855305958823,3.0265358347658515,39.03534697375361,38.9807095120584,19.05966659836213,34.128434212815414
851,331761955636689.94,-18.343577720376004,12.943184389300232,-4.7279869525199665,-0.6367354944611415,-1.4324285927530638,1.4860426486091471,18.610557466135305,-34.827381597421706,1.7444246090100832,1020.9689981693278,1469.2027521056496,1.0,22.94268350350715,22.450230861149294,18.943091199872157,13.779690952943184,2.1600015085014377,1.5675725703275103,1.6167111193382582,2.0640189986581547,39.52647689017164,39.48796472512546,18.692133811227773,34.871041368862905
852,331761988970023.25,-11.882814850665726,19.197782622196165,2.5615867799247174,-1.5997063937986329,-0.20307704471025723,0.7172117414233246,15.946206892130128,-33.220160773829846,-1.4504784963247754,1020.9684451057815,1384.7995610483686,1.0,22.722629099982775,22.57777992594265,12.155781159855051,19.367926694413683,1.7648494311084888,1.6125448311437665,1.7531267006111408,0.7454079206204678,36.87769629402062,36.849160045864295,16.01203928657805,33.251811525199706
853,331762022303356.56,-2.852706063214133,16.92642340906317,-1.283848172885483,-0.9743550597503587,-0.8825811548736513,1.4935022150671258,13.88399099847635,-35.43167099019567,-2.683057790074631,1020.9688723643849,1309.7649137761277,1.0,17.213076640653224,17.165131555160894,3.1282899504553714,16.97504272612894,1.9896899617301296,1.314654813020982,1.7832320793636303,1.7347905814099058,38.149276720642106,38.054809357073985,14.140862956363463,35.53311284228211
854,331762055636689.9,-0.8489920370782491,13.920778134198748,-1.938685911864303,-4.862022083801863,-0.3052862539270022,2.8101853585483694,11.184907305850524,-35.10407995383222,-9.627957426960975,1020.9855120192309,1254.8244832845571,1.0,14.080744099850312,13.946643013306401,2.1164334489615775,14.055126001799026,5.624019931473698,4.871597113905643,5.615727957511531,2.826719201872802,38.0801279548912,36.84289050611411,14.758039017967173,36.40046694234042
855,331762088970023.2,-1.438926073558327,7.919908680996952,1.6637749412231124,-4.906836231107157,0.36145772204419296,2.6524003151030473,8.37660967762461,-34.35874149538193,-15.51671512982237,1020.9786067422589,1225.6141389454633,1.0,8.219708560255578,8.049562830396248,2.199694365180753,8.092780768708172,5.5895367353019525,4.920131449842703,5.577837325564867,2.676915971110061,38.61941422727451,35.3651057801013,17.63337852231763,37.700020763476225
856,331762122303356.5,-1.0795795448711205,6.627804613293846,5.3845513778226,-3.5240313906586107,0.5484083036552138,1.8225973819718795,5.434185075454199,-33.65870067196385,-20.976442213733165,1020.9983846476123,1215.925796917776,1.0,8.607361937673737,6.715153459579559,5.491710620026823,8.539390348989233,4.005172920940618,3.566447659768085,3.967449868507227,1.9033162859306223,40.03060861772196,34.094552326715615,21.668906187908423,39.660046127947794
857,331762155636689.8,-2.2420657711813097,6.553188975361234,7.856095581634349,-3.6121380126525997,0.7199946681366831,1.5394949475738506,4.527568837879873,-33.75241454421533,-24.2873796584647,1021.0115990930757,1217.8703550101345,1.0,10.473269902798915,6.926120463080242,8.169767237203125,10.230470347670764,3.991989233227031,3.6831960774027666,3.9265233624741476,1.6995402365789005,41.828234218296906,34.05472606183023,24.70578252669091,41.58247585508784
858,331762188970023.1,-2.1274464121233034,3.4321512781452017,6.580009342590204,-3.2295277473399366,0.952188172685113,1.4836681771388445,3.893514052800406,-30.24978551534192,-28.886179532052342,1021.0187999842683,1223.558711031176,1.0,7.720246989643817,4.038030538830787,6.915385107499848,7.421333124489704,3.679372643113834,3.3669736837462776,3.554028802738248,1.7629332307424228,42.00738439086042,30.49932745821691,29.14739816239717,41.82655725352195
859,331762222303356.44,-0.27089312439629704,2.333099896019348,6.794319960099108,-2.6979447996838064,0.9196632053741108,1.4439603454854777,1.9606824895007526,-27.762562333904135,-29.1301657011644,1021.0175906087103,1226.203183501897,1.0,7.1888470514994145,2.348773767234869,6.799718141588395,7.183741284665438,3.1952633745584134,2.8503835800572315,3.0600535324525673,1.7119584955989804,40.28859264042171,27.831711107449856,29.196075585631878,40.24085512412985
860,331762255636689.75,-0.17413121159039668,1.5682886468293995,6.828181491051233,-1.9644866544979187,0.8274871742468985,1.1047553387969,3.2443203703344174,-25.499648830350722,-31.896672160465574,1021.0288521435607,1233.075841475786,1.0,7.008131950338733,1.5779261575320718,6.830401463573322,7.005968295282861,2.4009221557234617,2.131652607542688,2.253817245097898,1.3802968456616027,40.96529506849418,25.705207743501585,32.06124310717828,40.83662308986171
861,331762288970023.06,-0.3651008736250644,1.4404956589609392,6.729653902620228,-1.2644199478559446,0.9208590602780349,0.7325766852035361,4.146280953031039,-25.779197805633043,-33.52094536129898,1021.0261555262321,1261.153783845488,1.0,6.891775391033777,1.4860438726387237,6.7395504521424465,6.882097746511377,1.7272544147102291,1.5642056173764929,1.4613098248625547,1.1767115231015401,42.49014548290715,26.110509095830043,33.77640335584385,42.287360019480374
862,331762322303356.4,-0.3846888676444915,1.9445780677977151,7.259087716552633,-0.7872654051271663,1.0941949590971234,0.47090163020781795,3.008184043188265,-24.645145889767708,-33.274956678002994,1021.0197607354379,1327.606898821025,1.0,7.524873677561294,1.9822637026010177,7.269273691469797,7.515034154171571,1.427864759686987,1.3479797574977144,0.917352257010589,1.1912224619465233,41.516925814522956,24.82805645163605,33.41065568289058,41.40780068840785
863,331762355636689.7,-0.6285180454139129,1.4784169928016466,7.620078216956616,-0.01991049432363191,1.2122236229465106,0.3380096785523857,4.872453492320117,-23.452187354238884,-31.772211082605715,1021.0413353974334,1449.5729819285466,1.0,7.787576244927064,1.6064718292007456,7.645954941401868,7.7621716572838935,1.2586234872307376,1.2123871245661493,0.3385955855874357,1.258465992716788,39.789688259784064,23.95299343992614,32.14364945230202,39.49023282757365
864,331762388970023.0,-1.5978213849304914,1.906829805397606,7.870388848805228,0.7365814151593051,1.414294088423186,0.13790295147487414,5.827011508715364,-24.49308500485727,-32.451399169093186,1021.0624333634787,1630.010356722657,1.0,8.254214300361456,2.4877767353389784,8.030943519259669,8.098087461749863,1.600561518259244,1.594609654337655,0.7493793466486557,1.4210014048459811,41.07260138108721,25.176681198638263,32.9704014406031,40.65715830068533
865,331762422303356.3,-3.628947101672961,0.937198133131443,8.161504707810375,1.1258223182449447,1.4410587846878504,-0.14626522067680026,8.13900496271488,-25.56266520001529,-30.768342249370612,1021.0687244107546,1835.4894928546735,1.0,8.980966345727866,3.7480124609565593,8.931932386799147,8.215138430748198,1.8345353166303664,1.8286952488548895,1.135283844260128,1.4484626110830952,40.82136865277271,26.827099245188066,31.826628576673055,40.00175917259736
866,331762455636689.6,-3.617316282489575,1.9848743904926607,6.23720802575002,2.6805756447222175,1.5019690759772144,-0.43630330224734143,8.751551504405324,-28.19915716089193,-27.506939110483582,1021.0682124390087,2026.8252455818997,1.0,7.478466914420245,4.126100269455144,7.2102524951658005,6.545417504064509,3.1035072843191,3.0726856155926168,2.7158509455840663,1.564056161633521,40.35360972139658,29.525956687615416,28.865573837395132,39.393199461487434
867,331762488970022.94,-4.561640151314396,1.8657222585318913,4.433801236112931,4.279472762984896,1.5855347628055156,-0.8791258646958899,9.485159932301654,-30.22569316960567,-24.997491615324268,1021.0787990438375,2164.8324701616402,1.0,6.629334341954818,4.928435899559308,6.361379903090223,4.810354763147713,4.647652084566101,4.563749293420304,4.368838451477335,1.812948639659171,40.35387680982702,31.67902755017091,26.736545139556604,39.22329811019662
868,331762522303356.25,-9.645439064614154,2.4204320134482726,4.030765557592799,4.895510978290847,1.643766342714573,-1.9468469527985999,13.667048880345416,-32.68484370989461,-17.539915781046872,1021.0801528462538,2213.550863057915,1.0,10.73033349254283,9.944495255210795,10.453782364745363,4.701655252355456,5.518895594738919,5.1641064597863835,5.268419193286293,2.5479758332963907,39.531454299635946,35.427210353596685,22.235936470136984,37.093768397757245
869,331762555636689.56,-12.229064639281715,4.760617043056774,5.839401759214964,3.8858654937630357,1.3219638381360772,-3.146254812734668,15.843170424879242,-31.151188896797663,-12.044077639350094,1021.0687830779001,2176.2192050797184,1.0,14.363568828389965,13.123014005264684,13.551702286327473,7.534061821896967,5.17169782292177,4.1045753769370235,4.999886996950461,3.412698014181086,36.9656925402248,34.94857105513383,19.90140334987614,33.39844870449319
870,331762588970022.9,-13.891813732668108,4.12285841244666,10.328393601052126,0.822400144542839,0.9588880680442446,-4.139571548767186,19.410654684893938,-28.877375057155593,-8.165603444033547,1021.0687867132684,2082.2025531583527,1.0,17.794835336425088,14.490702200798568,17.310638438873383,11.120866686879072,4.328031992966834,1.263253072342081,4.220473267905726,4.249178618792152,35.74008093293914,34.79477411175171,21.058266664220195,30.009662940407118
871,331762622303356.2,-12.721545963750572,1.8214181381796886,9.791920304559037,-2.54455877558916,0.5452691978678965,-4.387047045296056,25.027957873059492,-24.87035406454435,-10.389419172625146,1021.068068262338,1961.3405770732004,1.0,16.156639470903098,12.85127603555026,16.05364242029372,9.959882895141163,5.100811664648299,2.6023254716832223,5.071583691517735,4.420803125653115,36.78142489539998,35.28361073630983,27.098684581362093,26.9531916855928
872,331762655636689.5,-11.430797181411856,2.567506666727926,8.681677673463875,-3.933383903111323,0.5272202282730546,-4.032289734468728,28.10315713007336,-20.581765176099953,-11.278980269577058,1021.0686575319227,1843.44874942998,1.0,14.58172630082552,11.715597069132482,14.353907183359324,9.053376039335463,5.657634717888514,3.9685602047034085,5.633016015595655,4.066610587676447,36.614367321629665,34.83384128174373,30.2820546957947,23.46964962852299
873,331762688970022.8,-11.591123163472222,-5.025425651777955,5.113045131999305,-5.247266390116548,0.8639498144028289,-3.8390744970028257,30.97405442158114,-13.501122159951889,-13.177540341812467,1021.083375983429,1747.8871375749738,1.0,13.629096437188783,12.633647104946782,12.668755531331565,7.16924915897123,6.558864752698513,5.317914426789268,6.50171497086609,3.935086056917203,36.26733952675753,33.78864227649602,33.66065383754697,18.866050700611375
874,331762722303356.1,-13.834161193718723,-8.022699763208465,9.638104944101173,-4.3392131961075195,1.0206122980560741,-3.754100799857154,32.93565762487018,-11.138810983138383,-12.414186764760444,1021.0787944214031,1667.2830846419204,1.0,18.671925298101577,15.99211453887128,16.860518463181982,12.540206473742474,5.8278378014238745,4.457624998159551,5.7377734337251205,3.8903627438108423,36.91805366390686,34.768242022005566,35.19757912432363,16.678883150512135
875,331762755636689.44,-14.899718909490383,-8.318945409855237,14.383650170574738,-4.316884531176155,0.5187104581496179,-4.1301708861834605,32.2764448974783,-1.2635077045622165,-12.187950311880966,1021.07904115685,1590.0523817677145,1.0,22.31806148713305,17.064772964032567,20.70968410698966,16.61608392376574,5.99690454684575,4.347936590487694,5.974429144661893,4.16261601501643,34.524071019280456,32.301166340233614,34.50094242227062,12.253268320100046
876,331762788970022.75,-16.661542225030956,-7.57659057844083,12.08735646323931,-5.221830600483802,-0.3239052597613444,-4.024020150901327,32.84131100989421,2.4493545729689727,-11.88191131164584,1021.0784578886017,1504.6108200892497,1.0,21.934354341516894,18.303325220019662,20.584245810471234,14.265654946855102,6.600391474171061,5.231866725887624,6.59243907783826,4.037035148739853,35.01043934443754,32.932522628440154,34.9246549770562,12.131741599702055
877,331762822303356.06,-14.598135319988438,-6.009385834520425,7.537540967915802,-3.886799934538273,-0.4291542253857962,-2.8820333121043826,31.89287138411046,10.100977877092069,-9.023295069612592,1021.0723427981654,1400.4488113493746,1.0,17.49379309274686,15.786648565443796,16.429244616345056,9.63987769378553,4.8577261236480345,3.9104203201565433,4.8387322454550095,2.913810110704855,34.64974535418998,33.45422244197159,33.14475975228523,13.544357053282312
878,331762855636689.4,-9.20317686655049,-5.5879401037795615,-1.1829664725086568,-2.152439721024877,0.659257250776393,-1.1940736471364506,31.487923439605748,11.554382930340184,-8.503657934735791,1021.0490377491132,1280.6436160756753,1.0,10.83157184879081,10.766779418212208,9.27889401340966,5.711784684186503,2.548220702790997,2.2511367962313837,2.4614647321120398,1.3639765384664768,34.60209944079123,33.540916615969365,32.615970333710266,14.346287435149609
879,331762888970022.7,-6.065975296340044,-2.738315659605803,-6.076021881375212,1.2950103733504488,2.796301552117178,1.0457300093361508,30.67761253085373,10.945485691148203,-5.763006965087697,1021.0494803842045,1157.5874955241868,1.0,9.011796205551944,6.655405994186233,8.585691480524911,6.664564093366702,3.254213497895366,3.081615523951391,1.664512877544495,2.985440272857443,33.07766341336662,32.57176027801266,31.21423008617773,12.369959834000245
880,331762922303356.0,-13.223287377587846,4.380549302207781,5.670293164657526,4.260253646483591,5.286817755924506,1.7850351093252694,33.6023592723582,9.516107028563114,0.5065106374729134,1021.0487300132028,1043.8546153221753,1.0,15.039839288785933,13.92998712344513,14.387757074799252,7.165293906200564,7.0204382668220395,6.789713036405542,4.619102886264887,5.580035154538232,34.92751629694815,34.92384345469017,33.606176540846036,9.52957743055491
881,331762955636689.3,-17.589652935162743,4.2026452106153425,13.540112398488617,2.8901838310552663,5.985830396078873,2.3598538575630528,35.972154152156214,3.9377603108190393,7.693793762770845,1021.0688104694702,952.0079149879687,1.0,22.591873780399283,18.084748191384566,22.197534415857643,14.177336510431472,7.053526659549127,6.647054092446898,3.731229396103718,6.434211354911881,36.99589562473117,36.18703953920452,36.785735507266146,8.642940398354789
882,331762988970022.6,-20.023517844017956,-0.7049906273984046,13.852919869680907,-0.3046072731486178,6.2146443460528,2.7845399575163237,33.87402016891753,1.8738372978698226,15.001038454314694,1021.0578736997186,888.468199397378,1.0,24.35860561588502,20.035924701256615,24.348401503291864,13.870847151508796,6.816762627067638,6.222104944372207,2.8011512572262225,6.809953533096319,37.09436161104472,33.92580888679178,37.04700253882977,15.117619552254787
883,331763022303355.94,-18.241941157915647,-3.8039149267047763,9.547988343798698,-2.7610247629637907,5.848423155911503,2.9302650654993436,33.167198160688464,-0.5362206044781377,21.681566156257293,1021.0588822907727,843.3552514376232,1.0,20.93805787058055,18.63432816010452,20.5896211383836,10.277832951693815,7.100265101134393,6.467403741247419,4.026128549336835,6.541445311602607,39.62878849214552,33.17153246937867,39.62516050211706,21.688195949060137
884,331763055636689.25,-13.37191704916765,-3.9859612702052987,3.484605647544054,-3.2339188338096228,5.077880565663652,3.2309069072163292,28.276211794790797,-7.044613459100546,25.791368590666067,1021.0479833666477,804.1148888906712,1.0,14.38188198172593,13.953352744677428,13.818489139146738,5.29437095096977,6.832412568479116,6.020224419638623,4.571322616789016,6.0186070217487035,38.91484840047052,29.140534179249475,38.271906762577984,26.736141691869765
885,331763088970022.56,-12.83647842161898,-1.3076848640130097,0.9731017151724776,-4.9896291746876,5.113477673380102,3.791341740879589,23.311866994572103,-13.48580826758771,28.168428605289368,1021.0517696345044,758.1929295384894,1.0,12.939557369567554,12.902915095909854,12.873309800387828,1.630020445160226,8.088159581337791,7.144512104899148,6.266631590976889,6.3656834756601475,38.97140666558036,26.9315830838582,36.563691182153704,31.230232063201537
886,331763122303355.9,-11.40545590956202,-3.5193115471244973,-3.2754839510089013,-7.166422398559809,4.94058724946052,3.6372773089575765,17.891386005334006,-20.728948403565028,27.217974682097932,1021.0386693253828,694.644485358117,1.0,12.377349206676037,11.936078848210036,11.86647460783025,4.807738437045084,9.433811455947657,8.70442487267893,8.036628411021464,6.135078531835557,38.608407645289475,27.38231171960327,32.571764443873555,34.21267963362392
887,331763155636689.2,-11.118296357352818,-0.901903615357781,-2.248810036488001,-6.77052329103004,4.387539602546652,3.132813237315557,11.939224827189449,-29.620448471166032,20.327804065478947,1021.0290343282694,622.677237063875,1.0,11.37923945619959,11.154817076999532,11.343441297513472,2.4229273021707853,8.654767944791764,8.067867710758245,7.46019466329665,5.391198618472038,37.85677845817948,31.93612464133961,23.57466240688675,35.92479068495047
888,331763188970022.5,-11.57260062548857,2.780796575994611,2.0399685911543837,-3.6092417078934282,3.2800917466966673,3.1031163438610934,7.288610716799712,-32.415024670104394,18.83206893183626,1021.0284019617833,565.2210234567143,1.0,12.075569828667225,11.902013058055424,11.751023661364776,3.448811599661506,5.780567326507226,4.877051114428171,4.7598273865273,4.51534416299416,38.19037170279908,33.224353576021976,20.19333222711101,37.48840680286252
889,331763222303355.8,-5.561559712903116,5.323362340230198,2.86637778949291,-2.074575047152161,2.4507116339866593,2.2507694453756915,3.4894861761335942,-34.02725211308806,15.330981537189823,1021.0080418117492,545.4690493407385,1.0,8.21494094182462,7.698644883716103,6.256761788040619,6.046015897885101,3.921200356454736,3.210895379675886,3.0610169425377554,3.327454073190847,37.484255295186784,34.20570712821302,15.723088394685144,37.32148015903591
890,331763255636689.1,-5.254049463147823,8.166978671190808,-0.31713005097487607,-3.0164211972689357,1.971249442649567,2.774649112413237,-2.77545613773383,-33.32490848443828,9.123820776636038,1021.0088497220116,586.5885304644084,1.0,9.716231154419951,9.711054339096734,5.263611614702899,8.173133553596008,4.547889499701499,3.6034179891430287,4.098472219784943,3.4036013371371494,34.662613690153925,33.44028531978564,9.536627408925014,34.55131880348943
891,331763288970022.44,-5.203089688047717,7.2718854909323385,5.271741976754394,-2.334717971092253,1.0631426702948696,3.0596073085272537,-5.48429304652781,-35.79211396479821,7.546181804792598,1021.0088035168851,699.000704840336,1.0,10.379967454889975,8.94161399832831,7.406983581144406,8.981736027222498,3.992790656212296,2.5653811299576588,3.8486497485396765,3.239053753767463,36.98780545153063,36.2098452397866,9.328575992678418,36.578959551907516
892,331763322303355.75,-5.164237273803471,8.82021622738466,3.379529608684757,-1.9404155173186524,-0.819961568917711,2.450471111631517,-8.44361343363483,-35.117051997359326,3.38668353419839,1021.0078879829629,859.8645672944098,1.0,10.765072284659205,10.220839540759888,6.1717555846062195,9.445498116764231,3.2314637586229575,2.1065491578296975,3.1257032886682667,2.5840173458091567,36.276322500533425,36.1178895950732,9.097484991879298,35.27997968176923
893,331763355636689.06,-5.379390986133099,14.168020587788698,8.223891921064402,1.4822145784911556,-2.5086535450381082,2.829307761361318,-12.341481566654757,-34.11979200009163,8.720983594638842,1021.0088494856127,1040.9812442126997,1.0,17.24247815968003,15.154888807170261,9.827016114316612,16.381855990862352,4.061438793607922,2.913812393707594,3.1940479747791994,3.7813126051057533,37.31659052281646,36.28322440728767,15.111840460977575,35.216697190217545
894,331763388970022.4,-9.85753050418798,15.118172279217859,11.078144561995254,-1.4210823602922518,-4.097268263671952,3.969250278378114,-16.02526362319766,-31.550175631464995,8.090378430139577,1021.0040010077754,1214.151861981275,1.0,21.176763861401792,18.047992705702978,14.828897281236442,18.74258306639126,5.8789480412427455,4.336713306091051,4.215972348953267,5.70460822466347,36.29981927933165,35.38675820938208,17.951693439223217,32.57096568293847
895,331763422303355.7,-15.461200178719647,9.814812325770923,9.380213917872181,-3.2964400327170784,-6.449364797522759,4.407328027222346,-18.028345945631283,-30.36404469678996,7.745039477720224,1020.9884137382105,1352.6540554512194,1.0,20.57590010428677,18.31336266108836,18.084167774920786,13.576411681116179,8.478523663962092,7.242984411195812,5.503731209719401,7.8114561146476005,36.15220746227626,35.312837154270376,19.62159254614173,31.33625451230736
896,331763455636689.0,-14.88182003258993,9.20227620460082,8.903660475164747,-3.4062717524809214,-8.363644081570296,4.0320475436299485,-19.792825363205264,-29.486819330963534,9.627527380270266,1020.9688079312446,1448.167342001316,1.0,19.632259795682423,17.49715562107617,17.341964633207102,12.804571730548952,9.889926034557973,9.030682674910867,5.278266253784641,9.284823623380152,36.79562111954464,35.513778313708414,22.01011629492664,31.018733012725367
897,331763488970022.3,-15.88989947726337,7.699761524728413,6.771597016463311,-4.269721370586248,-9.406822176581203,2.9449874827654035,-20.844150092405656,-26.73423642925469,13.658881357995341,1020.9672240354013,1504.858726650914,1.0,18.91110147740204,17.657158121714343,17.272620865141153,10.253821418918063,10.742056382178681,10.330480339474096,5.186855681054352,9.857040871147124,36.54809202245468,33.89982286871162,24.920747039896845,30.02139965769553
898,331763522303355.6,-14.377827743990096,6.018487477647155,4.071542525726572,-4.127615133936222,-9.84205029432131,1.019491452322733,-17.932122030431838,-28.47823488976528,14.801856177978978,1020.9699507753496,1527.1328151529299,1.0,16.109673512931504,15.586664882342436,14.943205451798194,7.266336770161119,10.721125104727053,10.672542372361402,4.2516549148841385,9.894711558065213,36.765007945933014,33.65369018326138,23.252009522358993,32.09524589016602
899,331763555636688.94,-13.217287321721887,4.085020357668945,1.6699465330109744,-3.311135643031682,-9.373654998559292,-1.1069232804848408,-11.219133731856415,-29.48478805470617,16.550150761390967,1020.9479682689421,1519.397939629558,1.0,13.934589943397516,13.834163345411238,13.322364863944594,4.413174905403715,10.002714952824046,9.94127895587738,3.4912602875514955,9.438786319272989,35.62483934769379,31.547134391640427,19.994410516893176,33.812131208424496
900,331763588970022.25,-10.83755589767645,4.184715665161943,-0.10369901876450335,-2.170689711620842,-8.518681194096544,-2.4196816234765683,-5.429741772153671,-32.63054938010594,16.83798061088004,1020.9562901619112,1488.340437498203,1.0,11.617883478500122,11.617420670420495,10.83805200770666,4.186000320681364,9.117822232846006,8.790894329406463,3.250654239245813,8.855664201269397,37.11808776879777,33.07922079734954,17.69179716039732,36.71880095945269
901,331763622303355.56,-7.460963743384335,3.668888739754686,-0.6353340520264178,-1.4578751071354275,-7.378203129596456,-3.1067634218330036,2.875388469995266,-32.01815616714705,14.906580456293499,1020.9728285135373,1446.7921361351662,1.0,8.338487508083142,8.31424828621291,7.487965634119851,3.7234921703104242,8.137275969809036,7.520856417296642,3.431818583090407,8.005614303776223,35.434959067242474,32.14700893080409,15.181370154018806,35.31810393047407
902,331763655636688.9,-5.221340000100876,2.510571163583438,0.38991433007777665,-1.5190357182891745,-5.807295944024733,-3.1501357248384805,7.720180895092593,-31.693383317120844,11.148642434904149,1020.9992789027319,1408.6108223275003,1.0,5.806667904131433,5.793561854685779,5.235878587348394,2.5406693512176473,6.779049400898925,6.00267904313769,3.497259584066068,6.606666426147893,34.47265535580704,32.620112494271176,13.560730850300738,33.59706496447717
903,331763688970022.2,-7.343428388817873,1.6738052218588328,2.372126273049386,-1.814525932479731,-4.193049945752928,-2.6828472135766,13.311239986399654,-32.19238342068637,9.290014324158731,1021.0069824678582,1387.6542828622605,1.0,7.8964895667447905,7.531770337869986,7.717054072441597,2.90320632680715,5.298286645569093,4.568826130114831,3.238853737209688,4.9778847936623,36.053335857075446,34.83588179277234,16.23248213054921,33.506028061343784
904,331763722303355.5,-7.358660201840179,1.0836937170473613,1.315565437307142,-1.4555757100251778,-3.275168280760857,-2.3849210230876303,15.581712872472,-30.6963804695039,4.036948633219943,1020.9913409256474,1396.256977023347,1.0,7.553474992237123,7.438028773708426,7.4753322592366205,1.7044367081839846,4.305029175427581,3.58405188507607,2.7940202100165004,4.051490534811525,34.66056122217233,34.424664849039566,16.096171293429254,30.960696506955344
905,331763755636688.8,-8.747891730107138,1.9654542860445923,1.4739317674065908,-0.3399890858081374,-2.5047289609546337,-1.31634377422663,18.012333210091015,-31.836253446785847,2.7803569754032376,1020.9874528562391,1427.1345809884024,1.0,9.086313615937886,8.965970124432042,8.871194089672887,2.456722492570411,2.849915907225815,2.5276985077958827,1.3595416545343,2.829563234810293,36.68407782826229,36.57856177051431,18.225655888939116,31.957431349197282
906,331763788970022.1,-14.076511500420077,4.91619364967967,4.963713296695514,1.5259736512732414,-2.757578853027512,-0.004379165961831903,19.554718896506838,-30.330586095348746,2.601745586883314,1021.0063554921747,1459.3751942274066,1.0,15.714820575316832,14.910303015787754,14.926038513726626,6.986230005728594,3.1516433637293475,3.1516403213318482,1.5259799348204777,2.7575823301869065,36.18149477436817,36.08783013716347,19.72704010287069,30.441969926176416
907,331763822303355.44,-14.416528867646734,18.803746411862544,-1.7591730983850187,0.19851650505931998,-2.576635483788191,0.3520527946701012,18.81679733270681,-31.795705217731356,2.2146027715421654,1020.9794218733222,1471.7919299242715,1.0,23.759458615536815,23.694243683083137,14.523463587649236,18.885856324554496,2.6081411751154113,2.5842715064592907,0.4041657741768784,2.6005752414709007,37.012743718734946,36.94643057391378,18.946670612429095,31.872736558516454
908,331763855636688.75,-9.496948475758527,22.89899640291154,1.9817193452947495,-0.15368025349313705,-0.86728684063794,1.870928377501635,17.611179846493215,-30.62900016939711,0.04273040736868723,1020.9688250556296,1443.2454166453726,1.0,24.869324039371946,24.790241358481524,9.701507198096987,22.984587179761814,2.067891940599981,0.8807974138571562,1.877229504896675,2.0621734790469595,35.331163763031796,35.331137923402025,17.611231685297955,30.629029975901002
909,331763888970022.06,-1.2557522650982944,17.251652550317903,-4.265788162946117,-3.2557234969828706,-1.3368538046427014,1.938307764088722,13.8577852533987,-32.083944605780125,-5.203864416046294,1020.9886129973402,1367.2241330901452,1.0,17.815537547863126,17.297295437963406,4.446781128235423,17.77122574185645,4.0179535303585405,3.5195047355834084,3.7890331850134267,2.3546156975851256,35.334090032950826,34.94878701179888,14.802648985566984,32.50322609107226
910,331763922303355.4,-2.8001552635581524,13.445564953209287,-0.393294177607626,-3.327367152616524,-0.5432927775112067,3.1388133812334726,10.433757777578759,-32.81044379116556,-8.57064340237022,1020.9880939964439,1272.4380136209636,1.0,13.739678552322188,13.734048434857156,2.8276403254608753,13.451315817462243,4.606374784211282,3.3714298465795243,4.5742236074028675,3.1854852823873077,35.48019801896562,34.42947172313888,13.502563819207722,33.911371987930934
911,331763955636688.7,2.859801993652217,10.724140931055246,1.0265952498377617,-3.5107759324026917,-0.2864739597049992,2.1163060285372097,8.993504532017738,-32.522435919989135,-14.073712424255646,1020.9980476803923,1192.7908727571094,1.0,11.146280274558913,11.098903826596196,3.038480746999502,10.773165575452923,4.1093023962164175,3.522444460474438,4.09930467932806,2.135607299110021,36.560379420048015,33.743028345677914,16.701871307373654,35.43696120677459
912,331763988970022.0,-0.8582432667226979,8.068372024675154,1.798187175679387,-3.094830647060239,0.48082402283334225,1.9819087089932217,6.9877429787466045,-32.5682849036712,-16.639302920410376,1021.0089620494177,1162.1865250178635,1.0,8.310757230975605,8.113889858350031,1.9925005956467512,8.266323502460962,3.706363528541165,3.131959207096564,3.6750427024412216,2.0394003706278023,37.23423337710738,33.30948413746031,18.047020629849122,36.572661692087365
913,331764022303355.3,-0.22444502878351794,9.651130330790423,4.889963742163733,-2.9084424109253684,0.7678564244697456,2.1894618800350036,5.138244318817815,-32.64631335830703,-19.655876288653623,1021.0288611035091,1210.9846189425411,1.0,10.821572789226362,9.653739805528659,4.895111946689429,10.819244985745485,3.7205354547961567,3.008095867200517,3.6404368668877893,2.320204045493817,38.45174642644331,33.04819708499451,20.316373380963427,38.106892402341494
914,331764055636688.6,0.6493281043818371,6.98732796522118,4.57391250482799,-4.007353334677811,0.6653281054996281,2.122202123661724,2.0148153308381755,-28.489511311012592,-25.771426200367546,1021.0288152695251,1331.4742724720463,1.0,8.37645836153466,7.017433938463693,4.619773001886778,8.351253061390477,4.5831522002433465,4.062209034124303,4.534602805387447,2.2240511103933867,38.46918434225875,28.560667631511958,25.850065555397947,38.4163853471576
915,331764088970021.94,2.772085651163587,2.569304679747295,3.1611444276638054,-3.6286285293550398,1.0389870346766739,1.9818440885869002,2.6176248172646246,-26.161348584201672,-25.935261467332293,1021.0508898286148,1492.7920679956887,1.0,4.92733391270658,3.7796541369229013,4.2044372929010345,4.0735930859526555,4.263114478141818,3.774445530442259,4.134567812422015,2.2376773783754147,36.93109674524928,26.291978233447374,26.067024131320608,36.8382131369452
916,331764122303355.25,-1.3302965061857204,2.3106967174210586,7.516774362359924,-1.8138758837547047,1.6675276185443773,1.6817334703763143,2.6313221137686145,-25.70215286611561,-27.879338053000353,1021.0405595293829,1663.7473514447654,1.0,7.975644483607693,2.6662723256018674,7.6335827505177,7.863918624612789,2.9831227842077093,2.463898147301384,2.4735345534378275,2.3683065308342677,38.01028819008159,25.836495854112698,28.003238140255874,37.919100097795685
917,331764155636688.56,-0.549571561155859,1.772666754176346,7.13953294764509,-0.6070250979306402,1.1333285727598368,1.2280703215246924,2.1654105016508916,-23.64437684557224,-30.103338728789556,1021.0575332671698,1813.1965153028216,1.0,7.376808729572916,1.8559031015097178,7.160653574314364,7.356308730054217,1.777939773434779,1.2856566895371222,1.3699037134512282,1.6711045354625813,38.34001254142119,23.74332662151815,30.18112001336102,38.27881344863858
918,331764188970021.9,0.6005202868982051,3.935031847378812,6.951737550809739,0.5763817558899301,0.9575850839343768,1.0736695340429814,2.1186020822967473,-25.29551438684235,-29.07811428372826,1021.0780577765255,1919.533400957657,1.0,8.01072750942135,3.980590440482644,6.977627074465537,7.988186941679801,1.5498230188729418,1.1176695045926441,1.2185984559545575,1.4386575205050298,38.59907062580162,25.384080106989504,29.15519173458946,38.54088450454283
919,331764222303355.2,0.6131575787484997,3.021115996993566,4.416854002589335,0.9880285694392024,1.1238202587764063,1.0588760869297305,1.8430489342017693,-25.121595425962195,-28.882327919642115,1021.099140740072,1982.2207272633198,1.0,5.386251327579932,3.0827105092219007,4.459210860294246,5.35123734733191,1.8331369276559686,1.4963864567899383,1.4482468786431735,1.5440824270445819,38.32336431183104,25.189112452001694,28.941072810654422,38.27902066149895
920,331764255636688.5,-0.34756683800584093,3.9653891274985096,7.068697431747989,2.925396208591165,1.4960313975653097,0.7224033107361281,3.3647817197182333,-28.391128926541594,-25.63606868875643,1021.0979612834254,2003.5396399543429,1.0,8.112434715975555,3.9805921217030975,7.077237179046778,8.10498576890077,3.3642115663411087,3.2857347610147682,3.0132722280939173,1.6613176956451563,38.40033822194142,28.589822625277982,25.85594271799015,38.252636765824974
921,331764288970021.8,-2.276964641966424,5.894461389903259,8.804378372024232,3.1097496930249715,1.3463052264145494,0.012415213394279357,4.541240432418464,-29.150931664061233,-22.704785455240096,1021.1085586272801,1985.7712847652622,1.0,10.83726541040652,6.318959016944606,9.094044562158981,10.59536472212393,3.3886922335118688,3.3886694905139443,3.109774475873215,1.3463624698404055,37.22777140947712,29.502536866306937,23.15448438712282,36.94975100662046
922,331764322303355.1,-2.706288770534974,3.061736506425479,7.399677334363923,2.397395002195755,0.900299577161782,-0.5759786618579524,4.6899537225094585,-29.313858458529584,-19.86060267710355,1021.1094723211719,1931.4534203689793,1.0,8.453014491706575,4.086346698984583,7.879036969212854,8.00808685564022,2.6248416226710796,2.5608674556077413,2.46561436876671,1.06878002767331,35.71752374316785,29.686663060135047,20.40684210300685,35.408273558936465
923,331764355636688.44,-3.1716819755336934,2.2888402476854446,5.8928090125899795,2.7772842060856457,0.6750334180435779,-1.2215920865544443,5.229585191369884,-31.90657468369027,-17.1847889570159,1021.0986945003164,1846.476881046466,1.0,7.072733155733487,3.911311318899338,6.692142004828275,6.3217076599828985,3.108257534822495,2.8581423471983287,3.034072310823395,1.395692423640695,36.61550273882465,32.3323068975862,17.96289321827001,36.24012251004514
924,331764388970021.75,-5.147938972992185,2.9663755047647125,5.456832447254237,2.355463573359816,0.6842665134816804,-2.2818338710215174,9.62666394483779,-32.7879950720985,-13.707639993865751,1021.0990440017616,1739.0854734135714,1.0,8.067073797996805,5.941435794900079,7.501886164629433,6.210990580630014,3.350103747921609,2.4528410684138033,3.2794777725067807,2.3822230114776026,36.81880869550539,34.17199554539938,16.750285159013494,35.53803617322408
925,331764422303355.06,-6.782599620744127,3.854182337220939,4.384019246033362,2.2661035311072415,0.5118916217104248,-2.854799931690203,11.727291459324801,-31.6742459732503,-11.298075340914666,1021.0882091798493,1617.5716966156215,1.0,8.94863139555179,7.801178058720633,8.076093261281057,5.837323550920986,3.680644087120137,2.323200001307257,3.6448741903768225,2.9003302712545884,35.61507727571147,33.77554178611966,16.284221546667084,33.62892154653412
926,331764455636688.4,-6.221307571469086,3.7627875303801344,6.26836610556572,1.8672453086805092,0.31962978853555396,-3.1945993684105494,14.846007109686193,-31.053185730457088,-8.049928333305802,1021.1091382845254,1490.2356534237972,1.0,9.59977351456835,7.2707109623201776,8.831595639080387,7.311017961418874,3.7140588806799677,1.89440445642124,3.7002797417814848,3.210549536507475,35.34834674044143,34.41953327851958,16.888021591418354,32.079614869596284
927,331764488970021.7,-6.4833377382618265,5.211784102051807,7.444747328651345,-0.156618723712708,0.5748707503526892,-2.857583873956121,18.84834701151396,-29.666668561182306,-5.957444912603264,1021.1170865238219,1368.1213428119718,1.0,11.163360808566177,8.318435054430006,9.872078353408229,9.08773658915471,2.9190394654616325,0.5958236351710642,2.8618726423989362,2.9148348111522777,35.64915929544752,35.14785069652894,19.767431167279927,30.25892221156836
928,331764522303355.0,-5.765766103551104,3.141953325067306,11.018687069304555,-1.2027264169096634,0.5077398266366375,-2.449721217197019,21.268026033678282,-26.93944421150333,-6.87972272699337,1021.1187163020268,1269.0750364572089,1.0,12.826823230598439,6.5662721126801,12.436057393407216,11.457894022383035,2.775875466851963,1.3055077807065572,2.729044681920324,2.5017861166651008,35.00561627216733,34.32291633579404,22.353065028526316,27.804032787079812
929,331764555636688.3,-6.650821706939492,2.3414730906213705,11.898609853894476,-4.167461694553618,0.7554258147884981,-2.4649859200313973,22.383567164015272,-25.05534754783947,-9.274663853366418,1021.1287930541664,1211.9789926821225,1.0,13.830865557397203,7.050952106744275,13.631226864544962,12.126805543476761,4.90046535781793,4.235375442297952,4.841889358662044,2.578143469165729,34.85418065773387,33.59753740572377,24.228979932694738,26.71684544133096
930,331764588970021.6,-8.728030293886468,-0.5288174155495181,12.581664349637375,-5.647870504460832,0.6946116718295654,-2.63890433346989,27.56487939705235,-19.970559778919565,-12.219800557574795,1021.1085822237412,1215.7154698093243,1.0,15.321763556357487,8.744035719848608,15.312634999174243,12.59277275527215,6.272538775568206,5.690424115107811,6.233960002788342,2.7287912078149232,36.16585903479062,34.038887086058516,30.152049712099945,23.412534752783714
931,331764622303354.94,-10.389846136300278,-5.832151544472852,14.072530985816405,-6.54772474557171,0.3779415175106421,-3.042605134786722,27.779399323574083,-13.489101147745064,-15.035183370509326,1021.1195928651202,1295.9982679722484,1.0,18.439062414354307,11.91481826859692,17.49242782128189,15.23319139197233,7.230005888010112,6.558623265170089,7.220120868102046,3.065988551330349,34.346871990583445,30.881238261324388,31.58720889479519,20.19932149253874
932,331764655636688.25,-14.030957666870927,-6.171467254206684,15.34739502354086,-6.016162935608101,0.3330454353258595,-3.6660797895229864,28.70250722459559,-9.827111942403914,-18.879366248041627,1021.0997740897469,1431.199580926187,1.0,21.690950074348432,15.32823476853318,20.794477802006252,16.54175148157994,7.053033159777782,6.025374322793238,7.045165540349892,3.6811764811185426,35.73284931312074,30.338194575592325,34.35497621750967,21.28385771086226
933,331764688970021.56,-17.883824870170596,-6.014970845527438,14.952824857861053,-5.209211172261696,-0.044772177526164456,-4.277181120327232,29.970164673061085,-1.109778319530091,-19.153613704166194,1021.0800582390062,1575.3566754377462,1.0,24.074842418785316,18.868255517123924,23.311331219319065,16.117284060982872,6.7403385613172455,5.209403572876314,6.740189861813968,4.277415444396786,35.58515556207842,29.99070486749015,35.567846272424504,19.185737563276582
934,331764722303354.9,-17.432749989727863,-6.280783310517411,13.094023676432029,-5.186385721523064,-0.0896042382762173,-4.46447831067235,29.652269167683492,6.286459019262934,-17.402801906296403,1021.085042361462,1682.0901514930752,1.0,22.689258851645935,18.529679198465118,21.802619756426505,14.522454855589555,6.843843390844008,5.187159701795904,6.843256785981522,4.465377420328645,34.951883325271886,30.31132847292618,34.38189321405304,18.503434308005257
935,331764755636688.2,-14.361752824172507,-5.864000121486668,6.862476842588254,-4.295328090314155,-0.009829885859071224,-3.532646826207635,27.28707626131717,12.387393281262483,-13.413639287145177,1021.0788469047932,1705.0897715691167,1.0,16.962901580286395,15.512783167678927,15.917083042997767,9.026632031929502,5.561432695701057,4.295339338177817,5.561424008485301,3.5326605024217765,32.832267087748455,29.967182770417477,30.405760142061627,18.258511199720296
936,331764788970021.5,-10.329146460363287,-4.0561565817623855,0.01073011860925231,-1.8827487141658934,0.8398416986758617,-1.7158461881277292,27.70423394549436,15.808992341397094,-13.375907296121751,1021.0778419439087,1621.132074588102,1.0,11.097017074459924,11.097011886783294,10.329152033689928,4.056170774415161,2.6822015101107786,2.061571439346229,2.547326218215049,1.9103565688497044,34.588491053404994,31.897473526237686,30.76425644316997,20.70843149166047
937,331764822303354.8,-4.371509289926582,0.5872843039281394,-9.238819219315053,1.681843523711631,2.654259173216733,0.5006105720308944,27.789503057551187,13.966572996689667,-8.954635573962422,1021.0894739275536,1463.4273385598626,1.0,10.237713460179473,4.410781827018286,10.220854858528204,9.257466360772021,3.181870572742554,3.142242733599034,1.754767387171261,2.7010558497436286,32.365214964835026,31.101794826947007,29.19660902310609,16.590679899700746
938,331764855636688.1,-16.831046915035625,5.847473006460197,7.312049165828384,5.382111504985404,6.508603698474679,1.5104251796292607,30.237025324530112,11.385877347992482,-6.734511095038177,1021.09882750995,1273.6482049433316,1.0,19.259884314836953,17.817886541826752,18.3507548416849,9.362638707371561,8.57965212459996,8.445652512144607,5.5900365361376965,6.681564661593597,33.00408373442589,32.3096874553098,30.977916975895386,13.228448233739309
939,331764888970021.44,-21.079937663315288,8.250332483023287,20.317055599467853,4.054417988706799,6.477449503306072,2.9158424873454507,34.272701616377304,6.685176322851625,-0.5260167431266491,1021.0994831866511,1093.4673151974407,1.0,30.417338907300152,22.636955580856885,29.277064745652467,21.928308970650182,8.179107207149094,7.641705130075968,4.9940407125050745,7.103484319606047,34.92257653963832,34.91861478571061,34.27673802594525,6.705838954349079
940,331764922303354.75,-19.70890483526191,-1.6307377621099897,17.729785078415855,-1.7185993162521507,6.330082897966161,1.8226758865466912,35.3132125194902,4.911115513033273,9.340195877116676,1021.1081039869568,961.6959481891897,1.0,26.56022429086395,19.776254333270035,26.510115215370675,17.804622562008696,6.807766189606162,6.559232661290956,2.505140913645603,6.587267785851918,36.85622461745021,35.653078885687215,36.52755449615518,10.552644910412907
941,331764955636688.06,-17.14924061321297,-9.997939642746765,9.642716152871465,-2.7129014426144735,5.827281096814983,2.798322978434841,35.1417601463943,2.6774282126900344,14.891719103462481,1021.097933178295,883.2423223607041,1.0,22.068919899141616,19.850824937767207,19.67430884210984,13.890312160094012,7.01053854637954,6.427833166677315,3.897492235909666,6.4643496558380615,38.26062239270612,35.243608328614926,38.166825962386966,15.130496346469867
942,331764988970021.4,-14.797593521630063,-2.2364083545140274,6.69951771079183,-2.242389910266399,5.527784120357035,3.2522151861672035,31.429291042435263,-1.864667725088543,23.208817211031914,1021.0987022006298,840.8340675918765,1.0,16.396762909694754,14.965637185216275,16.243531376785082,7.062935642164208,6.794233835251222,5.965292096028152,3.9503437985574275,6.413524841957656,39.11427511139865,31.484556867694494,39.06980332386116,23.283603287723274
943,331765022303354.7,-14.807044698284766,-4.646027255525662,2.254428107405937,-5.4230311720228235,5.6673342778701965,3.259616145919784,27.901804276576595,-7.777979221725005,27.079027756726482,1021.0824078382752,816.8150664582234,1.0,15.68172783999111,15.518831848953397,14.977684026192598,5.164108379047561,8.494294692827339,7.84397507070578,6.3272714902612,6.537872378370769,39.652003567430704,28.965628642616647,38.881672110879585,28.17393662630675
944,331765055636688.0,-15.102455844706972,-3.3936049896862337,-4.902927063243687,-6.82338341553075,6.030221485745728,3.7354079184530256,20.6769831118715,-17.399333684475895,27.82155979126241,1021.0768558239856,793.5461993901233,1.0,16.236976970939956,15.479041551961384,15.878377320394272,5.962822202070985,9.842530402276187,9.106159036744828,7.778935245429264,7.093436648366642,38.78548223873394,27.023590495571767,34.663768113513115,32.814265219299465
945,331765088970021.3,-16.765510234992444,-0.2873716964500703,-1.2671774500156177,-8.331361202209937,4.950880520771088,3.324238862300544,14.57319358522516,-23.7893657219263,22.633778221342958,1021.0389753553699,759.5403531299289,1.0,16.81578587581874,16.767972922555575,16.81333019153149,1.2993541402360922,10.245650854204861,9.691377477564249,8.970069313852498,5.963370015736054,35.924919057625566,27.898241749687553,26.91961901374881,32.836288432533
946,331765122303354.6,-13.830534276814904,-1.5899423904466676,6.090008305762964,-3.674053440338959,4.290557118048069,2.8394819587789386,9.576337373985076,-28.042530292176593,20.598520416872365,1021.026414252905,718.569542206956,1.0,15.195387337983625,13.921623295689738,15.111978015680602,6.294133615455042,6.3221995270578555,5.648676753514888,4.643417542790829,5.145049871231962,36.08862405318791,29.632579075875682,22.71574962145628,34.794863824305295
947,331765155636687.94,-7.535283502009873,4.924934024170216,3.5667887789495705,-0.7488529195995333,3.025893074191781,2.7655995213904236,5.665812301170249,-30.8649783946488,20.28847572758977,1021.0285099443847,676.7310831534551,1.0,9.682843321655689,9.001970484182428,8.336814718422303,6.080868140000242,4.167175338805588,3.117179749651042,2.8651913387953143,4.0993377037219965,37.36804206381743,31.38069980631773,21.064749615912632,36.93601411429144
948,331765188970021.25,-3.5637137395168104,11.25906195889477,8.898265956831922,-0.04890838285372783,2.29753424590205,3.535320669169452,-0.161625943976079,-31.163722448288173,19.36662397545006,1021.0188213673775,640.1222925016757,1.0,14.786672000486321,11.80959490462955,9.585363459761702,14.350805316523017,4.216580116025641,2.298054751524878,3.535658957502845,4.216296460751953,36.69155003520815,31.164141569754594,19.367298395807385,36.69119405307515
949,331765222303354.56,-6.922721065249538,15.362293068356534,8.170552958608864,-1.7669356625630355,2.3387914209251277,3.03391353588079,-4.785817777938427,-30.38509631448186,16.71177252347632,1021.0090402626131,615.1804611955041,1.0,18.726506639380368,16.850047930653638,10.708968325505579,17.399942067935378,4.218606202222569,2.931212538563188,3.5109390451612446,3.8307410058360323,35.00630615646828,30.75968351339088,17.383537979365695,34.6776212984218
950,331765255636687.9,-11.765997789781476,8.283668735360031,7.353799306826009,-1.8544335914716035,-0.9577043639460243,3.0716098045983653,-9.083487704340696,-31.604982238832115,15.23637523800942,1020.9893997207147,612.3657096510576,1.0,16.159710268176177,14.389505610212042,13.87505200834279,11.076891800602548,3.713611232426509,2.0871323853314934,3.5879953646685605,3.2174499903535514,36.24267900673498,32.88441349928264,17.738570384006014,35.08592356929371
951,331765288970021.2,-17.466962017002558,11.000111674067966,9.114870768156674,-0.6203037544567835,-4.171696114857929,5.616323731808307,-11.970571070700263,-29.008318549327356,15.027844383247858,1020.9689268557929,644.7674669860801,1.0,22.56497480755459,20.642122442844304,19.70217326143507,14.285773551409926,7.023597189687568,4.21756152563468,5.650475113498542,6.996151851925022,34.793867615214175,31.381158627716978,19.212773838407617,32.669843156439605
952,331765322303354.5,-19.942136155007724,8.174523866476996,7.40498057105968,-1.940290112937574,-6.989229510921832,5.30759240542252,-14.75655015547763,-27.310604993594005,18.09456817076186,1020.9479344186277,725.5205342766606,1.0,22.789150316021868,21.552531982773353,21.27257698734776,11.029804064505106,8.988024923241076,7.253554637465959,5.651129344163175,8.776096301798393,35.93102162329367,31.042308509633248,23.34885799728704,32.76099116941473
953,331765355636687.8,-23.42085760345217,3.6530553384341276,4.078362055196687,-4.012880084004964,-9.380661533211438,6.183578107727612,-14.739145889185743,-27.474868335558305,18.937161784495984,1020.9304032441105,867.7215513212773,1.0,24.052326732358214,23.704037297195715,23.77329611001494,5.475203225354308,11.930492679837016,10.202941603737445,7.371556469496241,11.235365993817958,36.47912976005788,31.17869162743949,23.9970522772043,33.36891497349651
954,331765388970021.1,-18.552884498724847,3.5782374641001957,2.5249526425191866,-5.749816375900583,-9.999475324196212,4.349258427346083,-13.166457305142872,-27.79037808900986,18.72520940108446,1020.9389698098885,1070.5329420045512,1.0,19.06275668468439,18.894795753659654,18.723912760691586,4.379402835599258,12.327446774722832,11.534725619440778,7.20946858127667,10.9043824046596,36.004085593342474,30.75159690647413,22.890807436231075,33.510275759005346
955,331765422303354.44,-12.985273856409101,1.3240359194994955,0.4121819666755553,-5.044915027351421,-9.80568989340549,0.5848587567752751,-10.326721172912762,-29.35821354995955,17.73841390707908,1020.9490712555184,1298.501251947336,1.0,13.059108017614339,13.052601589034523,12.991814003425166,1.386710167907268,11.042861118578259,11.027362418948185,5.078703318621094,9.823116310571267,35.82174201468949,31.121469647626114,20.525411034177644,34.30096253436462
956,331765455636687.75,-12.446902336643532,3.7059127410567583,1.1623682418086676,-2.7586225852602615,-9.16642372899211,-0.8688432355221135,-5.1325572958406696,-30.98690368547603,15.274747102597532,1020.9588862538027,1510.8888965051135,1.0,13.038798524090877,12.9868844232275,12.50105906343569,3.8839270299391813,9.611878646510792,9.572529579339916,2.8922114611176934,9.207508487497698,34.926340252828766,31.409096523269422,16.114001472117312,34.54715761189739
957,331765488970021.06,-9.508774626899754,2.8272456792229463,0.5484645786679737,-1.4247437579349924,-8.129344510754763,-2.285945749632062,0.24897495480389942,-30.957883270536286,12.949056058042874,1020.9886494715952,1666.958291033366,1.0,9.935337257985298,9.920187147219421,9.524579166515757,2.8799533893343234,8.563975999532822,8.253250084076777,2.693592906516427,8.444630847159601,33.55786909079012,30.95888442951829,12.951449390800107,33.556945471638016
958,331765522303354.4,-6.641826028169814,1.5016079817014198,-0.25513822292044264,-1.1517784144962413,-6.609349756509418,-2.8097935363249253,8.29965170576478,-33.901507062490346,14.095513816740189,1020.988436226317,1729.6394155896337,1.0,6.8142332680924875,6.809455155824393,6.646724644610232,1.5231290304844212,7.27358490957134,6.70895652989126,3.0366977513201414,7.181813414496678,37.64146529165676,34.90267037842645,16.357497614088707,36.715060817953116
959,331765555636687.7,-5.997323706040056,1.3329826869932597,0.6285976780770596,-1.0514598332461453,-5.155335212045595,-2.8234054804700066,12.672510082382264,-32.924433409333325,10.028311667974503,1020.9955981626345,1705.638828885405,1.0,6.1757484987439115,6.143674346745098,6.030176338708007,1.4737631711735917,5.9711529403152355,5.261468324478179,3.012836916940258,5.877848216456876,36.676666451897425,35.27904232137976,16.160431513363548,34.41780571500249
960,331765588970021.0,-7.46240528454041,1.942724596760334,1.0551776055190552,-1.1414935098772578,-4.131593266001101,-2.134341219937946,16.055162179602696,-32.54702109205092,5.795027059611503,1020.9887419688735,1630.4575164538262,1.0,7.782998860900801,7.711139441716395,7.536636677585404,2.2107868820957233,4.788369533764468,4.286381964869387,2.420417293819002,4.650319920047635,36.75131498601624,36.29155293700936,17.068994441236846,33.058900777068146
961,331765622303354.3,-6.553245513762224,2.05417591512429,0.8256609153132716,-1.3765331212570318,-3.2364804080466403,-1.5206752514265396,17.496555870375072,-31.49200909287498,1.9432675608844547,1020.9896771337195,1540.1017668199115,1.0,6.917107878369209,6.867653562456498,6.605054330641094,2.21390032236157,3.831723122289571,3.5170511605018446,2.051169582023582,3.575927663134549,36.078420043622515,36.026047577147246,17.604140312390783,31.551908429109425
962,331765655636687.6,-15.643750048165764,11.92144453508815,7.199470573454502,-0.730513750737601,-2.620377114310673,0.06685411323593293,18.592848543633906,-31.59392806523275,-1.209754103159345,1020.9790895025887,1470.5425005030825,1.0,20.944692213319982,19.66844567759917,17.220896960017026,13.926708740446195,2.721120363687797,2.720298983792011,0.7335665017387863,2.621229805579757,36.67879240852569,36.65883669127555,18.632163641311774,31.61708075678734
963,331765688970020.94,-15.29612910359099,18.571761076521742,3.179395245885044,0.22266133211403696,-1.394426534819686,0.42971610566652074,16.500383139496225,-30.310194601036226,-4.021228353036609,1020.9788823287527,1445.0992001038912,1.0,24.269125018563972,24.059964152864637,15.62306370988993,18.8419442630787,1.4760282386516983,1.4120918630981607,0.4839772724911759,1.4591371739759211,34.74393210288845,34.510441036052505,16.98331302241812,30.575777573431406
964,331765722303354.25,-13.43197358789226,14.409318309234855,-2.266480190092422,-3.289857409183205,-1.3334848058248376,1.571641011991438,16.358475336565327,-32.73133616406505,-6.743590499146446,1020.9690998787622,1455.7767660485342,1.0,19.828850220190972,19.698892573002325,13.621851816765467,14.586479581754201,3.8821899709695824,3.549837108956316,3.6459864568222278,2.061125226166323,37.20774240991016,36.59153020060857,17.693946087778,33.41880278982494
965,331765755636687.56,-6.671366857140459,16.745565360588174,0.5109071489506158,-1.706356419885582,-0.9899149049543682,2.8548645998377293,13.096976065336666,-32.85963859207588,-12.14040895406324,1020.9685493733585,1489.819101065527,1.0,18.032806800471512,18.025567813200304,6.690901423380934,16.75335743546885,3.4701348149808524,1.9727097482233813,3.3259440938012443,3.0216193344724043,37.39887912798648,35.37353008193901,17.858340114016766,35.03063484971035
966,331765788970020.9,-4.446637805245519,13.879768925034226,-0.18846327399704854,-4.360401012139667,-0.664746048666234,2.622116627819694,10.493861301273878,-31.89192028297589,-14.490662461138692,1020.9882098443071,1534.4701078833846,1.0,14.575873613236022,14.574655165162037,4.450629862916526,13.881048368836968,5.1313234068585585,4.410780463351809,5.0880833912738845,2.705066157990576,36.567677023687416,33.57403318557457,17.891350524010967,35.02961429845243
967,331765822303354.2,0.796334743127433,7.50556033672726,1.6023211008129883,-5.0655324717260335,-0.5318051622952633,2.4897424785699833,6.816906499213947,-30.701072901693216,-23.110058384623485,1021.0176472613124,1577.6499707078278,1.0,7.715893849806113,7.54768739359052,1.789296491144601,7.674690148687696,5.669325670866911,5.093371766595753,5.644327845873826,2.545905406773727,39.02692519370201,31.44878521555494,24.094501712210853,38.426952466410704
968,331765855636687.5,6.170315414489724,6.393407395269714,4.197487880306747,-3.8550974333200534,0.23325857713404774,1.9860154312734308,5.618817315558049,-27.76803841569652,-27.265494540651382,1021.0289358480627,1614.8232814526386,1.0,9.82686903044408,8.88529405457011,7.46268697049605,7.648173809950418,4.342861162580915,3.8621478200863137,4.336592385000815,1.9996666864912243,39.319743870319186,28.330814769102787,27.838432078188333,38.91620677817775
969,331765888970020.8,0.29074805512895446,5.676220901503714,8.55807795159381,-2.2333431222857865,0.7313689887005446,1.6591204791020513,5.060040963146532,-26.27485394856972,-28.713858347343898,1021.0574133273713,1646.175413515798,1.0,10.273495820789778,5.683662389184364,8.563015395123227,10.269380796728873,2.876699995423559,2.3500472547363986,2.782175815083771,1.813168872942804,39.248663999666555,26.757652448736806,29.15629735991955,38.92112037454729
970,331765922303354.1,-1.832869758052014,5.117112408127798,8.778818609595053,-2.627342112415123,0.8882161779351966,1.5350482146956634,4.741449022366726,-25.431127305702685,-30.691519928311344,1021.0889079188388,1671.9640891691115,1.0,10.325304214771085,5.435462349000048,8.96811394498052,10.161323515053928,3.169893937635156,2.7734192893278453,3.0429097254289856,1.7734996476419589,40.139668289367954,25.86935590366639,31.055607132072538,39.858645631139915
971,331765955636687.44,-0.2769571960063208,2.8266719041671355,7.560418819071387,-3.0304170125898473,0.7695831467607658,1.4016969010775944,4.454460090006969,-21.881447800375494,-30.89845125426099,1021.0888124038005,1692.4640285356825,1.0,8.076305594886582,2.840207623084542,7.565489938410365,8.071555412284342,3.426432502248178,3.126609264038629,3.3388892573256315,1.5990661094115945,38.12288371104638,22.33024792818079,31.217887574360432,37.86174913752005
972,331765988970020.75,1.6395782180519975,0.4495005013488593,7.375530152434356,-2.6154791421951282,0.7533396382674438,1.293271916912262,2.6181380053530234,-20.526059607475762,-33.63190197157622,1021.0779463567394,1712.203850792038,1.0,7.568930734475762,1.7000786551872944,7.555571570872645,7.389214825012278,3.0134372409122117,2.7218103816839787,2.9177531414312075,1.4966872958834252,39.48770188109754,20.692360175309194,33.73365495822809,39.40081158092255
973,331766022303354.06,-0.3441338247359661,0.23733115258872553,8.856357319158205,-1.5829498722616857,1.0093763772168316,1.1949334571816586,3.2936305925018035,-17.5365830009413,-33.717682525614826,1021.0860651591107,1745.5443941511003,1.0,8.86621785937632,0.41803608135721676,8.86304084690658,8.859536728328191,2.225407139394671,1.8773840760421567,1.9833295906594541,1.564195204562233,38.147894577904545,17.843198867601266,33.87816579122924,38.00544511312892
974,331766055636687.4,-0.1629285245494113,-0.9170250559164432,8.496097985659263,-0.7165601765415585,0.993964144950228,0.7129068939193914,4.930049819233992,-17.680776900961664,-34.36663242775614,1021.0884072876678,1808.2314005971175,1.0,8.546997229390787,0.9313864167414102,8.497660071221679,8.54544416254076,1.417624579163927,1.2253257558918393,1.0107891600146213,1.2231929368846242,38.961271635641054,18.355251647463422,34.71845065155743,38.64809563543952
975,331766088970020.7,0.3847332819270375,-0.24662793313576156,7.41603068242594,0.6221486900928592,1.0468645256325453,0.34043597487358196,4.276567705234632,-17.34202495361736,-34.12343377344866,1021.0882748513833,1916.010612114341,1.0,7.430097988472839,0.4569956625890086,7.426003688452175,7.420130485381357,1.2644726096678571,1.2177825452896403,0.7092007089480289,1.1008278648435368,38.51549809258969,17.861546988694542,34.39037312720512,38.27733744636406
976,331766122303354.0,-0.5076000205114557,-0.26589030845224276,7.632398132319726,1.0618103226629763,1.3384920120068093,0.1545740667997841,7.0616384049262235,-19.23805919672489,-32.02821393625157,1021.0927028995903,2080.8720451243216,1.0,7.65387853883178,0.5730230684292379,7.649258724285699,7.637028146233748,1.7154868608201914,1.7085087144991946,1.0730024713115427,1.3473878462911342,38.02336316746481,20.493161264641923,32.79745759823813,37.361871066676926
977,331766155636687.3,-2.810582645108033,0.3618105479149532,7.790279811700887,2.1743987724636313,1.4530905116515873,-0.41799302529588006,8.356102231478117,-20.844743605978568,-31.87915503628408,1021.1187762155685,2276.4614512799244,1.0,8.289676786350563,2.833775163552145,8.28177724583177,7.7986772222715395,2.6484335419147715,2.6152403439728475,2.2142105118726514,1.5120152791052985,38.994977962929205,22.457243386085878,32.95610672288749,38.08915674869189
978,331766188970020.6,-3.7040582670403337,2.587841762917984,7.661991114570577,2.859355062332489,1.5354393986356247,-0.9209990100870051,8.218751366634091,-22.36209441792391,-29.5417437782076,1021.1090682905668,2453.996968967502,1.0,8.895115540300235,4.518514427943359,8.51035577901349,8.087214157524267,3.373681178764556,3.2455331641147898,3.0040223949011553,1.79047851801237,37.951624026383385,23.824591093714357,30.66370002924985,37.051017424807796
979,331766222303353.94,-3.9188946983436805,3.0025219381410353,6.266634115189949,2.790286880004753,1.74827814807355,-1.018500793662975,13.698451174931373,-25.14733328400059,-26.105911222552418,1021.1187598112197,2564.414272397678,1.0,7.977692447029211,4.936889065567952,7.391105383524762,6.948801416264586,3.44666813349505,3.2927461723853146,2.9703610452971487,2.023319141836896,38.74989724693952,28.63626958751057,29.481624197994368,36.247854723505945
980,331766255636687.25,-5.946100091891212,1.7843871392668424,6.231308600880486,3.0749012177454804,1.9761723126388888,-1.1722533666912567,13.936042509162746,-25.964787368420144,-21.870283229320783,1021.1187693941512,2558.815535281127,1.0,8.795984916140814,6.20807085700297,8.613089642062006,6.481762441048579,3.838548223463157,3.6551709273484287,3.290774294085151,2.2977021053564624,36.697312605082836,29.46834681322421,25.933040110019903,33.94818804616794
981,331766288970020.56,-7.616261610516069,0.8243251812419027,6.065371592720282,3.106816331921036,1.7913238506505889,-2.0989998542399837,17.123750209146873,-25.862788450594795,-17.697648482345905,1021.1305475207308,2418.892021525236,1.0,9.771166024688583,7.660741016654351,9.736332650315466,6.121130987179384,4.1553518799616,3.58624439465591,3.749414368723568,2.759463992519041,35.71153048344691,31.017844020264803,24.62579101328398,31.338324592181056
982,331766322303353.9,-10.281440991826365,2.7693890056692005,5.369658513988796,3.3403057309734474,1.5021450852964409,-2.7859414174518946,21.084868245134558,-27.13502246970451,-12.467430670745841,1021.1190852459861,2192.404167303392,1.0,11.925216010202133,10.647889196133145,11.599192274691367,6.041750410400434,4.601690104203909,3.662524024993462,4.349610552434313,3.165108124338586,36.55568274394429,34.36395078197576,24.49507086016568,29.862121022479677
983,331766355636687.2,-10.586533360955903,4.0716533994053306,7.3370151225705476,2.0011955603545317,1.1799994538316292,-3.158379928864197,24.031617399368244,-23.764960956079822,-9.558858071146979,1021.1141176418789,1935.7237427190125,1.0,13.508695011597167,11.342532786266094,12.880468916598542,8.391075754259276,3.920783870207314,2.3231836737170894,3.7390035364833367,3.3716112596346504,35.123550101007,33.79781064024143,25.862915583010942,25.615330114373503
984,331766388970020.5,-10.625449904320725,1.433594592314365,7.905378720079905,0.11157279540326463,0.9773741019990677,-3.5492460639601586,26.49406709837205,-22.437853680267473,-7.232441175042619,1021.118709996533,1705.222517875514,1.0,13.321050703012675,10.721724633861022,13.243685226443638,8.03431429326767,3.68304985663638,0.9837218224338539,3.5509993116319776,3.6813594985813545,35.46408147041996,34.71876825565868,27.463499353933255,23.5746788552367
985,331766422303353.8,-11.564514309138447,-0.016777923259441177,9.259444543470646,-0.48861333917166194,0.5701138779955921,-3.8235651147091714,29.68358808603593,-18.655561547068594,-7.247140946214419,1021.1258013066503,1552.8615840941357,1.0,14.814708433127704,11.564526479928903,14.814698932475011,9.259459744084275,3.8965912045685025,0.750848073247614,3.8546586336065403,3.8658349706504715,35.800369134859714,35.059169674964046,30.555465199465576,20.01377097227711
986,331766455636687.1,-11.135665477220295,-0.5574081691303513,9.56218848335196,-1.6989200172655576,0.2115940028543811,-3.797444085503182,29.31328943722439,-12.667689425892338,-5.782528902678182,1021.1385523247138,1481.526589331347,1.0,14.688403523825112,11.14960759343436,14.677823210943261,9.578421188179297,4.1655351192413015,1.7120459243576214,4.160157546005764,3.803334537556095,32.45268761646197,31.933357058432733,29.878195697545053,13.925085130841143
987,331766488970020.44,-12.584753228107187,-0.8345573944934083,9.135036967783595,-3.6436362798086432,0.006985896699332957,-3.547494140454371,30.762469870484058,-8.995800236479775,-8.569807296254737,1021.1388298914819,1463.4552976620278,1.0,15.573098608171426,12.612394691614194,15.550720697611643,9.173079441903713,5.085356311886962,3.643642976787169,5.085351513523511,3.547501018930198,33.17673238162598,32.05080302312391,31.933855852799553,12.424412219078636
988,331766522303353.75,-12.675100553691287,-5.9416768364772725,12.05549360465264,-6.160299617691597,-0.09879090740621822,-3.6576776182221677,31.90972048806528,-2.740817712319652,-6.454771180183664,1021.1486923396163,1470.4183458031494,1.0,18.4742151044946,13.998631992995449,17.492658462852518,13.440180418467277,7.165030117310099,6.161091707085473,7.164349024061755,3.6590115061624955,32.67118630149734,32.02721254431329,32.556018377789734,7.012571049243974
989,331766555636687.06,-14.513965350035214,-9.470563527749368,13.174457585891831,-7.2730048158220395,-0.6881769317741948,-3.497757602166724,32.758232354248555,3.3019275463062243,-6.8345715143641845,1021.1494874399383,1474.2170251393409,1.0,21.769545158262314,17.33051539092705,19.601569397996826,16.225224381055547,8.09966016471752,7.305490164280336,8.070372190579917,3.564813562157389,33.62611901901483,32.924223794889876,33.463609410221956,7.590394805674747
990,331766588970020.4,-13.85302336269857,-9.52642137620763,8.003366816792104,-6.294873208419989,-1.2183910543310918,-2.8787843290121478,31.547174851815758,7.0559272829194954,-8.105807344144914,1021.1487497473227,1455.63989402518,1.0,18.620226661581405,16.81246443935386,15.99875422311379,12.442129425512125,7.028321612186207,6.41170066919517,6.9219092686230494,3.1259999958797104,33.32738309038496,32.326619850409415,32.57189515259176,10.746637731041337
991,331766622303353.7,-12.775024729369099,-8.760999129158531,5.157063022278755,-4.635351574211916,-0.6335107723782647,-2.0620964057348528,30.942478020435676,12.47358582697971,-4.9134510511896625,1021.1386286494601,1416.9141627624645,1.0,16.32640994195795,15.490524929036736,13.776667080674734,10.1661401110191,5.112735246598713,4.6784420606937305,5.073334781294596,2.157215215332931,33.72194079024235,33.36206362664297,31.330160345545337,13.40642922688461
992,331766655636687.0,-11.196292166620939,-8.639747539202272,0.5933148322790769,-3.5516638085983168,0.6871539340418085,-0.28182972129740974,30.340976028574307,13.251586236171187,-1.1793894559352585,1021.1299366439476,1363.395710157009,1.0,14.154653592076759,14.142213257531125,11.212001639784921,8.660095844236025,3.628487884805847,3.6175262733498195,3.562828062244048,0.7427035215183173,33.12959890535914,33.10859954968199,30.363889504727354,13.303965471371795
993,331766688970020.3,-5.940147896570427,-3.8691218144067037,-5.378670522711095,1.4322376421158163,2.5602641423231627,1.5794321224841574,29.238336398744117,13.042514234634556,0.4278442392318957,1021.110786278099,1300.4404150146288,1.0,8.898626705269141,7.089108593317491,8.013454537526954,6.625722617692283,3.331795757769981,2.933642299592647,2.132114090059039,3.0082483787082093,32.01828452025208,32.01542585890074,29.24146655110118,13.049529809678544
994,331766722303353.6,-12.2081212368978,5.127069205506954,3.591102833835428,3.2724288938275925,5.489908353389249,2.5072748282947024,33.222617898286174,8.581003410839868,4.9024753077308825,1021.1093429858576,1233.115926114077,1.0,13.719368875281166,13.241037073162085,12.72533864767362,6.2596212506220015,6.865443296566579,6.391234981892838,4.122525673632356,6.035355896151716,34.66136500046242,34.31291243179993,33.58238532562027,9.882706293306326
995,331766755636686.94,-17.110824276306978,4.8154942721088645,10.385294762583953,3.1760564971907543,6.363344612264455,3.2013962193317114,32.01423358014312,5.2534133978736275,10.822097525832314,1021.1188996369765,1163.2660285340469,1.0,20.586977432472285,17.775525097711448,20.015860079457237,11.447415970011178,7.799258123753441,7.111925866302507,4.5095756592498795,7.123278206527275,34.19981431106823,32.44240287113335,33.793918781085296,12.029802458377445
996,331766788970020.25,-20.91564308902983,3.828639879086078,16.796877123113234,0.7763363371345393,6.894033169384673,3.6723676883705227,31.457946732828145,2.593240217256538,18.165071183542512,1021.1088402782303,1090.7132681119858,1.0,27.097189711119018,21.263174954634824,26.82534635222155,17.227697594649523,7.849629028656031,6.937607040538658,3.7535293454218963,7.811144460267262,36.41836238181251,31.564652817191728,36.325916695227654,18.34924265269723
997,331766822303353.56,-14.230760702457792,-6.315710790054562,8.564701013156048,-3.4114629145526703,5.831354254976726,3.7043791534588166,28.30432955482921,-2.4602815686572477,24.68831104562692,1021.098734432377,1015.2490439395049,1.0,17.769548570489484,15.569288774835819,16.60929419377516,10.64153683583193,7.704881347365683,6.75594343259351,5.0359213784518575,6.908481552382942,37.639085525967246,28.411055188877672,37.55859121205164,24.810596278257783
998,331766855636686.9,-14.350178799104473,-7.12233511692495,4.006588322566009,-2.8922931177471773,5.296840986886409,3.947857965596472,24.893909176425005,-7.576553608928954,29.078094983009716,1021.0892195056149,936.6760158906113,1.0,16.51387413875291,16.020464696258028,14.899006059223877,8.171928016343797,7.21162023652459,6.035054591246666,4.8939699626674456,6.60621729561504,39.02110309196815,26.021354282071318,38.27848379866987,30.04895626190549
999,331766888970020.2,-12.66283596046191,-0.28660681391670684,-0.3958882875797956,-4.775766956592064,4.656513182923712,3.7415805205486534,18.72440419458176,-13.765485255817977,27.61016285239178,1021.105340678971,857.9523198654048,1.0,12.672264421309778,12.666079031308419,12.66902293382604,0.48874431150280284,7.647907546392548,6.670162295358258,6.066908175951385,5.973486403641633,36.08895938518882,23.239877296797697,33.3605216562581,30.85141288602091
1000,331766922303353.5,-11.538003767639967,2.9140613641772366,-6.075306748385502,-6.491782703605285,4.478702944356899,3.5307661088242517,13.506818233095148,-20.504101111495185,27.572281632580275,1021.1070934424973,789.4972876581304,1.0,13.361386030769525,11.900306070696862,13.03974244488949,6.738034262392031,8.6410839626659,7.8868258973188885,7.3898276019167515,5.7030771850829005,36.91995416571658,24.553050750818922,30.70284764005116,34.36057154380209
1001,331766955636686.8,-11.362714025304246,7.187043085794755,-5.36891957330089,-6.323895168240847,4.232555566427876,3.9240663324967437,6.110933194160235,-27.33089890363207,21.86663472362316,1021.0827984657635,742.8084303290906,1.0,14.477228868899237,13.444882235925908,12.567281623542112,8.971002491452314,8.561803157258053,7.609610812768254,7.4424422524285925,5.771726189341803,35.53127148752783,28.00574118612193,22.70447574025552,35.001824938378846
1002,331766988970020.1,-11.481406700696269,6.14820698306081,-3.1508939089768697,-5.550840989251534,2.71867933917438,3.650631741469378,0.6070515575837513,-28.82066405407548,13.153174248884437,1021.0616825223923,729.3832589385877,1.0,13.399674673624672,13.023945213849407,11.905915851055756,6.908587520773349,7.178451445056401,6.1808618361203145,6.6437149095802335,4.5517391688317765,31.686040789801428,28.827056528744716,13.167175263323623,31.680225209732885
1003,331767022303353.44,-4.780605273586612,3.9102896289228095,1.5115747060613882,-3.8724044145461898,2.4398604752237687,2.5338830360549913,-3.71882590991049,-31.868834114919114,9.409174058044925,1021.0485406153045,759.3025879499307,1.0,6.358412526402323,6.1761275702421665,5.013885207486176,4.1922813686662135,5.23153881078629,4.576946043854567,4.627750986192329,3.5175961079928455,33.43627985358179,32.0850783697415,10.117421736925234,33.228830017002075
1004,331767055636686.75,-5.362442498652967,7.52030275350482,2.9544842581257864,-2.391487510558477,1.6680020017943897,3.2381841840060273,-6.86585017261627,-32.427527993067656,4.540696918874915,1021.0388369433069,826.9255943207538,1.0,9.69740791589406,9.23638149145712,6.122480443649661,8.079847197557962,4.357439615266522,2.915723442157584,4.025549567786237,3.64253585947165,33.45597702717829,33.1464096145269,8.231514265424984,32.743892564114404
1005,331767088970020.06,-4.3744933483528925,7.437942559291986,4.360508507975673,-0.4639249273258517,0.9843830915449141,3.5517580622896006,-11.579598712888643,-32.191146526851625,3.851888950436373,1021.0392667940843,916.8124629766688,1.0,9.668154736982592,8.628973378688261,6.176586962304662,8.621892133601257,3.7147303727394534,1.0882262674250331,3.5819284849412436,3.6856472164273537,34.426647666469904,34.21048115804225,12.203448481393533,32.4207798055464
1006,331767122303353.4,-6.632942455587409,12.590013838310986,8.160114894947021,2.05764929428462,-0.06013137475549889,3.5846838515143586,-13.20436480884298,-29.354694625850176,6.574504293746221,1021.0603910376186,1013.3748443792537,1.0,16.404019299145325,14.230403159011203,10.515864240178747,15.003197110869348,4.133702301304219,2.0585277264345945,4.13326492419465,3.585188153714921,32.852358412911784,32.187782567022666,14.750571402949053,30.081924860045188
1007,331767155636686.7,-9.392860943297936,16.479206941104582,10.343598882666823,0.538352032377406,-2.049957603275832,4.233218787702123,-18.149035177725672,-27.225566241318486,9.711655214801239,1021.0493780725554,1101.0445849982586,1.0,21.60509513872567,18.968133753953794,13.971967454357964,19.456471911763852,4.734162057909247,2.119469057569201,4.267313465790756,4.703452718990872,34.13114680250168,32.72031379804822,20.584064829219226,28.905842042251543
1008,331767188970020.0,-12.18702413704077,12.399580782107083,8.602834200361084,-1.7760662050699862,-4.37487604574393,4.548335085600768,-21.185432376634243,-25.2433974999559,10.537580800713641,1021.0288096500377,1170.2710716387353,1.0,19.397987451478464,17.386004741999056,14.917517005041981,15.091665244461979,6.55601278456065,4.721647125783093,4.882802803277913,6.310855129578795,34.59902124999045,32.9552979401753,23.66142755871909,27.354519306183185
1009,331767222303353.3,-16.173967709101298,8.255068454970818,7.357844416727053,-2.951649370278199,-6.379557265893141,4.5190750263326676,-22.942613732643576,-21.29621094519851,14.664608832554501,1021.019487151093,1225.9029634676854,1.0,19.592888023771973,18.15883770100129,17.768936544312744,11.058210960956377,8.356615583326617,7.029294766466524,5.39761735385969,7.817978639164575,34.56794581284103,31.30322867545261,27.228923539081034,25.85690145462577
1010,331767255636686.6,-17.605141103992306,8.054287957569537,7.3356989330794065,-3.948200150511943,-8.382448347555458,4.359604194843026,-22.099963175918422,-20.28513308861054,18.53209532769106,1021.0088107217668,1274.8976019743438,1.0,20.703261255940124,19.360076130917697,19.072322148292844,10.894220180454955,10.24011100836464,9.2657285049767,5.88170325366687,9.448364357661497,35.260935240492714,29.998249895612116,28.84175670120631,27.475901835194982
1011,331767288970019.94,-16.512488488559,5.227085022532563,5.353194054679847,-4.63169657880429,-9.371467995743798,3.340610717396623,-19.97962722525792,-19.638913712868387,21.32551079253059,1021.0238723816145,1324.2123286479457,1.0,18.128468785439036,17.320066221512484,17.35854149033994,7.481918498610093,10.974365838559548,10.453565209695572,5.7107173948018595,9.949074949985825,35.20866152588161,28.015574880443868,29.22264386777155,28.990763052804052
1012,331767322303353.25,-16.338864501206146,3.399585260567383,2.0426122855983166,-5.1148103832063025,-9.457385615576221,1.2243533190855276,-14.222068601388296,-22.389431794150283,24.067282761965842,1021.0187941457446,1379.9943995442848,1.0,16.81332620518375,16.68878884558857,16.466048649814304,3.9660364210561885,10.821389420394166,10.751903456498436,5.2593085387825225,9.536308705765757,35.81602980387302,26.52459031479096,27.95534537162818,32.87127553973721
1013,331767355636686.56,-14.56614433796343,2.736992779240852,-0.10535726036661328,-4.712700136686123,-8.907324780397955,-1.037147730096767,-7.870691770311572,-27.70601802451346,22.313784180229383,1021.0178953799492,1438.926238354056,1.0,14.821430109821137,14.821055642159926,14.5665253587359,2.7390198294149903,10.130432011314117,10.077200867394323,4.825475934285268,8.967503005716607,36.43454663035853,28.802278099447534,23.661207775282847,35.57426596876624
1014,331767388970019.9,-11.992324880606686,3.2632386118985965,-1.2293085468523979,-3.6767451010754786,-8.036619942870034,-2.4546714179833176,-1.7380739639235352,-29.051731856188553,20.619659922234266,1021.0398169257164,1491.5612518905332,1.0,12.489026454594786,12.428378103365057,12.055167172021404,3.4871085072808152,9.172302132762697,8.837743753041208,4.420844524358073,8.4031346458569,35.66783425239811,29.103677172274118,20.692783196386678,35.6254613886259
1015,331767422303353.2,-7.959614794221251,3.146073729452375,-1.6187783271946399,-2.50461544096251,-7.105468012856806,-3.312505501587312,5.704877465965322,-29.47317586530385,15.456338603104324,1021.0379855957705,1528.349673177224,1.0,8.710550548394243,8.558811108064962,8.122555690481962,3.538110114700425,8.230034440200434,7.533974660751062,4.152805221191338,7.8396663436512055,33.7655464268331,30.020221892731044,16.475558561563,33.28012167346962
1016,331767455636686.5,-7.022063713679478,3.185049925990711,-1.588174453281997,-1.7374391126074669,-5.924619066226089,-3.0342862790107534,12.386494821029492,-30.56786490597135,12.492819452217581,1021.049435748734,1539.759905730507,1.0,7.872497692859937,7.7106369276491975,7.1994219832589055,3.5590505932215972,6.879440309567403,6.174123885208971,3.4965108169446792,6.656425790383501,35.268826982575014,32.98211058833417,17.59249248449737,33.02218803736998
1017,331767488970019.8,-6.6865389961807935,3.0957995495216353,-0.84410178301194,-2.262354877766661,-4.63721977567013,-2.2028410488489825,15.599871912836981,-30.65266844927624,7.08151157116391,1021.058835364737,1521.6452076881355,1.0,7.416622305224174,7.36843121690532,6.739607671632703,3.208813280778783,5.61021973966393,5.159656659199402,3.1576507532418288,5.133840271605674,35.11537972015544,34.393925143230966,17.131952890124595,31.460036382588363
1018,331767522303353.1,-9.249189350278394,2.9751669346723277,1.7879153432963713,-2.559783726069375,-3.131431987778151,-1.1367869205566092,17.508810356536642,-29.68151030360216,2.85637806376027,1021.054814362527,1482.7308033659185,1.0,9.879056797147458,9.715921053943923,9.420411079782976,3.47106029391051,4.201266894768579,4.044546824840805,2.8008529463358465,3.331388718962229,34.57903106865687,34.460854516451064,17.740274398788074,29.818634266947438
1019,331767555636686.44,-13.267999216235994,5.008726676484666,-1.222158222396761,-1.7313848370561955,-1.9639398769296978,-0.3096501083278582,15.602279452818964,-30.625950504795103,-3.4777881548572864,1021.0489170160065,1433.6247543146671,1.0,14.23449390889399,14.181930267836185,13.324168789181972,5.155677806098936,2.6364059785568306,2.6181583783611613,1.7588566296249286,1.9882009530683993,34.54670720772216,34.371208422835764,15.985184846410831,30.822781424982157
1020,331767588970019.75,-18.191206257454162,22.02435192211522,3.382543861105801,-2.1592578842485732,-1.1847123269505537,-1.5377222851904166,17.66401340206775,-30.087391872084748,-4.61755014540206,1021.0302073404926,1384.9351220851927,1.0,28.765146717211863,28.565574783126976,18.50301564809218,22.282586936024394,2.9035371075103305,2.462912484908512,2.6508459851641444,1.9411679793361092,35.193611472511925,34.88937544773223,18.25757757244185,30.439660297212484
1021,331767622303353.06,-0.8106976893665412,28.324436801304643,1.573329316434362,2.052413619596354,-1.2652835552026336,0.7403980854364457,17.740802803785616,-30.404928416345662,-4.434214464053062,1021.0289696658152,1346.6607481322178,1.0,28.379681393429998,28.33603625870501,1.7699140887331413,28.36809978213297,2.5222080536483857,2.411087750574587,2.18187785882312,1.4659917462196608,35.48038914723356,35.202212375444695,18.286561788264763,30.726567167783667
1022,331767655636686.4,-4.169701748006495,11.01603647114465,-3.9991714507457923,-4.047440552204276,-0.02178239364633209,2.0431992324846666,15.895363386304112,-29.210291830253837,-7.5742667452369234,1021.0289696872424,1321.9459136830633,1.0,12.43916574748394,11.77877210072924,5.7775241202256025,11.719489401251629,4.533973158271512,4.047499165694863,4.5339208338096935,2.04331533941751,34.10679173887883,33.25513082204386,17.607728243889365,30.176326243209196
1023,331767688970019.7,-6.72488601312799,13.66982123961979,6.130340177035987,-1.6832960437204711,0.5183327613498111,3.581497263133076,11.786441584617853,-32.10413696429693,-9.690424073182239,1021.0493689947047,1309.6183416368106,1.0,16.421606964572817,15.234438112799724,9.099734203576833,14.981491361321206,3.991149842855217,1.7612933947226141,3.9573486347091915,3.618810784956604,35.545747061611394,34.199354020945265,15.258588530585614,33.534757028200545
1024,331767722303353.0,-0.5529412145066533,8.681406630978291,4.175849555965349,-3.4793225958863836,-0.000139319668472462,1.9446158639043802,9.106100734679373,-30.24781357086565,-15.54458930433786,1021.0488657549151,1308.4384170536252,1.0,9.649367056607906,8.698997935342549,4.212299075416666,9.633511333177006,3.9858771435913716,3.4793225986757155,3.9858771411565286,1.9446158688950754,35.20632830967335,31.588784345206644,18.015419152233545,34.00830019948629
1025,331767755636686.3,-1.4477974255100088,7.449581530986274,5.4183726479498,-3.7131956879991654,0.4546641475995966,1.7754531993386338,9.121266307439234,-29.418068742055226,-18.512311546586698,1021.0740030132988,1317.167715498927,1.0,9.324759756914691,7.588964512509279,5.608464989403423,9.211678844752585,4.1408665479015205,3.740927920247604,4.1158299625248596,1.8327448131571014,35.93502395103418,30.79967966657304,20.637421782992014,34.7581421728805
1026,331767788970019.6,-2.5922559426980043,4.929454081669706,6.915853984410369,-3.1348848675342564,0.587022169477026,1.232061501932515,7.44539679843112,-27.856295837813917,-20.746091709906526,1021.0787944676947,1334.933312675844,1.0,8.879659044660894,5.569498039836557,7.385717785438183,8.492853105816378,3.4190749779285317,3.18937269069527,3.3683050154698693,1.3647602617316048,35.52192945950078,28.83413170688338,22.041648185241066,34.73288843502166
1027,331767822303352.94,-0.5766960039473937,4.037297074296447,6.378659740033071,-1.974307275832778,0.450880588307309,1.0641960258161665,6.464975011449117,-26.685767153967046,-24.836954186887795,1021.0855111565737,1361.7418916800773,1.0,7.570973915303784,4.078277325917346,6.404676288469828,7.548977927192622,2.287727192145408,2.0251376556467933,2.242855858223878,1.1557709488801264,37.024321246661245,27.45771422559438,25.664570816209352,36.4555134633612
1028,331767855636686.25,3.0638805016719473,4.082629962370061,5.7613344821171,-1.9367425859638931,0.4002338844791096,0.9538426724908228,6.399864337813934,-26.608715867824703,-24.27679597034056,1021.0788814467257,1397.7297706896866,1.0,7.697285635404134,5.104432499129292,6.525361196390362,7.061221029289005,2.1956718448884343,1.9776650390223682,2.1588857515279827,1.0344094963551294,36.58339577270804,27.367535944564846,25.106196170028753,36.01925294505939
1029,331767888970019.56,0.8486026313396509,3.6512333844134814,7.078848416129379,-1.8525146599871956,0.6508605218969283,0.777156162523918,6.84524595941695,-24.414594783697634,-26.470443085342968,1021.0988128780331,1443.0332678827317,1.0,8.01010153193513,3.7485506070176116,7.129531634297866,7.965023548363993,2.111729548351379,1.9635248876526665,2.008925649798015,1.0137016917776374,36.655343237125074,25.356061024872727,27.34120972779543,36.01050951578632
1030,331767922303352.9,0.41310108482116575,2.6457033908745418,6.4520027321313425,-1.8468616887436489,0.893302463101019,0.4008565022909699,5.466783990605894,-24.188293567021834,-27.966349170718868,1021.1079389714345,1497.6831479958528,1.0,6.985609364557668,2.6777600599690543,6.4652139764829695,6.973384091523666,2.090352439987176,2.0515573079812786,1.8898634958054492,0.9791196178257782,37.37747930001356,24.798372383775003,28.495656039798643,36.97553558263893
1031,331767955636686.2,0.4133309731527178,2.0001664826706484,7.3271895922082075,-0.6686394021173215,0.9067139760703379,0.06840729962071229,6.596769454361527,-22.5389153729234,-28.882040186884556,1021.128462830055,1560.580745623816,1.0,7.60652455277249,2.0424270982746107,7.338838451249057,7.59528625389217,1.1286666660739513,1.1265917115197903,0.6721296070738196,0.9092908187388011,37.2248884320506,23.484464512136533,29.625826783244577,36.63570596487281
1032,331767988970019.5,0.5703245909896034,3.5420949510530466,7.611914912210601,0.665888581172728,0.9805712441461532,-0.17528796720217701,6.645261488109453,-24.47221705414733,-27.10113990543359,1021.1344130157976,1629.9425599446658,1.0,8.415043399299677,3.5877160954237923,7.633250865117796,8.395694448525958,1.1981875641269337,1.185296404863595,0.6885735065932324,0.9961153729825708,37.114965875836866,25.358409015367073,27.90396538879798,36.51521863167718
1033,331768022303352.8,-1.297233018304898,5.654646996193867,8.633839411008001,1.4911394159586608,1.0804217456042882,-0.16247399894724787,8.211056482460744,-23.34216961902995,-26.10768349239694,1021.1487853474976,1703.97549309613,1.0,10.401972367316679,5.801538257681729,8.73075005247862,10.320766232535224,1.8485685560817222,1.841414648089928,1.4999648523080287,1.092569882757404,35.97067511766913,24.744258547827318,27.36845969172062,35.02096543304796
1034,331768055636686.1,-2.8811393386978987,5.862069506372605,8.454263073028363,1.9300204578310336,1.0055647816632283,-0.15260329060374986,9.682341713649745,-25.638263382603302,-24.59822022945024,1021.1661875278139,1780.868100044317,1.0,10.683603647389166,6.531831503226038,8.931714728816832,10.287780275915429,2.181611161978876,2.1762673314112235,1.9360440934930705,1.0170783128277332,36.82581606417099,27.40562515863521,26.43520719639657,35.530170105591566
1035,331768088970019.44,-2.814078274044475,4.708653657072108,6.4528196714614765,1.9363557931797428,1.0233663618046087,-0.1543308325991821,10.877005350301655,-27.348448162224006,-22.101591472537272,1021.1587785730145,1855.14005402373,1.0,8.469317416835187,5.485476806505307,7.039738506851609,7.988135012295344,2.195579758092315,2.190148960288764,1.9424962712117384,1.0349380253734801,36.806619077161606,29.432072001005032,24.633099500660148,35.16273542403643
1036,331768122303352.75,-3.585836797354103,4.843880967019611,6.185687636166236,2.9791595205483876,1.1155716507810085,-0.4157574936519008,10.334495214138592,-28.0284332249676,-16.059120861203386,1021.1696339594928,1913.2310946119887,1.0,8.636210968482267,6.026724513358277,7.149892101946613,7.856584140380263,3.208230953411564,3.18117769967356,3.0080302096890263,1.190526942808929,33.91592875349662,29.87297876639558,19.09704569209047,32.30307155490335
1037,331768155636686.06,-3.5588120553212805,7.072628251448048,6.025081355003804,3.490661540487947,0.9996315045312167,-0.5944645679228403,13.590804028826756,-29.245910281371497,-14.870215906495131,1021.158699765733,1940.5039086766346,1.0,9.94931248693575,7.917525726404755,6.997624495463768,9.291053531090839,3.6793164117276898,3.63097523195808,3.5409188232374627,1.1630353680636858,35.51276592215517,32.24954607953428,20.145304049722217,32.80924548495152
1038,331768188970019.4,-4.534750603738456,6.195149396065463,4.471850761205128,2.9392867966895313,1.0759748163567902,-0.8178817404587125,12.828698673655547,-28.243428007074005,-9.285561468507103,1021.1687441442375,1922.3211830852133,1.0,8.88489101273434,7.677489112833476,6.368784206471215,7.6405055637739805,3.235128934061702,3.1300365299190096,3.050956803130647,1.3515370312388044,32.38037039682603,31.020424485332626,15.836576695892182,29.73067233306701
1039,331768222303352.7,-7.20123558395603,5.031280475257368,3.667673403697545,3.204138303442579,0.9044317696148888,-1.377811716304561,13.852896498760408,-28.609090858604294,-5.336831678212498,1021.1486698691448,1846.894217102075,1.0,9.519632626973106,8.784735463082571,8.08143688534563,6.226203611904798,3.6031741866114007,3.3293391376482826,3.487816995367447,1.6481389357317056,32.23142245577778,31.78651948800378,14.84535327188076,29.102609025952436
1040,331768255636686.0,-6.88193505426081,9.491372932767261,3.4527946359975004,2.098613768057264,1.0369748066672004,-1.639067404780337,15.817010812458353,-27.090208997645362,-1.765255803314724,1021.1594849117407,1730.010337873714,1.0,12.221660322489079,11.723787367567306,7.699533809876859,10.099898561235163,2.8576281169101296,2.3408324367929425,2.662840908671199,1.939551161242164,31.419315438574827,31.369686874075267,15.915211562921831,27.14766199117784
1041,331768288970019.3,-9.388418659450277,4.371012866749882,2.3883723031201454,-1.1525045435296688,0.8477895683165425,-2.2015562141170726,18.334536736937086,-26.439389217124756,-1.9087443096451393,1021.1416426194098,1602.9281920466544,1.0,10.62791045618651,10.356068675245794,9.687452048058125,4.980971365065699,2.625616811136076,1.4307389262206014,2.4849781662570054,2.3591517365493573,32.23103852456993,32.174470306948464,18.43362531347804,26.50819886401593
1042,331768322303352.6,-9.731083230141612,3.044055067137605,6.2860366280737185,-2.4735977945223366,1.2291482713761541,-2.13623477795831,19.923834746481482,-25.433059111059347,-2.544923701770551,1021.1415235434133,1497.0775797453634,1.0,11.97808451185722,10.196090039015418,11.584827893474625,6.984305816704373,3.4918462951068374,2.7621534211721035,3.2683612217171403,2.46461041537716,32.40796697418052,32.30788892440578,20.08571202753182,25.56006909995496
1043,331768355636685.94,-12.095354039802583,-2.6585159965589256,8.231695589864767,-4.344035279982096,1.029427682189898,-2.445106200740483,21.98656968058714,-22.06218760831049,-6.125884296961642,1021.1385898377774,1443.7522224285542,1.0,14.870309644937707,12.384074315512176,14.630734828858314,8.650347946074698,5.090079390293196,4.4643436098253,4.9848958711921645,2.652972990016752,31.74391007427037,31.147220877368863,22.82401596430994,22.89686835538979
1044,331768388970019.25,-12.785332288137464,-3.9232607953608922,12.880442402715925,-4.9422483235393955,0.7300138453831795,-2.950970625757984,23.519381043102765,-18.19230275732476,-8.481801981598053,1021.1290434762203,1455.0851090677145,1.0,18.567781059571672,13.373731602903737,18.14856793820859,13.464686099501101,5.802324218799357,4.995872166697133,5.756218040138371,3.039925632073522,30.920254350827523,29.73417502243551,25.0020449064812,20.07239010355286
1045,331768422303352.56,-14.165728547085132,-0.7702505486549828,14.531885708292942,-5.1891963620304855,0.18357410957922743,-2.7549974157471677,24.710116414770706,-14.30772823111011,-9.640815492228485,1021.1287968286922,1504.4505591472657,1.0,20.30854139066355,14.18665398102759,20.293929326490503,14.552284636667602,5.8780497699655285,5.192442425046062,5.875182520099609,2.761106701031559,30.137124343938634,28.553475101409738,26.524237530732403,17.25272182846805
1046,331768455636685.9,-13.822803725246452,-1.0783589507480404,11.566601014166192,-5.228677116884388,0.09443405624353687,-2.2637026400790674,26.717779880679675,-10.79381443290823,-11.682825394601885,1021.1387951630174,1560.5461859037764,1.0,18.055996784289036,13.864802950397298,18.02376658325328,11.61676017861989,5.698449949443268,5.229529824334979,5.697667420561801,2.265671519368937,31.09396406001114,28.81572820118398,29.160387016519625,15.905811491804267
1047,331768488970019.2,-14.439213250559098,-2.5848874070898105,8.091662548795785,-3.2283335570422764,1.0108245087296426,-1.5488605663296682,28.01085716034082,-8.622529440167725,-13.181095592353278,1021.1494281642284,1592.0696025738157,1.0,16.752537867619854,14.668760077199876,16.55191475626629,8.494506796213408,3.7206011338095384,3.3828839387383307,3.580657287350508,1.849522976710369,32.13560974710657,29.307953405237555,30.957218865262615,15.750850610723035
1048,331768522303352.5,-16.514012718891216,-1.2964646019495085,8.346416815698657,-0.16674763814928192,1.9518483893339815,-1.7029251494700017,28.194935665318944,-5.793124109926427,-9.688581095441945,1021.1401213945117,1570.650898953277,1.0,18.548749559072338,16.564825279604037,18.503385899371988,8.44650780651302,2.595663879332501,1.9589581184328628,1.711069501664322,2.590302337497128,30.370763700760637,28.783931005414896,29.813134702919605,11.288440574143353
1049,331768555636685.8,-11.366266869477167,3.5824046507839244,2.2722040385090496,0.7657070776656515,2.55558026264015,-0.09974055250699317,29.6134566890752,-6.021667698258322,-5.367711704770295,1021.1385223733561,1498.815246421039,1.0,12.132129113339893,11.917451305968594,11.591157566903796,4.242232227798842,2.6696902414695174,2.6678264200624393,0.7721758262220285,2.5575258858143153,30.692501167052328,30.21948541825258,30.09599883740795,8.066772019449646
1050,331768588970019.1,-11.687960367642543,6.085486250116515,5.843934903602549,1.497051239630986,4.277813691706545,1.1260125761282254,28.9718326111198,-8.04908424779027,-2.7737729616319506,1021.1386691400967,1397.6009634627142,1.0,14.415031585587458,13.177312338103699,13.06751670031942,8.437103653381373,4.669984659143065,4.5322017160572905,1.87325031314013,4.4235273597606355,30.19683192848963,30.069167631891148,29.10431069943807,8.513611082889913
1051,331768622303352.44,-14.450302283419843,6.616983786682089,8.121149668451215,2.78396607980917,5.128721042015172,2.5969100495207718,28.113134823656036,-6.050457304492143,3.913851236997782,1021.1387582214468,1288.2969997278442,1.0,17.84793496326137,15.89325990838325,16.576016047880564,10.475569023714126,6.387345964141852,5.835601653671816,3.807152339850615,5.748714754804866,29.021967795307972,28.756849326839408,28.384266436151048,7.205988141735414
1052,331768655636685.75,-16.119043979032636,5.695232531345579,13.252568945668497,0.4317919452694313,5.950877462941697,2.142950962230582,27.868567315701927,-12.25445516872409,11.124585108622608,1021.1287903041123,1192.1501975008307,1.0,21.63076133759009,17.09559160672965,20.86753848583213,14.424501975659124,6.339686560822384,5.966522174847502,2.1860199245488445,6.3249649331417155,32.41273067100435,30.44386170826688,30.006889843314276,16.550772348179297
1053,331768688970019.06,-16.47004837194444,0.018547031457580077,11.391640599144141,-2.457285226700895,6.17078408044004,2.6156452504048078,23.028586869897698,-13.306791512512577,16.140910332528293,1021.129773342199,1121.035981011899,1.0,20.025791193024926,16.47005881490912,20.025782604289372,11.391655697590451,7.1385171379453825,6.642049898395427,3.588850897059907,6.702251580131669,31.111340375249345,26.5967387771866,28.12196293979393,20.918883496023284
1054,331768722303352.4,-15.635928335669892,0.9695038642929177,7.893058965494048,-3.1175776447702614,5.877403892646235,2.803496540438779,21.130131684988534,-16.924759417452712,18.42566119279247,1021.1288071248631,1065.698199763144,1.0,17.542023044502294,15.665956487271485,17.51521152458544,7.952378108191592,7.2196093897604054,6.653056958155733,4.192717880256612,6.511794635086807,32.74805241163494,27.07267896539998,28.03546781162274,25.019042182510358
1055,331768755636685.7,-13.628384311034942,2.385108020671791,2.7787885919702915,-4.631825583985837,5.8170231536341825,2.7226223319709595,14.82829745931569,-20.993383202839087,17.12140287436364,1021.1396787515929,1013.9866262768502,1.0,14.11181296780823,13.835519477039389,13.90879308093005,3.662022161202352,7.91860082166849,7.435829920754099,5.372753540133097,6.422649821721807,30.882729481531616,25.70215056844844,22.64996339794428,27.08993493324622
1056,331768788970019.0,-17.72074488048503,1.823503823347758,-0.04123649527607229,-4.432680796496148,5.608974983357705,2.651047750620283,8.906948315849325,-24.702263946471444,18.15667676765751,1021.1193952577195,953.7510330753024,1.0,17.81436683583065,17.814319108879808,17.72079285945691,1.8239700223157576,7.624782854850829,7.14907402448445,5.164950456654409,6.203922512411115,31.924919477228883,26.259009356454293,20.223714781078304,30.657246375471114
1057,331768822303352.3,-10.950261938223285,3.7494966146184314,1.8503413559358715,-3.8555636486077045,4.651146340497713,2.953148188311103,4.8046953234778895,-25.53456518177976,13.11241078328639,1021.0789576271156,874.952848361385,1.0,11.721378950969175,11.574409763730358,11.105494119992509,4.181206524021706,6.7245533347067425,6.041401603038025,4.856588851301941,5.509468804054563,29.1038559768917,25.98266953517305,13.964970952389963,28.70451768576167
1058,331768855636685.6,-9.66137668832412,1.634148927558078,3.3491690952577713,-2.260158224875393,4.620568479629354,2.6215508063475497,0.6738552252420044,-28.504301248204186,12.615151738733594,1021.0546475237027,789.5588508211129,1.0,10.35517145487035,9.79860409605021,10.225416037615414,3.7265770280606003,5.773257044916473,5.1437309685107175,3.4613355560727386,5.3124553367728,31.178379109636758,28.51226526449557,12.633136358634747,31.171096275871466
1059,331768888970018.94,-5.779915026996051,6.052375605425232,2.8281026257427735,0.871762874994164,4.30349172103105,3.127457372099535,-3.5628332111134986,-27.28652764238006,10.23955900925706,1021.0391252309174,722.611879845624,1.0,8.83384585841152,8.368910812551487,6.434716946457546,6.680525049042149,5.390825643396437,4.390900989910941,3.2466844818241607,5.319871296120097,29.36148735967989,27.518146217879295,10.841694941026093,29.14452194636976
1060,331768922303352.25,-6.386612496944302,13.171793931393726,0.2932994415815342,1.5640681195931827,4.653859616910239,3.4004254148243676,-7.69885135835848,-25.313304313901256,13.666899096218636,1021.0278882331103,699.3274635446262,1.0,14.641413836090344,14.638475827668183,6.39334370643071,13.175059010628097,5.9722367182169815,4.909655631165558,3.7428868650429745,5.763792357093669,29.77952011756556,26.45818753290312,15.68618637987959,28.767125441976187
1061,331768955636685.56,-5.180986526601888,20.900503514431023,10.376437710324266,-0.6468399550349421,5.706093220346297,1.6661097162118859,-11.351692588815887,-26.082032351378103,9.465696401001159,1021.0390132792518,744.8345462722609,1.0,23.90280586253031,21.533083117509527,11.59797745061913,23.334556064193357,5.97945008785651,5.742638920105597,1.7872670516420475,5.9443604723921,29.978871635957844,28.445269135821363,14.780403681459578,27.746564110431045
1062,331768988970018.9,-9.556736769876908,12.493064379658453,0.910968210776435,-1.3502451929563974,3.9987544280212868,4.613904430579878,-16.570670814576047,-24.208993705615978,8.044055462102584,1021.0072657310141,866.1763434877573,1.0,15.755562140528449,15.729204534337017,9.60005628992677,12.526233299573184,6.253104281174778,4.220568570313922,4.807418868335324,6.105583597834402,30.419883888025918,29.337050081485636,18.41993375456125,25.51043324829934
1063,331769022303352.2,-9.174587533602784,17.67600544957108,7.048574291610601,-0.10441774490997113,1.7829119713194643,4.436660988969638,-20.161109478659164,-21.812004779182466,7.439774409048375,1021.018095313099,1030.1762293321574,1.0,21.12573370582333,19.91517574778104,11.569591866444274,19.02954461351139,4.782639323006847,1.7859670105929566,4.4378895656040305,4.78149932850767,30.619995609978297,29.702422256401228,21.49001113699133,23.04590626867622
1064,331769055636685.5,-7.795066893835612,13.157564522586592,11.231069121024344,-1.8369446412864299,-1.1209036618111843,4.434768575899261,-22.493708566089236,-19.27481375640585,6.020002809224456,1021.0283453577011,1198.235939286917,1.0,18.974232149065422,15.29328519466636,13.671136802789976,17.299087194625496,4.929296395632567,2.1519271907322173,4.800160199090702,4.574231885338268,30.22789778041733,29.62237955330882,23.285346441039408,20.193040364620742
1065,331769088970018.8,-12.030305267954699,10.664446022577481,7.697706313409382,-1.646045535500942,-4.407157875103798,4.555329466627592,-25.17546461837665,-16.711249360728182,8.146661805290998,1021.0239462116037,1331.7572088334935,1.0,17.82451503677309,16.076649334007605,14.282259181504907,13.152379687948919,6.54855197662488,4.704519788568437,4.843603251141468,6.338301593141104,31.295973742917152,30.217046082427924,26.460765622349665,18.591233250277543
1066,331769122303352.1,-18.147149628011494,4.791456562699479,3.8486451043925634,-2.0137950092154524,-6.972210661061995,4.509867574740871,-25.90762922155427,-12.687154905361949,15.464835814643944,1021.0088217937907,1395.8470096101867,1.0,19.159571100451036,18.76904620948208,18.550771109606266,6.145740405500443,8.544354708406404,7.257209645681155,4.9390561730800515,8.303651428373282,32.73118235334734,28.847342190818594,30.172278645396123,20.00312591488
1067,331769155636685.44,-20.53895561973358,3.2152558816931593,3.894431070475847,-2.2553098235381404,-8.684853970237283,3.9357331168904657,-24.437014808120963,-9.527947379457066,22.592526762143237,1020.9887502313356,1395.0539822555334,1.0,21.15072485038836,20.78909734293791,20.90491069849554,5.050194426697858,9.798117474897017,8.972909833743675,4.536123627893752,9.535024050925863,34.61750625761747,26.228790936641094,33.28047412869116,24.519462611645082
1068,331769188970018.75,-16.93938438792766,2.171318840661901,2.167270512482866,-3.2619389552554665,-9.463921983693186,3.0000097143539315,-20.20381889840453,-10.134448306846036,28.10112120810344,1020.9894867690361,1357.7483674752862,1.0,17.21494787747144,17.077979065152316,17.07746482696554,3.0678472879351553,10.450173364469237,10.010297950672813,4.431738263258683,9.928034931427726,36.0634767280719,22.603126787319994,34.610219751282266,29.872730970513146
1069,331769222303352.06,-14.54582993201197,0.9625008765455945,-0.731509036565911,-3.8742002771623376,-9.458916039900773,2.009751946318111,-11.083291458682305,-12.9584961258455,29.93075487465643,1020.9986041008722,1312.6304330669204,1.0,14.595981701103353,14.577639601402087,14.564212092715243,1.2089306878099444,10.41727523506921,10.221571329177175,4.364462243311789,9.670066987132072,34.447235865427906,17.051743940185503,31.916914589679084,32.61552865140043
1070,331769255636685.4,-13.517424350239532,0.5531482306886881,-2.4063304930257767,-4.639261716771355,-9.256934288947678,0.6614486291578631,-5.557797216795166,-14.170089545886318,31.452805315936374,1021.0113743318313,1288.3497367188077,1.0,13.741075666454513,13.52873734054892,13.729937636643303,2.46908878065972,10.375504614022894,10.35439914754089,4.68617792723613,9.280535906881136,34.94223103758041,15.221056061964058,31.940070008458207,34.497397002971574
1071,331769288970018.7,-11.982949821306208,0.6368520023084592,-3.1070008257919275,-4.9967805793863995,-8.813740751744323,-0.9074068161619832,3.20588991649577,-19.326359973749003,27.372764185897726,1021.0188839707758,1300.4414889596014,1.0,12.395568604314144,11.999861119729127,12.37919789612454,3.171598115196188,10.172179182825522,10.131625841763585,5.078504040418823,8.860328050866729,33.66086955454927,19.590454818396044,27.55986119945916,33.50785592979194
1072,331769322303352.0,-12.420820665592583,-0.5459922778904804,-2.502833643890659,-3.568202956661508,-7.3921711339903675,-2.6397821895878963,10.445056135221556,-22.51048017270899,21.954023983878017,1021.0286349157935,1333.9249878623345,1.0,12.682234417614223,12.432815191030864,12.670476007467231,2.561695496445085,8.62233822246575,8.208304722299749,4.4385270471625375,7.849372209461461,33.13306632894917,24.81573926510863,24.312103297588646,31.443614402460412
1073,331769355636685.3,-13.584470138688788,1.742215961407475,-0.2058588132793118,-2.073514666614397,-7.205512383591966,-1.4657011852190251,16.316868615039738,-22.021255371065465,15.807079691692156,1021.0086779580133,1369.4885719159681,1.0,13.697281600964299,13.695734569752378,13.586029839505438,1.7543358592891327,7.639839772345663,7.497924498337002,2.5392406418095685,7.353073416908717,31.639210766036104,27.40758817404677,22.717921775109083,27.107184591860257
1074,331769388970018.6,-15.161259981454043,3.018942101831936,0.28783721291586994,-2.1295903501781517,-6.342651957211814,-0.637190118175266,19.18667093223451,-23.76765462426658,9.572661644108969,1021.0074812301029,1387.8205796094628,1.0,15.461586784692976,15.458907323593516,15.163992036610248,3.032632795996344,6.72089280948558,6.690619471311663,2.222873434604884,6.374578032860141,32.010398291068924,30.545535644350274,21.442112592150234,25.622982989710927
1075,331769422303351.94,-13.997001546802602,11.904592659350042,0.6485867109741983,-1.670066720447415,-4.8306066983,-1.2928117264529644,20.30599152379699,-22.21432923757068,3.9573073807733494,1021.0090604592393,1371.8840812653227,1.0,18.38630042743503,18.37485724260859,14.012020447560257,11.922247737180403,5.272119695574172,5.111152895815856,2.1119860347076824,5.000612285882111,30.355724286296084,30.096672826737887,20.68800554597853,22.564057817270164
1076,331769455636685.25,-24.636775376612597,22.67721173502393,1.9932717995758564,0.16812752712396245,-2.9839645091919387,2.391038665816264,18.400175344669627,-26.164650503442914,2.5678784100334324,1021.0086609893282,1328.8250407462165,1.0,33.54399745855816,33.48472238249516,24.71727803429514,22.764645056360784,3.8274504515306695,2.9886972174333595,2.396942378699421,3.8237560190924196,32.08970844695569,31.986800225747864,18.578494348124764,26.29035822304503
1077,331769488970018.56,-8.710088320845534,26.855905345181416,1.6183317133353523,-4.505592070488023,-1.027728528626372,0.20405663329015378,16.86726310593611,-26.111882055718397,-3.4644270303539306,1020.9889291905472,1280.3807894626655,1.0,28.27939688184068,28.23305315523409,8.85915549537972,26.9046213399061,4.625821542578874,4.621318625046002,4.510210528925923,1.0477905507028777,31.27838237225942,31.085928475382907,17.219373372266496,26.340703087434765
1078,331769522303351.9,-2.1447921314705507,17.366872872154147,-2.857700892941349,-4.062606408991161,-1.0390044845740691,1.9357651012670265,14.943922062244798,-25.38484219150699,-8.452713701237633,1020.9985862378271,1248.4902295637212,1.0,17.730619307804773,17.49881157806957,3.57303619919191,17.600418397046173,4.618602351428884,4.193363942390534,4.5002174793735685,2.196979027266389,30.64570750701068,29.4569350016284,17.16884316188884,26.75515991360926
1079,331769555636685.2,-1.2122657940738564,9.673520710635932,-2.5516964712183063,-5.892343332154397,-0.005647054174376782,2.9643503100839426,12.411716977103422,-26.29973140419147,-16.916820278355907,1021.0387667065422,1255.055998289878,1.0,10.077586326884617,9.749184134817838,2.8250209267737247,10.004406919969332,6.595992313071627,5.892346038141788,6.595989895753263,2.964355688866573,33.64380178550762,29.08137875432202,20.981647376931843,31.270668049512608
1080,331769588970018.5,-2.8011539173003155,8.220654983346382,4.540310527427333,-4.254149339374132,0.530611936462627,2.1846447994995217,10.66965520965919,-25.377088674788602,-18.762541208787095,1021.0594890333776,1312.408451909553,1.0,9.80000261781047,8.684793124975666,5.334874220998501,9.391144128416153,4.81165340904707,4.287112738057396,4.782306922571749,2.248159675622914,33.314728342169104,27.52886070837461,21.584125993526847,31.559936346886346
1081,331769622303351.8,-3.7404935478630925,5.64293609677658,6.7952412139590646,-3.0780530139754325,0.6958854843315885,1.690042342295337,8.915605112276783,-22.692525371385152,-22.12449945966957,1021.0857519893643,1410.5118284748426,1.0,9.592149025624936,6.770082700669877,7.756712908023172,8.832781608768098,3.57979190497126,3.155735566258151,3.5115030222960586,1.8277034021018068,32.923125589620646,24.381114048562562,23.853332908819574,31.69296742294539
1082,331769655636685.1,-3.400717089741177,4.777145508295498,6.366695065717492,-2.9818773971326604,0.6034819541494216,1.7174117465694367,8.23181476438025,-23.226067609857257,-22.064553813065285,1021.0797163651749,1536.1412499442908,1.0,8.655680330957065,5.863957361022124,7.218010999180395,7.9596435389569615,3.4936065015638693,3.0423318820461804,3.441089350596019,1.820355343398285,33.076540416167816,24.6416921280323,23.550102107734535,32.035835428271795
1083,331769688970018.44,-0.6587192778359157,3.437101232288646,5.684668079073529,-2.4938052426955424,0.609990024227936,1.6310166721946568,7.907756923872173,-20.10159773136888,-25.045798821287875,1021.0968939216737,1676.0718382764405,1.0,6.675554444181421,3.499653692580567,5.7227058509266575,6.64297493975686,3.041606122286432,2.5673239799747463,2.9798120701602486,1.7413509739953432,33.07414230962381,21.601084484831375,26.264513286247535,32.11489171630818
1084,331769722303351.75,-0.5276156657670877,0.47204678302902403,5.385770663893434,-1.1914191027645844,0.7636603598685798,1.277063933544717,7.292313713928695,-20.74849158630534,-25.544893931834213,1021.0993815342047,1817.3824054174268,1.0,5.432101996482211,0.707959360508001,5.411552821031869,5.406417835260532,1.9061870091960236,1.4151525089780876,1.7465313535098856,1.4879749445455437,33.707852918837716,21.99267474431739,26.56538057869702,32.90959600322745
1085,331769755636685.06,-1.0564006273268298,1.674636061276888,6.760321693869293,-0.33704858485222355,1.0747601176455224,1.0234355482336623,6.110359171761189,-20.986193237421894,-27.498150310200913,1021.0790297373255,1950.3761522379518,1.0,7.044312431156449,1.9799970260446071,6.842363019455801,6.964650410632881,1.5218841547307866,1.1263707467047888,1.0775073410140756,1.4840921911625822,35.12698487329565,21.857648450973368,28.168861526343743,34.59145237021445
1086,331769788970018.4,-1.7535826966480106,1.3303960684972842,7.5439600890868155,-0.2609308884325277,1.1678715625888658,0.6102043007184831,9.324890999142442,-20.332067501424316,-27.149879573992486,1021.0832319205299,2067.299880963281,1.0,7.85852020413456,2.2011374271172484,7.745087869076635,7.660371239359603,1.3432640112268623,1.1966657491722354,0.6636521808549424,1.3176772272901631,35.17758550427612,22.36842777283112,28.706611660524864,33.91915284562351
1087,331769822303351.7,-1.8860044807877645,1.7473861307175278,7.941129559463016,0.7402602426815043,1.0627076512138085,0.0984915515583255,8.112631927407106,-20.053112149707104,-26.00262659568742,1021.0888036197266,2160.427166376538,1.0,8.34697010127344,2.5710642137790916,8.162018842279696,8.131106749391575,1.2988584851982974,1.2951188280784314,0.7467836451230342,1.0672619817442837,33.824232342406034,21.631969482188065,27.238784603288302,32.8369288570579
1088,331769855636685.0,-2.7020238615716816,2.276330046599045,7.6993629804022605,1.372348468583001,1.185060867010699,-0.14536116362572862,10.324897483334663,-23.033977455740768,-26.027147724643385,1021.1091278803585,2222.0378607453054,1.0,8.47129280178304,3.533073934911687,8.159725684880069,8.028814905391604,1.8190215627179585,1.81320422946293,1.3800254298790056,1.193942681375775,36.25713783730527,25.242179491338387,28.000284404301677,34.75595684356831
1089,331769888970018.3,-3.8783782403080673,3.9601639445360326,7.195203361738322,1.6502274439451279,1.2911428241649818,-0.4969320132195961,10.07253502677085,-23.624534990616155,-22.947784652004295,1021.1094811105047,2245.885009722552,1.0,9.08271257165329,5.54298802474787,8.173907828674455,8.213029275752865,2.1534256046831235,2.0953043714798083,1.7234245102446903,1.3834707145997729,34.440897720923836,25.6821847861192,25.06106107690354,32.93507968652286
1090,331769922303351.6,-5.505727321918944,3.0468455131970464,6.888458539918851,1.7571508722426905,1.5138086283982195,-0.6059712041743607,11.802690784303906,-24.591476570821136,-20.640605317114932,1021.0987008572765,2229.0813767390578,1.0,9.329906858098568,6.292559171323995,8.818383888190947,7.53220609366671,2.3971643355274312,2.319309326337508,1.8587039269641017,1.6305881342943174,34.206414859497485,27.27717415135111,23.776839520987764,32.1056896482564
1091,331769955636684.94,-6.952642959265772,0.5663958848735761,4.302135920088103,2.554581549882057,1.6213107712333565,-1.0363942817038285,12.654737296151154,-25.10665648797317,-17.647067211279495,1021.09267784353,2169.2058226837376,1.0,8.195634319095864,6.975675481086375,8.176039236325876,4.33926004905376,3.1982258549176152,3.025646296564606,2.7568097508073,1.9242561482468221,33.1949628287049,28.115593112002532,21.7154635500607,30.688160276636022
1092,331769988970018.25,-10.067007740786071,0.6363192381504829,4.179668669986951,4.246391872351037,1.7645813691428032,-2.1830575041916527,16.38852774462391,-26.16745966561206,-13.232599567601744,1021.0697476869896,2063.8372084455063,1.0,10.918753464418801,10.087098047797845,10.900196101167959,4.227828327133317,5.090317417264107,4.598433574805102,4.774681560080885,2.8070424782915873,33.59198532841183,30.875877104751886,21.063844211178584,29.322988194724083
1093,331770022303351.56,-10.322367018571986,4.601100838532176,4.732501402158466,4.450107125969589,1.4750584206104602,-3.196134786990731,19.662851002988354,-25.406728708437075,-8.693258258007045,1021.0845926499104,1912.3649713529746,1.0,12.252263436356404,11.301388843520261,11.355519820225517,6.600507438657526,5.674022237657464,4.688203363423897,5.478935207612661,3.52009586813003,33.28216207475483,32.126773464352766,21.498847613444955,26.85283230507591
1094,331770055636684.9,-13.236642627915158,6.5084942320568535,6.783868731301878,2.0680220630832915,1.3635074335334778,-3.844116860707583,22.263950924119115,-23.420428635009706,-2.546477396028961,1021.0885443564583,1732.418050808117,1.0,16.23545749867842,14.750227294108319,14.873788455624748,9.401136746811668,4.573084540381541,2.4770683831296068,4.3650830109146375,4.078772727191033,32.414264380479985,32.3140834343041,22.40910658370991,23.55845972418547
1095,331770088970018.2,-12.903902838356565,2.053840703514775,5.5857742494529194,-2.112349309858678,1.0958473723042867,-4.172492539395283,25.48395390807151,-21.031169184186528,-3.046078718011079,1021.0987612600379,1552.1834125261832,1.0,14.210202111969133,13.066329633725022,14.060995072454793,5.951397785500932,4.8033941189075815,2.3796850779560397,4.676720389137,4.3139976187633104,33.181630152825676,33.04151909405181,25.66535607282769,21.25061582190495
1096,331770122303351.5,-13.50193516696863,1.5047415024342152,9.142225217376556,-1.9893572880181611,0.8692262138728233,-3.605881621989011,26.563017346592254,-15.316854287788058,-3.5380980065954644,1021.1001473567388,1399.9768450452784,1.0,16.37518800403244,13.585525394410487,16.305904917491088,9.265232264459634,4.208975992099831,2.1709667501541,4.118242913086729,3.709169244275837,30.866131168855084,30.6626795278673,26.797612357440276,15.720183293384533
1097,331770155636684.8,-13.626302784602553,-2.559216078254164,8.729078984402888,-3.4885055423965543,0.6353099573288283,-3.5602254538534757,27.779604445661246,-12.913115091469944,-4.274251366701868,1021.10692451568,1304.01392250751,1.0,16.38360566019599,13.864548839138687,16.182488915293945,9.096505199863229,5.024788049607547,3.5458834810541413,4.98446348182005,3.6164656813175133,30.930958427903647,30.63421232091582,28.106505437409947,13.60212358829685
1098,331770188970018.1,-13.991493885748978,-5.962804572227122,11.593080992862069,-4.779164608980552,0.4521856735794879,-3.527570703127322,32.092107949353796,-9.097029516457056,-6.04399684827579,1021.0986794971013,1275.999800199418,1.0,19.12371476540537,15.209107124401607,18.17034474251963,13.036662351753705,5.957234367446438,4.800508956675611,5.940047931228706,3.556434583814628,33.89969375316296,33.35654866223824,32.656290213907404,10.921805891209502
1099,331770222303351.44,-16.18247536596676,-5.805405013070363,14.463459905568497,-6.186313879788612,0.08226538238034886,-3.8176509748170844,31.94789175728803,-2.466315209633498,-5.220089687848427,1021.089599602235,1292.894055438321,1.0,22.46701824399248,17.192301659053783,21.704013025477764,15.585069772245808,7.269917879723625,6.18686083667666,7.269452412994191,3.818537227612168,32.46536361721278,32.04294771784678,32.37154806438169,5.773391296495588
1100,331770255636684.75,-16.559185907600632,-7.510720096368051,12.968483353778758,-6.608757734982823,-0.6540313232544835,-3.394309119938306,30.398232382056843,1.5939158300061484,-3.2616024687932246,1021.0945043891018,1327.2628892290275,1.0,22.333811022431956,18.182891802143747,21.033026373294835,14.986409738934261,7.458201537447862,6.641041768540031,7.4294692408941065,3.4567457779672446,30.61423117262806,30.43999178098893,30.572709768974804,3.6302366779016277
1101,331770288970018.06,-16.655606185262656,-6.899863239096292,7.169723206004033,-5.287317384326369,-0.6181693420808152,-2.636785639455344,32.38795627601472,8.388455443348525,-5.497415920977851,1021.0888011795741,1351.6725025763449,1.0,19.401604597751824,18.028237021871885,18.133233254146166,9.950529813479537,5.940580524370189,5.323331518709732,5.908330020491218,2.708278391141973,33.90527213089884,33.45662709332913,32.85119927103517,10.029345269421341
1102,331770322303351.4,-13.096117077438159,-4.69331931597292,2.1683198349346617,-2.4337457356300125,0.15049269854977787,-1.4744921112525105,30.954666044410107,9.93054484447438,-2.1253222177865676,1021.0898556761003,1341.351548255323,1.0,14.079671147232913,13.911704737653537,13.274407459941045,5.169995851860579,2.849542655262411,2.438394217105607,2.845565900105488,1.4821521644091338,32.577969018318036,32.50856919073912,31.027541708140095,10.155427880573713
1103,331770355636684.7,-6.74005921593083,-3.3258370598285234,-6.095203293041715,0.6207552051235243,1.8237839396229583,0.49461665389313864,31.539622183464402,10.33432304779639,-1.0578126557668237,1021.0803828609712,1295.9106692620123,1.0,9.676832827236892,7.515955719852463,9.087348426123029,6.943536226738895,1.9890124477798101,1.9265318276931183,0.7937144694387231,1.8896649154638723,33.206399502906,33.1895465520681,31.557356275365976,10.388320387382945
1104,331770388970018.0,-9.341463643488295,-0.18531291454149557,-3.072836762024022,3.0477252555829875,4.838227694663115,1.9352859656419434,31.091758450632764,7.431818973113129,2.769088149618844,1021.0897060838619,1228.0461426133784,1.0,9.835629600841816,9.343301551320575,9.833883707297941,3.0784195039568822,6.036754776180181,5.718135750305649,3.610257747353928,5.210928803410754,32.087337471064465,31.967630140528374,31.214824887108584,7.930938307002759
1105,331770422303351.3,-20.223777435937446,6.545678414560664,9.54756559290339,3.7309515407986527,6.355678392654426,2.930339528688493,33.222888891782794,5.440383875389268,10.288174889029909,1021.0907869377808,1150.5793004506547,1.0,23.302426664104548,21.25669493795256,22.364194207015938,11.575919603108776,7.931048920794556,7.3698471646732395,4.7441426151816035,6.998681131773946,35.20233892193253,33.66538464101279,34.77940322752836,11.638054788445581
1106,331770455636684.6,-20.336754148264145,3.051457223721248,15.17024762019047,1.1061505430949383,6.402986481713897,2.7916693109356463,31.639949900223286,2.2931368807992265,18.12263694342555,1021.0793642381961,1076.2848035590046,1.0,25.5544785376856,20.564410044422363,25.371637356403184,15.474101073926562,7.0721441197574615,6.497830784885071,3.002829759678216,6.985102248831495,36.53457097361257,31.722939750955003,36.4625341888335,18.267141170344477
1107,331770488970017.94,-16.840383136732623,-0.8356668176554607,11.7706130931031,-3.1690855474258006,5.9884814150716625,3.5404746482260316,28.448314472541718,-2.422267801441823,23.056492485221604,1021.0741665256694,1012.374362621519,1.0,20.563175236563275,16.86110444846597,20.54618788922847,11.800240320335028,7.644604214757821,6.775323819978038,4.751638027210651,6.9567859240736984,36.69844442686377,28.551251769940464,36.61841670593783,23.1833825621496
1108,331770522303351.25,-14.178758708185182,-1.8768124689607575,6.8637995011860005,-5.213649446864623,4.639834806790433,3.5843298505925003,23.587408107797923,-8.10001888596354,26.5003277068718,1021.0792446670291,955.3006498407287,1.0,15.864153527404634,14.302434182634217,15.752743954543865,7.115769012280245,7.845866941705312,6.9792698464163,6.326891893547751,5.863061274807937,36.390156577959026,24.93944921598665,35.47722071717863,27.710605813019736
1109,331770555636684.56,-10.45713900593016,-3.627408914511855,0.3721484972247333,-5.841914206930714,4.0089155091640345,4.063064878740898,20.689046261136987,-15.301289782926908,24.801168234145724,1021.0688621615459,900.2864551002688,1.0,11.07467137780678,11.068416852577702,10.463758917966938,3.646448948918208,8.16748806975637,7.085151033023562,7.115929862638945,5.707880497038609,35.738831122393584,25.73258836993608,32.29759404311512,29.141506735230802
1110,331770588970017.9,-10.333652964645612,0.8590399515425188,-1.1447782561641535,-5.895298007371024,3.941955804791748,3.3762971165053015,15.298674067214378,-21.808824994711603,22.90775914115401,1021.0884023301071,842.5545682837737,1.0,10.432298427856704,10.369297624818916,10.396869762073356,1.431246622400351,7.854485112441562,7.091794847754984,6.793667699750612,5.190221361931818,35.13459413077003,26.63971238329752,27.54659429192623,31.62894681330826
1111,331770622303351.2,-10.101342363492643,3.857524755061647,-0.456603971570746,-4.834217724041394,3.4018373967885243,2.7665593808430593,10.219179475214057,-26.716277803704067,19.644899701579735,1021.0583993109758,779.0456680187596,1.0,10.82248132210256,10.812844897639314,10.111656873695098,3.8844541988247974,6.526561842605616,5.911189277770157,5.569875385604841,4.384786024644721,34.70033448133396,28.604040428431205,22.14393175187649,33.16144725384913
1112,331770655636684.5,-6.717707506940308,4.637047910227443,1.811231411289197,-2.9982156113663643,2.449673641323842,2.52039239636777,5.919927651457084,-30.289550627389044,15.363682435257088,1021.0586321176069,723.4776673738611,1.0,8.361241935011062,8.162708341631891,6.957596810253008,4.978229860802467,4.619802553454667,3.871717680983182,3.9168449910494862,3.514723144241276,34.47528329947526,30.862637939872382,16.46475877047439,33.96320973024474
1113,331770688970017.8,-6.310801951276392,8.995988002090655,1.7859233965393138,-2.9542852977946934,1.8301935429085197,2.6941489167500436,2.0170217671617485,-29.842021406879407,10.5635986227255,1021.048835857262,699.0469261955584,1.0,11.13299347795998,10.988813466520984,6.558638856236898,9.171549624358228,4.397254644763634,3.475256828677547,3.9982796308401585,3.2569996607505924,31.72072247474671,29.910108967669327,10.754440602432672,31.65652946092949
1114,331770722303351.1,-7.981440867031383,2.5167270837461078,2.34373247367397,-5.929540810993943,0.8586672180126033,3.7174258813205356,-1.8562180407102828,-31.140070801414794,5.886222437548278,1021.0498744903683,729.0570099649289,1.0,8.690822483294305,8.368829878064188,8.31844217519558,3.439040145478836,7.0509587152134126,5.991390791838921,6.998479078510878,3.8153066160403495,31.745821292196574,31.19534508435168,6.171965651148352,31.69150712890479
1115,331770755636684.44,-5.987538356371054,4.8668750453156715,2.4556027268635923,-0.708379888200459,-1.7660233421806404,3.2552634063619994,-6.055155981638812,-31.830964403968352,2.0760805780969496,1021.028387634419,836.7101123166699,1.0,8.097349753339726,7.716028011595799,6.471522256872373,5.451280350421938,3.77059416484104,1.902798074188056,3.3314474197871444,3.7034549126358223,32.46822014548115,32.40177786555356,6.401173683687051,31.898595665851055
1116,331770788970017.75,-5.059386076090518,5.728704345109156,8.741506160029788,-0.3931611692633804,-2.5194649137606335,3.231267540451479,-8.747377397935411,-32.22712288378794,3.019083787852853,1021.0190280282546,1027.1818764515858,1.0,11.611605009060971,7.642999472760097,10.100065218243758,10.451410594724104,4.116232388320997,2.549956697022015,3.2550984045020663,4.097413009405597,33.529374101327264,33.39317386396028,9.253727803430746,32.36823004559941
1117,331770822303351.06,-10.084754932571881,7.902191086235042,11.781286822968063,-1.0365151389127405,-3.891813246963578,2.0264956621786947,-11.09353925500624,-30.020998414906135,4.574536565990185,1021.0279553093012,1267.0095057122667,1.0,17.405333240660646,12.811982907161774,15.50809470099644,14.186026334686309,4.508576122376725,4.027477372057661,2.2761916224308454,4.387812099221007,32.330378034037004,32.0051083271118,11.999708246284394,30.36752756846329
1118,331770855636684.4,-16.511416257116835,4.9168141710860205,12.274442755823824,-0.41501702502497767,-6.396239619738918,2.9064412720127653,-12.561986552218782,-29.839549218157075,5.055634913803278,1021.0084800829421,1517.7387589726884,1.0,21.153341896134766,17.227940341456215,20.573983857818543,13.222594547175234,7.037863402470784,6.409689571592251,2.935922342079191,7.025616139583563,32.768302489793555,32.3759510081317,13.541157650651298,30.264800378070976
1119,331770888970017.7,-16.36828029287773,12.149524077852329,9.429225041431314,-1.282981107039038,-9.503656399190083,3.970591289889947,-15.166642342930045,-26.86219874010505,9.047139226656926,1020.9846225469123,1740.9153951068263,1.0,22.459782277361423,20.38459062783756,18.889967830257543,15.379246411975744,10.379360320666956,9.589865769388314,4.17272521409798,10.299761169328955,32.14740252800799,30.84809169318679,17.660061385648493,28.344813446897405
1120,331770922303351.0,-12.779109019902762,5.259382107899539,4.153085430838924,-3.6718817378402084,-10.551765840049306,2.5810659195311443,-14.49387594071034,-27.95174977147687,12.814032921847346,1020.9881030691827,1901.0105807179743,1.0,14.429651627648552,13.819071151834118,13.437028910380697,6.701434081802217,11.466663818255117,11.17239803443808,4.488275479251422,10.862857065440776,33.99370816480819,31.486072398315407,19.34610760610231,30.748979739325417
1121,331770955636684.3,-9.914528074713175,5.8484338815848185,2.7509726663982774,-2.718269026317884,-10.32421686006352,0.501149291572737,-12.759914967171257,-27.93294570764859,13.884770752600113,1021.0208569436556,1991.6677811856696,1.0,11.835112860586309,11.510953297253229,10.289106742353594,6.463128459077671,10.687824422467974,10.676068577573819,2.7640797947749327,10.336372883466604,33.70239968797688,30.709361534813528,18.857419993777,31.193530014390856
1122,331770988970017.6,-8.257305671916468,4.278289890393397,1.098704946476771,-2.345224271821884,-9.596670133851406,-1.2593944316390773,-6.5693002007065155,-29.324462294425096,14.941853184487437,1021.0195868515167,2023.283674715542,1.0,9.364508204124697,9.299831253614563,8.33008100314015,4.417116360891444,9.959027506616374,9.879076603767077,2.6619825731183893,9.678954075332678,33.56097094201744,30.05128606206666,16.322214363062997,32.91174661794686
1123,331771022303350.94,-6.14246779864111,1.3527005063346744,0.23473220855249313,-2.197755339317137,-8.40105569136724,-2.6141048747903803,-1.815586623743933,-30.81818816124385,11.532724764104167,1021.017726308901,2006.454410952198,1.0,6.294029593743023,6.28965096942438,6.146951266040335,1.3729158275619142,9.0687049548077,8.683770221565682,3.415211974080059,8.798368088791054,32.95543683240643,30.87162250886967,11.67476317845032,32.9053865199364
1124,331771055636684.25,-4.111478759957032,2.2815235451158897,1.3233038677691604,-0.7869716425912354,-6.802015946327935,-3.22973792258215,4.805600857845109,-32.73424493985384,9.987692791668954,1021.0283540942846,1951.7712824527332,1.0,4.884745684981851,4.702085418247524,4.319188664556185,2.6375145143431906,7.5708620611465065,6.847389670549082,3.3242339590961416,7.529849134123789,34.55978296644851,33.08511132499434,11.083672988034138,34.22403832225389
1125,331771088970017.56,-3.3466544618703447,0.9036472111587982,1.9491984526253179,-0.24541899253812272,-5.194063718362851,-3.092416385340585,8.50337225202927,-29.618562974405943,7.499212427476239,1021.0497921146119,1868.9371372221194,1.0,3.9769396496689127,3.4665075175732363,3.872915012606605,2.1484768767552533,6.049922932784737,5.199858497335456,3.1021395168852988,6.044943094085854,31.714425729592616,30.8150387363935,11.337791967089332,30.553190663190396
1126,331771122303350.9,-4.304916973754973,-0.588034546653924,2.0134566799608185,-0.8710484459531663,-3.9760006994929675,-2.6447387653322667,14.626993242237631,-30.030502161542636,7.418805368804472,1021.0519093188182,1765.737836430381,1.0,4.788747496064185,4.3448929536850684,4.752506491631812,2.097568218232086,4.85406531624959,4.070295684291989,2.7844871219039007,4.775272212054493,34.21722759785024,33.403293121829805,16.40084157623222,30.933311060644947
1127,331771155636684.2,-6.342277737294282,-0.034793088613204445,1.118471500145492,0.13748530753736662,-3.0587015518293157,-1.7379596477672388,16.728306972930508,-31.0959436991599,5.179385880172493,1021.0487541725665,1649.7096806994032,1.0,6.4402388117702305,6.342373172243488,6.44014482706844,1.1190125359677403,3.520662030104414,3.0617899001975477,1.7433892127278605,3.5179765377884897,35.68781314143034,35.309969820461724,17.511775817327198,31.524335879397245
1128,331771188970017.5,-7.54371457747383,1.8843887807341773,1.7966002741282965,1.8426553248237707,-2.3100908950586074,-0.6990050631976595,18.802353382595314,-30.389523020136295,4.6652052935882535,1021.0585819653155,1528.3889706510727,1.0,7.9803711222189335,7.775509674828268,7.754701939558286,2.603592445440474,3.0365287200864803,2.9549786106728546,1.9707832768920484,2.4135301990670515,36.03908631675768,35.73585877120329,19.372471013149493,30.745524061604765
1129,331771222303350.8,-15.695305902374429,7.638775875027088,6.79295928253734,2.2960651256228677,-1.536548574152286,1.1866011302447887,16.058195557854315,-29.10865998826718,7.750428357303194,1021.0587714105103,1409.2488143637452,1.0,18.730665232506176,17.455472615715834,17.102249067982836,10.222289013870919,3.0068120699719807,2.762769730149615,2.584557467614091,1.941392222871935,34.13574183474746,33.24424357519417,17.830725848825715,30.122802426637467
1130,331771255636684.1,-24.75998378692716,18.747654239829558,0.1951893184418423,-1.9577454234358593,-1.2971746493926424,1.175830976551492,15.959133387940414,-30.78333900496936,6.0331484991205455,1021.0330182477173,1299.1269395603872,1.0,31.05751817990499,31.056904813987746,24.76075313876639,18.748670309284147,2.6264058520017453,2.3484950955901476,2.283713123052475,1.7507828410299662,35.19526643742569,34.67431179978836,17.061442474378154,31.36897896182323
1131,331771288970017.44,-7.451130087436061,20.288092100544315,-0.4662842082060611,-3.623089248815615,-1.0051972407720338,0.33455831199375263,16.259910198500776,-31.590006292467685,-0.20799641233784744,1021.0186674307427,1204.493826834065,1.0,21.61812761602831,21.613098358635753,7.46570562925684,20.293449732438077,3.7748015129094026,3.7599464354880117,3.638503122027987,1.059410570543743,35.529655778363555,35.529046950649516,16.261240486840325,31.590691034950364
1132,331771322303350.75,-2.0786413059308155,8.259242908147659,-5.798869781979933,-2.966303911305855,-0.9072172186588549,1.7458336767830571,13.217490194340725,-31.99915756583172,-5.1880241498104525,1021.0194106492831,1131.8154962629044,1.0,10.303530164117014,8.516797701865952,6.160165616854937,10.091678956652723,3.55948552505125,3.101935198559042,3.4419317426727485,1.9674801927391687,35.008052309996266,34.62149811837175,14.199212711150913,32.41699676870055
1133,331771355636684.06,-3.513561559883059,14.558716226248892,-0.027924401433850214,-3.188594073289105,0.4150122927403472,3.5287571131323494,9.25664294074973,-32.56666801236256,-10.24444505737573,1021.0279925955388,1087.5449831219926,1.0,14.976719025331487,14.976692992497732,3.5136725241950644,14.558743006476838,4.774043792302513,3.2154886669587266,4.7559708711993345,3.55307781600794,35.37261594077488,33.85665819244378,13.80703056656723,34.13995489102218
1134,331771388970017.4,-0.6139696375363126,9.293714813754818,1.0321101528454102,-5.004635855990685,0.7995440201629309,2.411482572719814,8.604794459865452,-31.507971623085677,-15.3132563621522,1021.0397618157625,1075.5505155441351,1.0,9.370984213135182,9.313973038141254,1.2009205150313018,9.350849501890849,5.612566159055704,5.0681012905471725,5.555324315429207,2.540574509576461,36.073405493669405,32.661824252446515,17.565258555157282,35.03210093919814
1135,331771422303350.7,-1.9950809692239968,5.757559410930023,5.353844093361847,-4.709087647150777,0.8732348206779867,1.9535889514765403,5.230522209694392,-30.71299610076974,-21.49258177038298,1021.0695018937423,1094.013660106601,1.0,8.111318328124854,6.093425838077349,5.713492333921986,7.8621331040891445,5.172480576273222,4.789367966714664,5.09823658335696,2.139871221213025,37.84940637881395,31.15520008075704,22.119887742543025,37.48625348901243
1136,331771455636684.0,-3.129573453516486,5.077776165141135,8.096685698648539,-3.8553350655503795,0.8408906876938501,1.649440692671652,4.5554810747855905,-26.961669153424346,-24.509242975926416,1021.0580858443071,1140.3588467412585,1.0,10.056558063618501,5.9647330857491445,8.680469417240918,9.557203047229622,4.2768399800499575,3.9459733420681626,4.193359401041543,1.8514188470714497,36.720389467085475,27.343811207683604,24.929007181910155,36.43672041761871
1137,331771488970017.3,-0.9719251356963614,3.460610168402983,7.5660428984778,-2.9771283420162034,0.5672407408452813,1.4921523120841582,3.3837574077100934,-26.318296181832697,-26.37288683701272,1021.068223042312,1212.010505379975,1.0,8.376482934302372,3.5945043061669177,7.628213657928358,8.319905521053737,3.3781020922063543,3.0306856027821247,3.330136887170593,1.5963334803645517,37.411651770895936,26.534930339250984,26.58907622148825,37.258312817847084
1138,331771522303350.6,-0.18616194593935056,2.070488573450298,9.011819439003116,-1.7269734630374467,0.977452834257627,1.0880689024586137,2.470279834271954,-25.54860365696749,-28.181379664983794,1021.0781938629339,1306.1858839272063,1.0,9.248484676102276,2.0788408315463154,9.013742057065443,9.24661086744666,2.263127332195719,1.9844020220796539,2.0411592976867445,1.4626373370373669,38.11854655023438,25.667750802912657,28.289440473108915,38.03841885045664
1139,331771555636683.94,1.783180025836209,1.5586486506567996,7.991741733535382,-2.0476819607576533,0.8615441330899432,1.0967625571021724,1.4785077044046617,-23.453678646210832,-31.51032379829052,1021.1170431352915,1417.967980497638,1.0,8.335289590426154,2.3683573676148377,8.188263975964157,8.142316718952006,2.4775285694286766,2.221544441525762,2.322905404676136,1.3946850540258175,39.30854274766268,23.500234617375842,31.544991534395724,39.28072743614659
1140,331771588970017.25,-0.8938789513434581,0.857298064745386,7.504759223055019,-1.5634509968439347,1.1231788133225853,0.9953961021278707,2.448879532575949,-20.775519319170208,-29.625899337727397,1021.128006791854,1541.1827984477616,1.0,7.606273104977261,1.2385392813597251,7.5578059366250105,7.553566771257507,2.1671924387004453,1.925073937860316,1.8534272091624346,1.5007811455465747,36.267245904747725,20.91935022763097,29.726939340171334,36.184473390535494
1141,331771622303350.56,-0.1438244289415799,0.975842558757924,7.889251317174836,-0.4710149122393331,1.1058414501640341,0.5585219100748572,2.903671563199616,-22.23606495138038,-31.648143111454885,1021.1387854534112,1669.6401758014144,1.0,7.950675475164891,0.9863843905109123,7.890562198722297,7.949374506527422,1.325400726001909,1.201973527351048,0.7306173906946737,1.2388833831053514,38.78761213934251,22.424849900700362,31.78106780695173,38.67877385498584
1142,331771655636683.9,-0.7393856611753618,0.5515374646318463,6.950482031826509,0.1241755422168742,1.2025473883818287,0.19741008000730284,3.9615062030043573,-22.603673852772527,-30.884821347292128,1021.1429812156898,1797.1435209471845,1.0,7.011425333381752,0.9224341336075178,6.989698965670473,6.972330603868098,1.2249532751404444,1.2089415976749296,0.23321729132580288,1.218643081871163,38.477159363616046,22.948193894922415,31.137850295911463,38.27268296444167
1143,331771688970017.2,-1.4891018505556126,1.1903573259911882,7.744630289722468,1.0897970924695304,1.3008784468703558,-0.1802549901466679,4.191849662030465,-21.975854921030084,-30.041508289787846,1021.1388023519329,1915.8164049186478,1.0,7.9758180275979065,1.9064036521337873,7.886489881171146,7.835575849165625,1.7065855670782073,1.6970393148913407,1.1046038041885504,1.3133075020742875,37.456668610871134,22.372076414567047,30.332553864032892,37.221370472291234
1144,331771722303350.5,-3.3250813303425715,0.9640991583616054,6.914196173908875,1.736327084734356,1.3001000747253355,-0.5329420806817398,7.012094299654965,-23.945092259909117,-30.294989187859976,1021.1271871749833,2013.865479897316,1.0,7.732513289470792,3.4620301905885054,7.6721753489273725,6.981088447974978,2.2336336339794656,2.1691223915406272,1.816276137194862,1.4050934010457117,39.24695248927445,24.950689565677603,31.09591349936204,38.61546080559071
1145,331771755636683.8,-4.144008591226333,3.437436973749248,6.6234106513771325,2.795312770791389,1.3094788454256134,-0.9114768224634004,8.277565174647552,-26.633552055399704,-27.073076877351777,1021.1387582405622,2078.940194860177,1.0,8.535710211191105,5.384122969681882,7.812962041436891,7.46227455976222,3.2185863870734632,3.0868281994899927,2.940163853331547,1.5954701014137416,38.86921239123869,27.890216569761947,28.310238021386137,37.97759321882688
1146,331771788970017.1,-5.41152862199021,4.3036028510191455,6.5570387203812235,2.8425130285794995,1.5767404671868526,-0.9912524225229914,9.47938513518269,-27.496482955932315,-23.911966372015165,1021.1493779682146,2098.689998784219,1.0,9.528924194603398,6.914162243245336,8.501729165716695,7.843197962558305,3.3983190232328853,3.250537004636128,3.0103922805511405,1.8624424463650717,37.65232334482671,29.08462338568266,25.722380883532274,36.439521274603216
1147,331771822303350.44,-8.085036648223445,0.10684251903482371,6.227045733178599,2.7147815593957887,1.7127975568868699,-1.5820092659962561,10.833588032775918,-29.14788155276656,-20.205522898036115,1021.1396460420095,2062.526593393937,1.0,10.205651938513665,8.085742571155102,10.205092658384538,6.227962257991895,3.5786125389333607,3.2099399349696656,3.1420999718235323,2.3316150601194106,37.08407723351191,31.09607095242122,22.92661739653208,35.466352428705875
1148,331771855636683.75,-10.250220284166254,1.770828094621191,4.9712887698637385,4.6987967496038205,1.2047049849600573,-2.5657254944893912,15.450544431774803,-28.868371743673137,-14.046905269089782,1021.1189812901624,1977.87648274198,1.0,11.52894444639258,10.402059796724542,11.392134475475025,5.27726673326951,5.487526975600929,4.850773649107433,5.353656526819802,2.8344772734775003,35.62888937376431,32.74297192328688,20.881448007191207,32.10449243906042
1149,331771888970017.06,-8.908954173864315,6.790312627221192,3.041905991773668,5.566381184010974,0.9039902596767638,-3.2638078351872633,18.408285731686075,-29.440355854734563,-8.776156891279198,1021.117928953965,1862.7134824637235,1.0,11.607368440357293,11.20168782136933,9.413960725157235,7.440533424304209,6.515691786781481,5.6393082798603835,6.45267704683422,3.3866856917376067,35.813691044252174,34.72174443245616,20.39328108372325,30.720603552563077
1150,331771922303350.4,-10.351539765076643,6.800688071230884,5.778938950273601,2.3506381024648593,0.9716064123542675,-3.718609191016822,22.11800182934243,-27.699485411244524,-2.9330974480656393,1021.1175260119629,1735.1446448065271,1.0,13.667474863380376,12.385626094394464,11.855400073340096,8.92443239837534,4.505282768573168,2.5435248198685865,4.399267416772294,3.8434455031966714,35.56783037536016,35.44668527479747,22.311635205933342,27.854345310697887
1151,331771955636683.7,-12.923482572181062,5.670974327331426,8.320207862502638,-0.8487294258092112,0.7695191670096763,-3.536619105758087,23.892942275468144,-24.235443048484072,-3.1013698244745664,1021.1191037107285,1613.252761099888,1.0,16.38298539613493,14.112985212729438,15.370174386412092,10.069052025712393,3.7175497422150023,1.1456445289136152,3.637034002789576,3.6193693439062553,34.173789446348046,34.03276936035573,24.093384680592603,24.43307583061282
1152,331771988970017.0,-14.72880858857196,6.729526939043461,8.284137013390248,-3.454245029152628,0.26411163438881946,-3.3062901213204117,27.220639139612334,-20.708493300784028,-3.310854707215935,1021.1298600449066,1510.334678923851,1.0,18.189317230691348,16.193342312879782,16.89866055329278,10.673024823354153,4.788853520748585,3.464327305097654,4.781564920375607,3.3168221721642652,34.362285268152725,34.202410586939806,27.421250045563,20.97149145103683
1153,331772022303350.3,-13.97537732018701,-1.9737603311870118,4.237970960891822,-6.849346649021386,-0.0015887531457162356,-3.6694868697251115,29.770326087749275,-16.22581629296652,-8.243851020915464,1021.1475351057097,1429.1795569624649,1.0,14.73659726503806,14.114067489089207,14.603820359993469,4.675053765501507,7.770372316027208,6.849346833282502,7.7703721536066395,3.669487213660998,34.892843240399195,33.905005968794974,30.890668413389406,18.19995038532102
1154,331772055636683.6,-14.668625874095529,-6.150155516259898,8.095246713062684,-6.704035779753597,0.04951853143690098,-3.4423529451446613,32.132147385417184,-11.46227762110279,-11.741342831679676,1021.1489669548579,1371.1808317031378,1.0,17.84729719743914,15.905753610199262,16.754151854974246,10.166485735962759,7.536334760353882,6.70421865851436,7.536172074413013,3.4427090908036058,36.07932698031439,34.115373424035774,34.21014509015137,16.408623944568586
1155,331772088970016.94,-14.909786893176571,-7.807588487619938,13.383103307542699,-6.3941349393736955,-0.09293059585470195,-3.482748401024612,31.869413605852003,-4.724773608519718,-12.558313561068934,1021.159950919166,1337.7319396332766,1.0,21.502735577882074,16.830335207355652,20.035199009251198,15.494059898308633,7.281698575429009,6.394810217556528,7.2811055512029865,3.483988019566859,34.5788121359129,32.21774370176517,34.25449989532751,13.417701932517815
1156,331772122303350.25,-16.448044568897878,-6.425778624213696,13.248680153499059,-6.619878070321188,-0.6988422156888816,-3.3293492672443095,32.39889596956439,1.6630615453508186,-13.067763370092345,1021.1535283083451,1329.0547333615161,1.0,22.076148370528145,17.65867495221124,21.12026742136971,14.724746406547093,7.442830956809952,6.656663286388183,7.4099495416109,3.4019034356855524,34.97457180934468,32.441551037986464,34.93500965426206,13.173162611930056
1157,331772155636683.56,-14.056170285948097,-5.5267185693260075,8.102233145850848,-6.007458007918369,-1.1081963346869648,-2.9652172246201176,32.7579868558285,8.044798728397572,-13.383074588375358,1021.1378125334223,1334.2129775940175,1.0,17.13962435999772,15.103659862831364,16.224121087359226,9.807690864533662,6.790446525987815,6.108817466017147,6.699407802640945,3.165535074106344,36.28927079544418,33.73135765763157,35.38633052867521,15.61491184792426
1158,331772188970016.9,-14.259424419398238,-5.768338962925559,3.5094917741771554,-4.2606420070302,-0.19981688532716455,-1.7231530583971326,29.778236178054875,11.431676249371344,-9.582038823380554,1021.1182311370737,1336.090733347294,1.0,15.777244742880583,15.381967337234073,14.684948664722935,6.7520564944483565,4.600244945912725,4.265324970003127,4.595903259940719,1.7346997579769363,33.30528546280949,31.897124819432506,31.281924779156228,14.916389974897179
1159,331772222303350.2,-8.214700251304563,-6.086488066422895,-5.403270826499691,-0.6189384451431749,1.292920559042968,0.4321184085912951,31.540947575130467,12.721362338608749,-10.038566739654145,1021.1164666834934,1317.5064932292767,1.0,11.56382172233705,10.223826935227903,9.832427769543283,8.13883730069664,1.4971488536266877,1.4334323740142858,0.7548583429490094,1.3632204117601285,35.460361756104405,34.00976968000962,33.09991232803524,16.205119004088292
1160,331772255636683.5,-4.904655266440387,1.0127009254455273,-2.060342904479773,3.1240897709851336,3.71141340003853,2.1497172847109294,32.41261909753078,8.99580881976167,-5.038392697628298,1021.1080629247543,1261.368951948187,1.0,5.415368808406294,5.008114060903531,5.3198361033646115,2.295773518541926,5.30620492700239,4.851239668699074,3.792258074203136,4.2890411317881405,34.01305417128596,33.63781284630912,32.801879179966676,10.310672979840648
1161,331772288970016.8,-15.977288772134173,3.3694305070189645,8.09533868166874,4.683892405273885,5.732951789327602,3.239330740581067,34.48913574736192,5.602984612599299,1.513790015797226,1021.1305859363388,1162.901459175249,1.0,18.22529360039824,16.32871147548988,17.91112126247508,8.76855577119472,8.080770255972535,7.40307937840308,5.694919816033924,6.584831043058587,34.974068699265025,34.941292494253595,34.52234124175076,5.803877736561296
1162,331772322303350.1,-18.655717041352663,2.167196993231639,15.62951989504935,2.7277113548554577,6.374616263753438,3.4071448249900596,37.54824679452946,1.5277688914191032,8.222021594984298,1021.1087607736415,1042.036995539083,1.0,24.433878392188003,18.781174647356018,24.337577333760226,15.779056846250846,7.725592378838906,6.933696109977509,4.364521175783655,7.2280265888115265,38.46825384959484,37.57931499014424,38.437904163095055,8.362757732588939
1163,331772355636683.44,-14.870131666636468,-0.4270729061822441,9.041618466158514,-1.1913278385654522,6.290505836265292,3.4352077044261713,33.55803593909132,-0.613620363801022,13.608183013689999,1021.118845501852,921.6613784958796,1.0,17.408448280587166,14.87626320855811,17.40320890728728,9.051699053480158,7.2656987047067725,6.402321898735547,3.635919964945592,7.16736462367003,36.217412262257184,33.56364560115924,36.212213699571386,13.62201067702387
1164,331772388970016.75,-14.946534839948571,-2.9547948028845554,5.066402173592386,-2.678498574464054,5.526256184296446,3.0462678645892756,32.035048166582044,-6.717798427739231,23.899424196001515,1021.129960919869,824.6604255018312,1.0,16.05609376634092,15.235803754608748,15.781867275654617,5.865086811952167,6.855188540857938,6.141161293100897,4.05636567831788,6.3102500201896925,40.528454247002685,32.73183659300173,39.96782190632427,24.825617668371482
1165,331772422303350.06,-13.292357953590958,-0.17792261333294343,2.545434925936472,-3.4473862629420404,5.44048531211978,3.3814844628254623,27.068698834567712,-11.818793328464968,25.251445637001684,1021.121726874875,771.1566846498645,1.0,13.535053578944755,13.293548676810419,13.533884103559112,2.551645629493335,7.274461468015523,6.44075713540827,4.828965646828676,6.405725376857882,38.85915386489967,29.536389967927622,37.01823825298793,27.88044803261632
1166,331772455636683.4,-11.281330824874686,0.4466201571426959,-2.062181055163676,-5.19801324440307,5.1117950202791755,3.49312146853769,20.824701139072467,-17.66981771399482,26.5209739157579,1021.1249505631905,757.5325529309112,1.0,11.476954537215432,11.290168056545214,11.46826124068264,2.1099905850600704,8.084039065485744,7.290390251443382,6.262686267325598,6.191312132602417,38.06905164326795,27.310998436115277,33.71987892878616,31.868236780313342
1167,331772488970016.7,-10.31641479235684,2.9981449979007064,-0.7819013378276631,-5.542708658749512,4.903088392997662,3.197450088761579,13.711958634780856,-26.37569720969407,25.182157572212645,1021.1188208287674,768.0771638608022,1.0,10.771659913796608,10.743243811642555,10.346003280013772,3.0984259117386874,8.061363540707406,7.400128043846621,6.398851955304033,5.853542761411232,38.959418282247896,29.727011502998494,28.67331284650743,36.46667606581672
1168,331772522303350.0,-10.565479052999626,3.960796209249014,0.17209910119367505,-4.520176943776338,4.063314815859792,2.5347838665595166,10.615184911801162,-29.241392609432225,22.108243949113486,1021.0970953643238,786.9835330302603,1.0,11.28480714638965,11.283494770264008,10.566880604984876,3.9645333536033,6.585412374787421,6.078036434230457,5.18238640524012,4.7891185559512,38.164324217313236,31.10853889932294,24.524612152391814,36.65833455372012
1169,331772555636683.3,-6.8641544876829546,6.016290401688204,3.5936587391649577,-2.224228783273971,2.2487590816668916,2.279231489988366,5.847646656992879,-29.46890349132085,19.17308097829418,1021.09873961887,798.5564745081231,1.0,9.809523442135216,9.127560847686729,7.747967473108978,7.007862251144944,3.8985904212520603,3.1629276134182605,3.184664796379518,3.2018453417262225,35.640121753524475,30.043489218228668,20.04499951671903,35.1571231357318
1170,331772588970016.6,-9.26992284476362,8.65891469092688,4.652574142074007,-2.710550417725356,1.733621772289994,2.165977715244899,0.543951537378502,-32.103318991453435,17.705109685666567,1021.0885316758666,798.5137040668784,1.0,13.511281187219643,12.684962482113212,10.371977424549579,9.829712598659485,3.8786579482246837,3.2175344623467517,3.469660362336437,2.7743294527318514,36.66592263292328,32.107926958027534,17.713463587240653,36.66188755708711
1171,331772622303349.94,-4.381591958977232,5.393394870585812,1.4168039985495382,-4.56224765504311,0.00709995862891704,2.620271426888957,-0.8168172911382408,-33.9788384393393,10.829759101780564,1021.0897013761665,803.6833943965303,1.0,7.091853770019602,6.9488888554239585,4.604962721377872,5.576382501260769,5.261176334806653,4.562253179664505,5.261171544106602,2.6202810459916743,35.672290848450196,33.98865475675412,10.860518988045708,35.66293795930617
1172,331772655636683.25,-7.6803559932093135,5.775602352643009,5.388222355292695,-0.6760966016507608,-1.9010054845791757,3.3107249986331606,-3.3561366919128424,-34.9307272694211,7.366670333079098,1021.088991604481,833.178134289513,1.0,11.017186159285757,9.609654037387697,9.381940541940253,7.898767162407777,3.8770902083570813,2.0176541991044488,3.379054103049883,3.8176854072820943,35.856480486262875,35.09158533132241,8.095151962197583,35.69906916667361
1173,331772688970016.56,-7.47336381343378,12.364668703567293,7.928501571330726,1.186491921071802,-3.480120722484525,4.116172220811574,-6.840944742024421,-32.73160844157517,9.970682718357217,1021.0893675253085,906.1105125382599,1.0,16.480210435656208,14.44770565996269,10.89551760379172,14.688300422975091,5.519227941770095,3.6768197293088587,4.283764329436149,5.39018682370538,34.893713330715805,33.43885040093374,12.091858369728735,34.216556007914384
1174,331772722303349.9,-12.23790999119925,10.088623619998028,7.433808133775515,-1.6925128243484309,-4.8547825207305415,3.542058203191089,-10.288683109097002,-32.37479861589453,10.837840927198599,1021.0582521187347,1038.4707573999394,1.0,17.51594333367357,15.860225959887096,14.318796888093686,12.531633170332155,6.243371629093368,5.1413532249957985,3.9256561203672935,6.009583150134798,35.65730474254055,33.97034862257295,14.943754417236619,34.140685133473625
1175,331772755636683.2,-13.942857462633388,9.749063452175973,6.572711766266611,-1.2823703719905017,-7.090662119761222,4.3012217200963505,-13.665260474026491,-31.148254691774877,11.340890837541975,1021.0445784748096,1216.9542897752235,1.0,18.238641736167864,17.013157038535347,15.414402816383484,11.757753958855103,8.39180977817088,7.205689631643578,4.4883161716157725,8.293250121758376,35.85483118292024,34.014013496890755,17.758241715103278,33.148598391677425
1176,331772788970016.5,-12.400303322932782,9.192147963085842,4.2109382924396535,-1.496235041639232,-8.627245243867359,4.303970010275675,-13.894933559346905,-29.102792762408153,14.701579951774377,1021.0383970402411,1412.225021198278,1.0,15.999847123605136,15.435773601475274,13.095782672428264,10.110765820549787,9.756650944202807,8.756031052803612,4.556630021099096,9.641240498358307,35.44260399954771,32.24967790831935,20.228831693824514,32.60535231599393
1177,331772822303349.8,-11.344116804106328,7.332564570874503,2.3107999976845814,-2.703292673800863,-9.118665829061097,3.0872936537468476,-13.938038190062418,-26.920761614773404,15.502372925225517,1021.0390199116387,1594.7833124235142,1.0,13.703842011660475,13.507608568923352,11.57708005908686,7.6880621625571575,9.999461979865591,9.510933591520441,4.1035561875879045,9.627120473254298,34.048786774566004,30.314951995790718,20.846881658905332,31.06526955029076
1178,331772855636683.1,-10.286576582689925,4.8156372730570345,1.0382925577200812,-3.1993032201000076,-9.04269374337335,1.480585193862139,-10.091908761689416,-29.958586027655624,18.510320568937374,1021.0482737937602,1735.20650148593,1.0,11.405352759674635,11.357993666893854,10.33884467563768,4.926298182314293,9.705564576410257,9.591968058255084,3.525290571063053,9.163102239565339,36.6332562952781,31.61271103892715,21.08266088564462,35.21574710752661
1179,331772888970016.44,-8.585389568028738,4.073674244859511,2.0615113339176734,-2.5297552779284005,-8.457090301693247,-0.6686154980516074,-5.198667067342558,-29.440725251611358,14.144915654869436,1021.0410821633071,1816.4581779069727,1.0,9.723865736831181,9.502827783773018,8.829424840536767,4.565594247532596,8.852631519578537,8.827346041546155,2.6166215718826056,8.483479419155138,33.07357074011376,29.896194450430286,15.06999595754566,32.66243931833991
1180,331772922303349.75,-6.979949859610518,2.9192836538017914,2.8781983430975977,-1.393374574171923,-8.151928298866814,-1.6737130655349093,-0.537352645669308,-31.176832418822514,16.261039601420382,1021.0489005938811,1847.4179793196638,1.0,8.094809620753349,7.565838822895398,7.550081174721677,4.099541773608862,8.437816253009817,8.270152821672303,2.1777989185622832,8.321973949467028,35.1668172636665,31.18146288321236,16.269915696916495,35.16271162169244
1181,331772955636683.06,-5.861821285555651,2.8947984976039054,3.363639892754691,-0.5982874389192707,-6.675624350037652,-1.671460655501526,3.1654688262626123,-30.81117259778127,14.88271072990668,1021.0487856910128,1840.2202875527205,1.0,7.352202421972202,6.5376453808327,6.758329831543004,4.437784545227564,6.907654380849827,6.702380795089474,1.7753108410805616,6.881696098034642,34.36340536690721,30.973352252223325,15.215625901030815,34.21729731466743
1182,331772988970016.4,-4.924502710622794,1.7521308001807332,2.4445303818775694,-1.1766365394938172,-5.243381163902329,-1.7113922811414897,8.4886044848346,-31.568458249075913,11.630964354426492,1021.058974301491,1806.99948443486,1.0,5.770304851201166,5.226919674901579,5.497859195619122,3.007605547418822,5.639714808036698,5.373780752509143,2.076857502579957,5.515606002056022,34.6973096095006,32.689814351317494,14.39915754181104,33.64293221521556
1183,331773022303349.7,-6.332821724334611,0.9163882697193261,2.4931498841175435,-1.6537591248659183,-3.7009405413308407,-1.640865316888141,12.61072255989921,-31.56875417710713,8.220746546107321,1021.0587096479123,1759.2599535150828,1.0,6.867328068307127,6.398781013058938,6.805911205480109,2.6562311280373363,4.3731360739988325,4.053625554185229,2.329669124842347,4.048382378016266,34.974236768694546,33.994360764358696,15.053604128516412,32.62157129983095
1184,331773055636683.0,-7.333368074647914,0.6493814955603462,1.199624604881258,-1.4771411725659973,-2.6563534513754594,-1.1878010927655396,14.46193720221744,-31.81597359733545,7.394034709330592,1021.0332253957254,1702.5782061047657,1.0,7.459161000922151,7.362063816963382,7.430840229133026,1.3641097900875525,3.2632853289743107,3.039434108896583,1.8954728907754548,2.909825612405205,35.722199720482124,34.94858800562946,16.242517567288218,32.663862680784284
1185,331773088970016.3,-9.265391109335745,0.8216437073039149,0.9435189354608157,-0.7882742004953526,-2.0640914876707948,-0.5986279543493219,14.605024854524578,-30.05554114759923,2.33914272501446,1021.0498939508057,1639.2792522874968,1.0,9.349481203376104,9.301750952950202,9.313307704061483,1.2511300345388694,2.289149473575301,2.2094908654804666,0.9898139435747716,2.149146132119333,33.49796849607897,33.41619823792514,14.79115748307984,30.146428351680708
1186,331773122303349.6,-22.35955043318275,14.73792270290805,3.4441023174852856,0.20860186705534264,-2.3236869920410257,0.0012577261288792645,15.371937982583887,-30.87326613228677,2.483424354602964,1021.0391937266602,1571.654677216474,1.0,27.000327811792268,26.77976589089112,22.6232476967245,15.134999384545743,2.333031838144233,2.333031499127186,0.20860565863367686,2.3236873324214007,34.57777372157504,34.488476901936544,15.571251518919098,30.972987556902552
1187,331773155636682.94,-23.553293255200572,19.289964555321436,-4.00707789862266,0.5582813200523415,-0.6162827626649785,0.39252559855883706,14.801364523303283,-30.332638531277603,0.8860490083559609,1020.9975519336375,1502.0053433351875,1.0,30.70695408204246,30.44438134879791,23.891720248887623,19.701761490566966,0.9195427240761228,0.8315542531172354,0.6824619973620204,0.7306714645324199,33.76291508246965,33.751286672078855,14.827861430324658,30.345576994256596
1188,331773188970016.25,-7.077768204467583,15.039696654134293,-1.676304275584202,-0.6796955489147576,-1.7364875162150801,1.3573852410297222,11.759755496269475,-32.030305679954616,0.6980908078349642,1021.0184019935947,1434.030830720638,1.0,16.706204662606417,16.62189153509764,7.273568503871683,15.132827609958428,2.3064842565581647,1.8647720861234895,1.518051623555619,2.204060703913605,34.127989423043324,34.12084892383795,11.780457550877378,32.03791211560636
1189,331773222303349.56,-2.3078015055222902,13.78971531334014,-3.249849149106665,-1.9145644832955482,-1.2032808867955544,2.707552578394026,9.174449269294325,-32.10273314790362,-3.205518080443475,1021.0322912342199,1374.3101244790948,1.0,14.354222922325256,13.981494777449889,3.985908589122468,14.167489824062585,3.5276455346296323,2.261292120276424,3.316081742880427,2.9628914690375745,33.54148686514083,33.38796182698736,9.718326273536261,32.262374706917655
1190,331773255636682.9,1.4560172359504184,16.202311096503042,0.7386270350558938,-3.2760684346565223,-0.7256876856920176,3.254363417458501,5.75130646702001,-32.526577029150154,-7.174326901757796,1021.0689116835787,1329.776962072244,1.0,16.284361852899416,16.267601884090052,1.6326530826541679,16.219138533374117,4.674412076251948,3.3554801453320913,4.617738152109213,3.334292109287549,33.80128260590285,33.03113287961563,9.195025425243358,33.30839503378276
1191,331773288970016.2,2.493856581551092,7.695084759291304,2.0936159729254236,-3.931433894863444,0.03681625168694189,2.1492573559922223,4.155498543633761,-31.19718744214615,-13.311540270269766,1021.0996227913423,1307.3650809617739,1.0,8.355649462735466,8.089106879132146,3.2561554771592474,7.974807665064141,4.480718144266174,3.931606275565933,4.480566889576344,2.1495726595476956,34.172061348615735,31.472729027628723,13.945080584677736,33.91845528126856
1192,331773322303349.5,-0.7677339608155884,6.459330426697772,5.522704766378344,-2.40264758641849,0.2892359684846005,1.5895446459408649,3.3260599904333725,-31.286526624882665,-14.993228230699568,1021.0893127163113,1313.4328241665335,1.0,8.533031872226383,6.5047955383588505,5.5758123507851005,8.498424412668603,2.895345411419351,2.419994394619091,2.880862302499352,1.6156452664197343,34.85263714681143,31.462826054082516,15.357720138022053,34.693567718344255
1193,331773355636682.8,-0.862159929927225,8.508965342207892,7.351765615365979,-2.705517752378194,0.4970166241213498,1.6276364308043534,1.167124564462187,-29.920100745718997,-17.904106646700235,1021.0987362031017,1348.8460706053527,1.0,11.278043651402697,8.552532428448734,7.4021468107603505,11.24504107854536,3.196255963462262,2.750791128582201,3.15737654696349,1.7018301547259402,34.88741382217032,29.942855715227722,17.942107305592245,34.86788584715727
1194,331773388970016.1,0.49135003828166485,6.102455574363744,3.575327259806015,-4.491139830537183,0.5082562150012027,1.747433615879909,-1.141050246385857,-27.069121689280436,-22.062761261471678,1021.1030589928774,1411.4233046026545,1.0,7.08973581397181,6.122204578189341,3.6089319576339176,7.072688954831474,4.845842093943222,4.519807668200595,4.819114152968851,1.8198485162217437,34.94001687427391,27.093160478132663,22.092248191288107,34.921380034439764
1195,331773422303349.44,2.3709122489169134,2.5627042568007647,3.47838324398209,-4.723393751053744,0.8932795303007958,1.8978418741720176,-0.951675160576621,-24.12672253861514,-29.425848729559196,1021.1092559629609,1498.9504865009048,1.0,4.928268254864419,3.4912287235139745,4.209557563934673,4.3204864425016,5.168191233507979,4.807119391771747,5.090407872347197,2.0975586043338974,38.06422204014524,24.14548458959932,29.44123399360426,38.05232337072495
1196,331773455636682.75,1.1322947201676494,0.00890817000981075,4.662931607059489,-3.4044079045587914,1.2615769260354162,1.5148231948457793,-1.096912993535348,-21.68339902932891,-28.892752261233735,1021.1088309841393,1609.1885187718656,1.0,4.798447859561136,1.1323297615149304,4.798439590682989,4.662940116236463,3.9339876502818516,3.6306431277292113,3.7262155724360815,1.9713613702078427,36.14089297194406,21.711126446605405,28.913566908017657,36.124242922089444
1197,331773488970016.06,0.2572254112155029,-0.6980803668855802,5.904549261985204,-0.44821012532875426,1.235529999611086,0.9812513608100892,-0.8985785752604845,-20.09151539726904,-31.251805082620205,1021.1072559963847,1735.7732298028482,1.0,5.951233745872876,0.7439631111863617,5.91014948198309,5.945672223209174,1.6402075873126059,1.3143160565047465,1.0787708512649337,1.5777796465383316,37.16385011454952,20.11159949916008,31.264720762834315,37.1529852351165
1198,331773522303349.4,0.14552664060233222,3.0135367624742453,5.991252700645116,2.4347417007050245,1.0422662909054208,0.6774457129169011,-0.5911855042529919,-22.20388459384222,-28.271858429202407,1021.0925179189641,1863.6610389194645,1.0,6.708031808578143,3.017048528265456,5.993019850301883,6.706453067141465,2.73371887074352,2.6484497673751974,2.5272316560025683,1.243081540007425,35.95358077296288,22.21175345075446,28.278038817098015,35.94872000638586
1199,331773555636682.7,0.4312403198507481,6.004316374305354,6.16857555353325,3.020694336220236,1.2643282370496065,0.6670564019336697,-0.5467351815984364,-24.98617389399118,-26.005109720350145,1021.0985299627188,1976.7111507733268,1.0,8.619112929754685,6.019782665197837,6.183631018512749,8.608318040267763,3.341868400645763,3.2746175599410043,3.0934703031116535,1.429506954988908,36.06762449603541,24.99215487347107,26.010856405090685,36.06348038429203
1200,331773588970016.0,-0.1460994225225542,4.766089122151556,5.694499896635454,2.770664181354016,1.7291178509618976,0.435950179172628,0.08142605965612554,-28.955780980715552,-24.318292499642972,1021.0978128401044,2058.782770016048,1.0,7.427265959579878,4.768327858018239,5.696373768814913,7.425828882560692,3.2949174658971137,3.2659498692345554,2.8047517830565267,1.7832277199605602,37.813003484311466,28.955895468908565,24.318428820575203,37.81291581326889
1201,331773622303349.3,-1.9947996836258464,8.415688494331947,8.673578439935824,3.613078355230596,1.5179745035376162,0.19018862580805684,0.33912229684194356,-27.706534199013078,-20.96279263121583,1021.1198730163167,2095.2800613564896,1.0,12.248836743346057,8.64887499108554,8.900010602887692,12.085312399245238,3.923614852124614,3.919002653026163,3.6180805566519085,1.529842575815247,34.74486604021742,27.7086095149738,20.965535500710974,34.743211023456624
1202,331773655636682.6,-2.3267402249515383,6.515108294060567,7.5474474368165945,1.7077453277309764,1.3515123651951706,-0.18547547655990126,3.082870049705662,-30.507158473037883,-18.262499088705567,1021.1280073494706,2086.4753780713218,1.0,10.238374820705369,6.918117963560922,7.897954348178832,9.970486392089715,2.1857220614862145,2.177838326796189,1.7177878963341495,1.3641799095722553,35.68906945841248,30.662530975808558,18.520879047937868,35.55566890193487
1203,331773688970015.94,-3.2197687553718892,2.6157115681926872,5.885987351596224,0.7590027002810367,1.3204747943845707,-0.5184412803432917,2.861229546328624,-29.863990473024693,-17.75874194565344,1021.1179986812881,2040.9439576420361,1.0,7.200951669689002,4.148356041379054,6.709080260454467,6.441024306050069,1.608887858989206,1.5230688696309433,0.9191661765958845,1.4186032016631591,34.86283805116853,30.00074268230194,17.987761117190068,34.74522762143343
1204,331773722303349.25,-5.281157636860944,2.8679014789280544,6.669258887071595,1.1685753953746003,1.135049572276792,-1.3365957041162555,5.4266726394473475,-28.839173044539933,-14.911204062048249,1021.1185620994818,1967.351525092283,1.0,8.977443900186502,6.009616034174928,8.507034741210248,7.2597433147199615,2.1072242553802054,1.629081331978435,1.7754032023562794,1.7535180659998224,32.916419677855146,29.34530077931806,15.867979786846549,32.46601158862854
1205,331773755636682.56,-5.2551739363303716,3.1651056248753053,4.859649652131621,1.1321230564024376,1.101732981136334,-2.13488278530288,7.519193726164266,-30.529997360774594,-13.451398596584784,1021.1089633666081,1874.3702857885223,1.0,7.826298068637964,6.134716514860597,7.157726443679517,5.799490353305218,2.655794171908684,1.5797209173020248,2.4164906624732856,2.402402978000597,34.19881777700356,31.442312464901367,15.410334146143333,33.36196731389063
1206,331773788970015.9,-5.719598002893337,3.0165646397227737,5.626361275301247,1.0701860299670811,1.4512861237063333,-2.4313489544862756,11.214172675447097,-29.92579984179085,-12.697049979406456,1021.1194137662715,1771.7572628607925,1.0,8.571429562245536,6.466333083002083,8.023075626897139,6.384011546499212,3.0270426640668218,1.8031998091169088,2.656455510114598,2.8315524277936404,34.38787930572659,31.957959336692223,16.940269979380194,32.50797708794681
1207,331773822303349.2,-9.332988614851653,1.5220128253733005,7.386116372605819,1.073282723142934,1.082611350688469,-2.800812162230409,12.671730853649947,-29.803802515876715,-10.259538430733246,1021.1090742118222,1671.561314566682,1.0,11.99899639950055,9.456278312610696,11.902075094479379,7.541302149514801,3.1888135581332446,1.5244615903448087,2.9994140380905887,3.0027647434884557,33.972011068590206,32.3857902054701,16.304321256618945,31.520228000715218
1208,331773855636682.5,-7.7574315339372895,5.420231909856591,11.449386336299934,-0.41670148966229276,1.0337322756716036,-2.8563789892195706,17.02098371452717,-27.86917297288483,-9.235461487242098,1021.1219268934142,1586.1224092586854,1.0,14.854127555605677,9.46343795670222,13.829902077801428,12.667571252394014,3.0661284185935496,1.114559352054419,2.8866141171867414,3.0376805868656116,33.93668277373476,32.655852290252255,19.36511387760297,29.35957341438915
1209,331773888970015.8,-7.497871357803189,1.5080304143244552,10.825433252315312,-3.418412021468188,0.9385858165806164,-2.562265438588497,18.66831599427973,-24.88419961901511,-12.029200495099634,1021.1183767667434,1527.7805152892959,1.0,13.254517559271145,7.648021353833488,13.16845017450799,10.929966186171924,4.373978539200853,3.544923706316474,4.272089058798204,2.7287630004951704,33.353126949246864,31.108349566334635,22.2082796860447,27.63919418561795
1210,331773922303349.1,-8.456028864554195,-0.7888925034617613,11.766641550592363,-4.474505896064993,1.0458690986317398,-2.5843346951869735,20.778550903344637,-21.904375204121813,-13.950290270510838,1021.1164469946517,1507.1943175962201,1.0,14.511396518609727,8.492748409095366,14.48993711298639,11.793057481507704,5.271985489560864,4.595111009039188,5.167203192314729,2.7879433258622592,33.2589902035125,30.191883523984238,25.02716077133788,25.969448429153356
1211,331773955636682.44,-10.322905707132936,-3.11025607500933,12.284535252154395,-4.553735191643876,0.9312499409223086,-2.863177495006164,23.554495837693185,-18.31050705535721,-16.624935339467413,1021.138824591007,1518.8626735827434,1.0,16.344597928732117,10.781283554869066,16.045939941299228,12.672154481916502,5.459076480137778,4.647981351950941,5.379060286288458,3.010815806451397,34.15373212159491,29.83435842769527,28.83058704239957,24.731824511462122
1212,331773988970015.75,-12.085553252999356,-4.5523183563341165,12.570812847357967,-5.182725151222051,1.0006175087272027,-3.2984445831619547,24.99742886856608,-12.047903107806802,-16.80156720328744,1021.1347112658472,1548.2692361621148,1.0,18.02247306813912,12.914495725675852,17.43805989995399,13.369702242784491,6.2242760269826976,5.278434937733065,6.143319677609173,3.446878597653517,32.439421693684764,27.749295834923842,30.11916516979853,20.674734092163916
1213,331774022303349.06,-15.06753833102362,-5.560006883923408,13.409461816439206,-5.3564225900525075,0.7355481861596449,-3.904587073325535,25.406332732309558,-7.510001367149285,-18.654698510349288,1021.1181584141927,1580.7997220142067,1.0,20.922668427155337,16.060647182045365,20.170383674174545,14.516450763041796,6.669189929111963,5.406689754127525,6.628503841471745,3.973264570519261,32.401846242944806,26.493053116607914,31.51951013922729,20.10964686528861
1214,331774055636682.4,-18.006748952612913,-5.975515933703204,12.539485481313795,-4.849382258221501,0.47734908469575016,-4.150374290574447,27.32748868567832,-0.346587808428565,-17.714296629510365,1021.116693838641,1601.85987632001,1.0,22.74177861673195,18.97234298963539,21.94269135677084,13.890481878251032,6.400779420263964,4.8728195569929875,6.382955039651683,4.177734900699328,32.56851341484763,27.329686441209454,32.56666920248613,17.71768687462428
1215,331774088970015.7,-16.903900919310967,-6.290104913605658,8.254328937230417,-4.403382840766208,0.4234154215375249,-3.991609232127456,27.35652313330323,7.848298874689611,-15.637608920661542,1021.1087357140638,1600.3385630382152,1.0,19.835353092850344,18.036276947143172,18.811587186994128,10.377830506814297,5.958355924544557,4.423693147309167,5.943292412826364,4.01400359755705,32.47321921098927,28.46006242384948,31.51054062847079,17.49658846695571
1216,331774122303349.0,-15.499352018569843,-6.2045807591497235,3.742963348151404,-3.0647987800674295,0.8760530078341969,-3.3183786730493456,28.140577570807203,12.043196838104858,-11.932841222929156,1021.1079772158024,1572.5510266432602,1.0,17.109544412928148,16.695111122491998,15.944895346823378,7.2461435965909295,4.601314752610049,3.1875477149115974,4.517148279617522,3.4320702047429155,32.853057631696835,30.6093236792314,30.566072787819092,16.95379868150428
1217,331774155636682.3,-13.10790112428333,-4.096986301671943,-0.6348813970896953,-0.5487870900507276,1.4532351873947496,-1.7125088679198597,26.797706062398436,14.449482670999398,-10.60165789677481,1021.1136317515432,1515.7659789750148,1.0,13.747925044472941,13.733257757723612,13.123267362679112,4.145886050587752,2.3120870231876562,1.553402645835457,1.7982919376203923,2.2460140544053617,32.23817224698797,30.445107975932977,28.818608577912876,17.92157079108189
1218,331774188970015.6,-7.762081935286626,-3.930573874114214,-6.341181052225253,2.228931607820831,3.088716639621779,-0.1609897401229365,26.290205370735322,12.167326111290647,-8.76779679631263,1021.12870880716,1427.2521318733468,1.0,10.766146204054298,8.700536015095404,10.022998209478217,7.460562185048108,3.812377773600625,3.808977105762019,2.234737973178871,3.0929093385195277,30.267027997399506,28.969272050466433,27.713699844966033,14.997269263433434
1219,331774222303348.94,-13.906493555778027,1.1460472819340763,3.4095480212400844,4.6171450636371345,5.419584734721455,1.9241010415965007,28.716653311261826,10.926295800409791,-5.046528147116898,1021.1396707522149,1305.6614637206417,1.0,14.364156957457213,13.95363706670502,14.318365155493067,3.597004598491731,7.375099460601689,7.119685894440469,5.002018928087088,5.751005435147715,31.136755830640105,30.72507310515725,29.15670804015515,12.035422147049756
1220,331774255636682.25,-14.238895421968802,9.368278587686811,16.579335950309986,2.8459973788034683,5.494482647465435,2.169408767181044,32.12489642547456,6.952401734319985,0.48134278253788576,1021.1283792979609,1163.1349948779348,1.0,23.777829318243423,17.044376977005506,21.854530957927356,19.043083370340852,6.55708586512156,6.187813882418813,3.5785521484642624,5.9072560434114205,32.87212422550671,32.868599912725884,32.128502318374096,6.9690444646075305
1221,331774288970015.56,-16.504054340817582,-6.216778181921103,13.07341299740825,-1.563663918698134,5.220161613303884,2.894369956169544,33.17108639940302,4.24601964336607,5.530617877236587,1021.138802009822,1019.4255114632432,1.0,21.95327465433512,17.636103329473602,21.054641699289558,14.47627225372655,6.1702925022098185,5.449324005750604,3.2897450195745104,5.968874660452195,33.895978962592594,33.4417352380003,33.62898611348057,6.972547376379701
1222,331774322303348.9,-15.762808154634191,-8.101021435291827,5.260586914185185,-2.585088925399519,5.399404512029999,3.208522857028377,31.227378704276802,1.4149252810118582,13.922698969079198,1021.1460795399165,894.3715704719975,1.0,18.48692629661719,17.72265976694412,16.617457555278982,9.659209231440949,6.791971198468579,5.986338934336508,4.120352372831331,6.2807792517014525,34.21977119845727,31.25941768957264,34.190506391744464,13.994411746638209
1223,331774355636682.2,-15.744891351579954,-8.486124691001043,8.200030278644668,-1.4536200335147311,5.598093036783023,3.3828025687925485,31.093274168164644,-3.451083639574898,19.1879285375638,1021.1289252321126,807.7088424291494,1.0,19.67629061878697,17.886193444785135,17.752242118778874,11.800627476617796,6.700373875370195,5.783740731595248,3.68189685098114,6.5407949721656955,36.69984030410284,31.284208105432302,36.53721801203959,19.4958092894344
1224,331774388970015.5,-13.39684523524563,-5.742018343305089,5.332756110592412,-2.64440608486161,5.3475971025741424,3.2923873277710354,26.47281887221519,-7.965719423453816,24.68724708593962,1021.1343119018519,767.1143986947842,1.0,15.52045503994765,14.575535561754693,14.419214610795702,7.836393455532515,6.813919036001218,5.965708534039563,4.222877911770645,6.279857409808495,37.06376928560473,27.645303850279927,36.19765610814252,25.940563883914006
1225,331774422303348.8,-11.62408578031726,-3.660704666513861,-0.05656656993811896,-5.443132742427695,5.7962219925141,3.539656800415011,22.06797240618847,-13.708643001081402,25.003594191327473,1021.1284901196154,757.0529500938833,1.0,12.18701475589674,12.186883477067068,11.624223415136537,3.661141684266114,8.703623021645457,7.951344756592595,6.492831764062016,6.791565331440784,36.05692751103425,25.979266715044012,33.34928977661864,28.515024380415372
1226,331774455636682.1,-10.419729640161899,3.559995208483357,-1.5578144776612561,-7.002656834458101,6.230040121723724,2.896764299915173,15.324132186835984,-22.51962791653234,24.76384963818176,1021.1198271346419,759.3509515038918,1.0,11.120751665481245,11.011100383635274,10.535537562026887,3.885917115847361,9.810292863555762,9.372865232119263,7.5781558541934055,6.870563537843923,36.81318945271056,27.238991699009073,29.121766364389668,33.472106154252344
1227,331774488970015.44,-11.186942973099871,1.1933004396717852,-0.5272805207250447,-6.931389905047369,4.8901953828131495,2.5486288814557794,11.132785532658593,-26.25990887448148,19.69840808918106,1021.1062493651901,755.8348578022542,1.0,11.262756490763953,11.250407060311616,11.199362385016599,1.304603651250812,8.857408541626052,8.482816566322745,7.38509818426154,5.514482755207199,34.66336696081553,28.522302288073515,22.62666999282233,32.82697207090512
1228,331774522303348.75,-10.077245348989956,1.9479508251966522,2.959722033531568,-3.5591727534587227,2.809283282218598,2.4786804273040115,5.3371489137911565,-30.393211360802262,16.22495801502435,1021.0978141738613,731.939304637256,1.0,10.68201014588997,10.26379005246717,10.502896188171714,3.5432283207770507,5.167556473751965,4.534289718215615,4.337230377748333,3.746455554314357,34.86375937760707,30.85826397175288,17.080234808610946,34.45281642205325
1229,331774555636682.06,-0.19160372978894413,11.78425228520416,1.5898196523378292,-4.843846583161272,2.7235404573696034,2.9985587807478593,2.5756385558722132,-32.12977265632036,8.877256959930001,1021.1029764411714,704.0531860367723,1.0,11.892553991366533,11.78580985382882,1.6013239885259356,11.891010404852022,6.3144181921798825,5.557024594522878,5.696859177020547,4.0508057697857,33.43294626636954,32.232843574796924,9.243354645534334,33.33358639689791
1230,331774588970015.4,-5.571716989042896,4.76371319625391,6.212817832994565,-4.133602901813358,0.24340799695109783,3.207042257745436,-1.2771396734120342,-33.73041967558428,3.4712115297591897,1021.0589612535039,704.3146754924107,1.0,9.609167448230266,7.330552068033681,8.345246289473097,7.828925139643304,5.237465078243912,4.1407632633198865,5.231805901679148,3.216266079780199,33.93260388948628,33.75458927666646,3.6987018303367103,33.908561175245644
1231,331774622303348.7,-6.654722201165502,4.821257986955036,8.514144761383836,-3.9898080767362467,-1.7740915615795299,3.7578796067874785,-6.256117980584468,-32.37387542003991,0.41230068180948565,1021.0378292793597,764.9865736145669,1.0,11.83302654308113,8.217655149217613,10.80629393420727,9.784436089758957,5.760870463494792,4.366459590796357,5.480896608065053,4.155605853299481,32.97539709770721,32.97281944115875,6.269689309623951,32.37650076157837
1232,331774655636682.0,-8.630864713400456,8.487427331000594,11.733080156823261,-1.4437759306018416,-4.155847658328095,2.723869850627707,-9.461023574230943,-32.21838190748805,-1.517618640755901,1021.0389900087374,918.0147001891613,1.0,16.85803720385255,12.104885311312826,14.565610034168184,14.481077054744777,5.174458972701873,4.399495277530858,3.0828486665653605,4.968957307362352,33.6130668958915,33.57878943334478,9.581969182319646,32.25410515074823
1233,331774688970015.3,-12.105747967635894,8.459915811969713,10.104322160248872,-2.246897297056851,-6.417966198633843,4.0395909318020475,-14.435331455851959,-29.584187690181526,-1.274575169458553,1021.0284661300337,1166.599941763765,1.0,17.894597947973914,14.76886283373015,15.768527520793342,13.17829662223884,7.909306700756095,6.799914528163418,4.6224281887141005,7.5834415025833675,32.94279128111031,32.918125030569364,14.491491852218298,29.611631213941735
1234,331774722303348.6,-11.114452333041134,5.863463442583265,7.812502222069195,-2.4820627901658994,-8.279852396548876,3.16529868603114,-17.305587549573293,-27.733621498613424,2.6296267652622958,1021.0288957861815,1462.6571927801788,1.0,14.796839026487719,12.566274475991438,13.585515876597386,9.768080390350322,9.205200007319382,8.64387594791609,4.02240617865931,8.864258089678268,32.79561035853553,32.69001562961234,17.504236554632424,27.858009590653396
1235,331774755636681.94,-11.435928281540654,7.22910565925872,6.304523644440457,-2.2644128205543828,-9.376244763286948,2.3985282386280478,-19.048802625029243,-27.869202380414162,6.08956768275003,1021.0287266047596,1752.7968046822198,1.0,14.926065880752926,13.529243300837924,13.058616850334884,9.59202726309904,9.939540683273705,9.645803817357939,3.2985607669690156,9.678166333172936,34.302072201699374,33.75721141871472,19.99849284346484,28.526746675414564
1236,331774788970015.25,-9.932779092755855,5.970540441136533,3.9144528993936425,-3.190236768979049,-9.63339199613309,0.8109915859242625,-18.675868859898973,-25.263883719985675,10.188331154797494,1021.0289701656362,1983.6291289137012,1.0,12.232350353317466,11.589109269686547,10.67628409171745,7.139348335864984,10.180253402825832,10.14789889550083,3.2917044209020094,9.667468577843998,33.028078811958146,31.417382104324055,21.274166714397097,27.240886775888455
1237,331774822303348.56,-8.155828926407823,5.247381262086707,1.9532557211137616,-2.732826905129805,-9.632644486643274,-0.8508401756300468,-13.45046080144867,-26.185135676164737,12.191043212238023,1021.0289187272298,2107.1816239279556,1.0,9.892813730106965,9.698069683526162,8.38646250745177,5.599126540967111,10.048886092693389,10.012800941767514,2.862214509408321,9.670148334463398,31.86216817407625,29.437666791892024,18.153138306473675,28.88395514782922
1238,331774855636681.9,-5.7053330872469905,4.894205742823839,2.6179341523934467,-1.7246480030283031,-8.186565551545796,-2.779212993220087,-8.68389552023455,-29.39414645673581,15.706506233075359,1021.0294382301634,2126.073534940173,1.0,7.959752176782461,7.5169192818285016,6.2772927972736206,5.550389993447113,8.815797815614262,8.366257602064726,3.2708463118943496,8.645454319550804,34.44009618709011,30.650055258129374,17.947266629099396,33.327318883607624
1239,331774888970015.2,-7.25438201717425,4.351046892907826,3.6322390972452587,-0.9893830687075585,-7.282545469683272,-2.8781157011779133,-2.890588978031744,-29.50257859756389,14.21853670883328,1021.0264269409479,2070.5086505659697,1.0,9.206021310802026,8.459176527025784,8.11290449288405,5.667871727892217,7.892901707484794,7.349445378710528,3.0434238689364346,7.83064611046695,32.87741526771521,29.643846723145657,14.509386299232581,32.75009816849217
1240,331774922303348.5,-4.3223486514647345,3.3737965704314004,3.7001628640767237,-0.3116947991294924,-6.203663222951976,-2.6802815443877424,1.3696165288966418,-30.828348709648985,15.154798847076808,1021.0395499485746,1970.9687579192941,1.0,6.614862537057452,5.483174369238469,5.6898069462426815,5.00736542698325,6.765094248330677,6.211488632494731,2.698344456326863,6.75790992400701,34.37922136546003,30.858757810384123,15.216562605647422,34.351928799691535
1241,331774955636681.8,-4.803168716028871,2.3170496266726475,3.470417316101472,-0.6746593935254921,-4.65638433385683,-2.092408969429565,5.96105374262759,-28.938683721866287,12.235158843613878,1021.040958051563,1857.8742213188577,1.0,6.362620924980463,5.3328368329719495,5.925725783609581,4.172830612469286,5.149296617714772,4.705005883297013,2.198485977353842,5.104908457547169,31.979379124760477,29.54626164638605,13.61004311716011,31.41888806884597
1242,331774988970015.1,-6.035131151141165,2.7290025721717117,0.20024032413487974,-1.116609820382359,-3.4809042053326884,-1.5571438350774731,9.571089261518724,-30.765383525393545,9.909923810764958,1021.0585412815686,1753.668821683871,1.0,6.626489209061156,6.62346307081079,6.038452136010033,2.7363390188954035,3.973437869250871,3.6556137073926616,1.9161196241607945,3.813317585754244,33.70936313625165,32.21978542939905,13.777239911793846,32.32205769129996
1243,331775022303348.44,-5.6874885196362275,3.1962917600008574,-0.5143850930124154,-1.733077458642908,-2.3712936131924716,-0.8922368423848486,10.941867674906284,-29.38924859849995,6.654219705208009,1021.0485995707976,1665.0028164440787,1.0,6.54434096758082,6.524094318450897,5.710702030828371,3.2374176497577154,3.0696380015455325,2.9371058676226784,1.9492675702850661,2.5335982283851344,32.0582445134597,31.360044665140233,12.80636982522126,30.133147413929564
1244,331775055636681.75,-6.995500128907499,2.4455361970764273,0.9363773732385384,-1.1477897606681735,-1.5875973956035452,-0.30987436487618325,11.234142492283368,-29.77282675125654,4.251544030825845,1021.049009674101,1596.6690444873268,1.0,7.469569728563283,7.410645676643559,7.057890948339875,2.6186733046189894,1.9834084166477868,1.9590525325324644,1.1888832813620187,1.617556061635756,32.104560376110356,31.821803379086862,12.011726944239852,30.074853938238636
1245,331775088970015.06,-13.788136630632131,3.6935907786608113,-1.3900290579551922,0.6364013553144803,-1.220705053869241,0.7934742306574948,11.522087242554756,-29.32563453276695,4.485358280681734,1021.0335803864194,1553.4603447014622,1.0,14.34180969637889,14.27428893448594,13.858026285403682,3.9464913052188493,1.5889395420548627,1.3766363040353156,1.0171568412804441,1.4559265720699688,31.825615062093252,31.50795669627684,12.364341200853495,29.666669507302192
1246,331775122303348.4,-20.865129322395337,19.963222820749948,-1.6142713588378343,-3.2266012719743675,-1.3065485070584535,-0.6302134055796931,13.613335974033127,-31.409564622222494,2.068597732689784,1020.9986030996274,1538.7877218135675,1.0,28.9221326850417,28.877047754768718,20.927481780191467,20.028383294986035,3.5376819679241427,3.481095340493173,3.287571247118298,1.4505991651276475,34.29522944491208,34.23278642032336,13.76960467557416,31.477608650233584
1247,331775155636681.7,-4.215306830499724,22.019533799825883,1.9577508070741494,0.032860395529598505,-1.3667314257337253,2.0838741059105645,10.755425780146712,-29.91363414630314,2.689232434544564,1021.0062352469371,1543.756974701334,1.0,22.5046988129042,22.41938180318387,4.647752133866124,22.106394029426735,2.4923013230681113,1.3671264007700616,2.0841331758980557,2.492084685433602,31.901985246033266,31.78843644395109,11.086530331859965,30.03427173956245
1248,331775188970015.0,-4.644734137096179,16.093523281726057,-3.6124958699824408,-4.193137539695996,-1.0445497857396557,2.1899875199216456,7.805793786759698,-31.13672693970513,-4.244889181065182,1021.0159917357521,1553.0181700664448,1.0,17.135494543035676,16.750374527865496,5.884189121276337,16.49398732963315,4.844536305892351,4.321282990235255,4.730586408070393,2.426340782392556,32.37970452797091,32.10025204198832,8.88535316129531,31.424748983520672
1249,331775222303348.3,-0.8235896254260189,10.233695539898287,0.4746066955035001,-5.272203138660312,-0.2205655033877444,2.6752382451405374,4.714987240525641,-30.83568228117402,-10.15165312294007,1021.0182542169493,1551.1643389501503,1.0,10.277746629970025,10.26678256682411,0.9505532002608387,10.244695013457006,5.916221323179767,5.276814860934987,5.912108389023519,2.684315333478411,32.80436659276213,31.194076463710687,11.193174965434002,32.46375460223306
1250,331775255636681.6,2.075424076383219,9.266110686498688,3.73012457608661,-3.7584586811924128,-0.19339359875840126,2.128402476252662,2.7812685806916013,-30.168151216489182,-13.618832091041023,1021.0635778961347,1522.8794696089922,1.0,10.20205967951578,9.495693358111156,4.268631449300401,9.988725474632412,4.323599176980887,3.7634309801391783,4.319271785746884,2.1371706026799053,33.21634221678944,30.29608560093036,13.899929584063045,33.09969690714594
1251,331775288970014.94,-2.253943949773946,2.6830109385530783,4.105202072631622,-3.485803213054918,0.7568468530451513,1.6733442579857147,1.3883774777280256,-30.17789809884524,-18.522030716229,1021.0687609185079,1464.5060256981503,1.0,5.397360010436307,3.5041134435286265,4.683262472450326,4.904205517057216,3.9400155081981723,3.567021334265936,3.8666400202084694,1.8365451708842098,35.4358398734654,30.20981836563983,18.573992943726264,35.40863108787486
1252,331775322303348.25,0.4258079072298205,3.698414379843368,8.433448868712585,-1.7239528468427077,0.8112491313634124,1.4666151666411487,-0.06840824946844862,-27.44881613546134,-20.81870924258359,1021.0879105973074,1395.38876973205,1.0,9.218602991781413,3.7228458602111965,8.444191624723413,9.208763692604006,2.404391527662833,1.905292253507311,2.263398653608975,1.676032577296675,34.45084674509748,27.4489013792348,20.818821633700377,34.45077882669125
1253,331775355636681.56,0.7240384406440981,4.491427489079784,8.849491416203136,-1.2018012875601016,0.432735822274352,1.188161830061233,-1.148719308940368,-29.137707019369614,-20.605064316873758,1021.1095038732022,1337.566199070699,1.0,9.95040958346162,4.54941233053148,8.87906132364133,9.924032406996387,1.7445100060117271,1.2773357533008216,1.689986647638252,1.2645112993935317,35.70566064225472,29.1603416714783,20.6370596634607,35.68717761114103
1254,331775388970014.9,3.1358904409998525,4.248448068788692,6.579497289779828,-2.463524664162765,0.3915163259659096,0.7705071276014854,-0.010480889098728116,-25.67972990869783,-24.050862239833254,1021.1152689516065,1313.0768110741062,1.0,8.436403525043637,5.280446936685247,7.28859337898434,7.831927960560826,2.6107317055034205,2.494441581684387,2.5812080514020863,0.8642721025131704,35.18369810739262,25.679732047525462,24.05086452351502,35.18369654631399
1255,331775422303348.2,1.7167178542542754,3.3250313109688436,4.9303132984627345,-3.177745175205312,0.8182888156960947,0.7947904060298737,-0.880571713066983,-23.69234149810782,-27.337426942595044,1021.1187624570218,1341.129244666128,1.0,6.189583397211567,3.742052031979057,5.220642624439437,5.9467488966595585,3.376292755960461,3.2814114317521894,3.2756306550125225,1.1407402751768032,36.18614878716077,23.708699926499882,27.35160540779234,36.17543306588994
1256,331775455636681.5,0.9325210611765689,-0.7400293336691156,3.607265276759221,-1.5304712275741383,1.248645731252372,0.6252067871403367,-0.06178054800126048,-23.48780282062861,-27.508648467635844,1021.1183863285459,1414.8135389365111,1.0,3.7986315590145625,1.1904784518119718,3.725850011265973,3.6823913686086565,2.0717967726814814,1.9752109610386077,1.6532470187841355,1.3964238929712973,36.171901231381305,23.48788407193889,27.50871784275078,36.171848471659466
1257,331775488970014.8,1.2836466372737705,2.1028181948218827,5.308849419349921,2.717477039322365,1.4166332741529946,0.25986018378322834,-0.8609166240472832,-23.97283763458635,-26.15940471324015,1021.1225875991234,1513.1133458691654,1.0,5.852646854816222,2.4636544095830932,5.4618340185981715,5.7101424253521,3.075558259535581,3.0645605382634686,2.7298733989619555,1.4402698179692883,35.492993345713906,23.988291345733668,26.173567437104403,35.48255062992697
1258,331775522303348.1,-1.4533183453944534,5.880010036351388,7.569708883256151,4.074182097471832,1.6026430642638791,0.03227803152636729,0.6147502871837323,-27.74548418959192,-24.040067700513752,1021.1287602790879,1614.8745968563578,1.0,9.694696736768005,6.0569507378426914,7.707958665581126,9.585145309531836,4.378180721042966,4.378061734922555,4.074309958100781,1.6029680791432914,36.71668103023165,27.752293794035975,24.047926583405836,36.71153426322822
1259,331775555636681.44,-1.8315986036393515,8.332257265677963,7.224875146896094,3.397132515220989,1.6518300823584404,-0.11108633582260276,0.6651194234042819,-28.522262768930986,-18.59256726889924,1021.1275508085932,1698.9932407971824,1.0,11.179449247370538,8.53119362025601,7.453427019371055,11.028387553476712,3.7790729181854203,3.777439866755787,3.3989482932192683,1.655561172228554,34.053566846306715,28.5300167772004,18.6044602581191,34.047070815394534
1260,331775588970014.75,-2.370209409321361,7.399822111819956,8.646281090158329,2.7056399268327507,1.5666184747356227,-0.37152836982406034,3.7956716702440634,-30.84021819328962,-15.719872773315707,1021.1411850629192,1751.5275519390416,1.0,11.624690818281774,7.770151860202931,8.965270176300601,11.38048961937091,3.1484621942527156,3.126464594242913,2.7310292461370045,1.6100704254681197,34.82298926926346,31.072917172966,16.171627111627508,34.61550892618718
1261,331775622303348.06,-4.004770016247395,5.896171421831773,7.977416679275193,1.873070267865366,1.1751576697115707,-0.7337884214258367,3.859703160714261,-31.432782969119078,-12.118112258141828,1021.1390536710219,1773.0872457433811,1.0,10.697765990777603,7.127623749796272,8.926217550441633,9.919879752819778,2.32977106696383,2.2111960060209865,2.01167534055072,1.3854389182134845,33.90819662520402,31.66886726222727,12.717938244454361,33.687809217648294
1262,331775655636681.4,-4.325375468743276,3.9256675695621563,7.90631792770138,1.2463390346061898,0.849190495725045,-1.0882311399810287,6.645828584018935,-32.46758668113889,-12.127858022898577,1021.1180109095395,1766.0470024837014,1.0,9.830035706253076,5.841210389321563,9.012143813738126,8.827271891167978,1.8597667867873235,1.508139743927212,1.6545718489106171,1.380351952240499,35.29017090761982,33.14077884518453,13.82938819296604,34.65875250381717
1263,331775688970014.7,-4.227311021074238,4.726056108026612,5.5444299937640915,0.6786190265058366,0.5961008644879002,-1.765250557748051,6.684727273098036,-31.014134889488858,-10.125352460278826,1021.1187227613602,1732.781502433503,1.0,8.422972679574727,6.340801590107623,6.972149053530525,7.285349016482775,1.982919452577123,0.9032497017873581,1.891198909360286,1.8631816262171081,33.302926359465545,31.72636351142549,12.132944455513474,32.625133339011576
1264,331775722303348.0,-5.168657207965964,3.928799525022258,6.873562185705551,0.14071880685884816,0.580933817168739,-1.734231492374056,9.589400340411625,-30.621454259906272,-10.396566114516343,1021.1285656412794,1676.3305753872564,1.0,9.454963784279393,6.492340336217259,8.600050840211342,7.917153707524971,1.83435131631756,0.5977339563167042,1.7399312204066353,1.828945862805181,33.73008518894857,32.08784910024694,14.14373309498578,32.338244355020905
1265,331775755636681.3,-6.189878820607534,3.1180247419599767,10.124594284481525,-0.5656320587420424,0.39614670446952527,-2.185576782170425,11.304095585230618,-31.105244904359097,-11.01571081185806,1021.138765465985,1605.771398655261,1.0,12.26964088841382,6.93084973904934,11.866844957239547,10.593841971486574,2.292077160154356,0.69055907592242,2.257583995478173,2.2211884391524492,34.880721355079146,33.09560148358371,15.783803777623344,32.998214273664026
1266,331775788970014.6,-6.1984375563283045,2.2365364831964247,8.004499875792824,-1.6763282088237796,0.018954553204474058,-2.2660905082684017,13.163303634055394,-28.772651784518693,-12.470066999174403,1021.1382622623797,1533.3981302606057,1.0,10.367967102664686,6.5895920647920105,10.123865190788967,8.311083786260127,2.8187943753402207,1.6764353667187777,2.8187306461175896,2.2661697788893322,34.009419639849796,31.640765687250724,18.132157442682722,31.358699936015608
1267,331775822303347.94,-4.745992130670201,-2.3043286049798537,8.984823774649582,-0.35175144975173606,-0.14337764428327765,-2.1928023923180224,15.420799975401765,-25.66071262865572,-12.157210684504449,1021.138831041153,1471.5349254428945,1.0,10.419281639615097,5.2758289987557285,10.161274504996499,9.275612571751623,2.225459180267819,0.3798502748224229,2.220835746775995,2.197484807828228,32.3120877709756,29.937822975156397,19.63667088660347,28.394892925275848
1268,331775855636681.25,-6.799770402102373,1.1466336157499304,11.855753618743892,-2.7511946210529716,-0.10199338055081561,-2.4502074020272913,17.481074929025564,-25.318839248838874,-14.849704346028837,1021.1485177489647,1432.4681811153098,1.0,13.715339588884925,6.895770165113918,13.66732495368667,11.911073105187738,3.6855109286958188,2.753084541489234,3.6840993683477286,2.452329293269057,34.163508612951595,30.76737885460427,22.936906937045233,29.35229701527653
1269,331775888970014.56,-8.267116281789233,0.6147791601498164,13.615244820132276,-5.281732994480645,-0.45694083431350047,-2.5571358797010526,21.04919235356797,-20.94256572722164,-19.639958612519337,1021.1591186460801,1423.2024112391425,1.0,15.940453461069353,8.289943608516234,15.928593884231068,13.629117540321284,5.885952960931907,5.301461906969492,5.868189442429407,2.597641013172835,35.60038668719731,29.692752617036078,28.78882548905003,28.710956681038528
1270,331775922303347.9,-9.226129388676423,-2.063969572753291,12.790179328626989,-6.983231972228931,-0.2852507567880354,-2.3585756009817853,20.007647484599154,-16.918003836051557,-21.559285482860414,1021.1675944133857,1440.076067990409,1.0,15.905034459324108,9.454175474035278,15.770546938994725,12.955641923721439,7.376298234057182,6.989055499293772,7.3707806671686384,2.375762374437885,33.931218696004976,26.201618493227514,29.41273105985676,27.404774115619546
1271,331775955636681.2,-10.716862158589704,-5.439187356562879,13.647213656526823,-7.034247954217037,-0.04875142191422367,-3.0031083925217854,20.79697777994736,-8.545945934776256,-25.398202773099218,1021.169386013277,1478.1432325633534,1.0,18.18467305763009,12.01814851073182,17.3521634130475,14.69119463102595,7.648639159993103,7.034416890016202,7.648483790833406,3.003504073307283,33.92073378928009,22.484382951278494,32.826559199573275,26.797423309407634
1272,331775988970014.5,-14.20392032365965,-8.292335905717612,14.604163728001497,-6.680376952954983,-0.04901853912240173,-3.818990659919122,23.342525561246504,-1.670589598237693,-23.604890280160692,1021.1587015003942,1532.4579861522207,1.0,21.995358272335547,16.4473155053986,20.372357515887703,16.794178543993397,7.695097706416683,6.680556791970996,7.694941578343633,3.819305234951402,33.239362423512446,23.40223000449287,33.197354483691484,23.663932782700442
1273,331776022303347.8,-16.97763882295802,-7.084266915530681,11.891142570313699,-5.4559809703232505,-0.11487049651810162,-4.124305242739377,20.1207004859604,6.647938965225438,-24.89635602197015,1021.1587747413867,1596.8941364098666,1.0,21.904938469688076,18.396387083699178,20.72774690192685,13.841463410998465,6.840381372027971,5.4571900809390685,6.83941679412923,4.125904623989486,32.693519597984235,21.190509208867297,32.01048470764565,25.768656070079636
1274,331776055636681.1,-13.197850579008575,-7.53379103127,6.258667911982628,-3.478905566001846,0.23831718572407098,-3.6373274086170926,20.12393318513899,13.1653363528508,-19.913385172979442,1021.1587515862359,1654.4925884032073,1.0,16.43509024134526,15.196751863759612,14.606648621032752,9.794331592065141,5.038822252833215,3.4870587919004272,5.033183348005093,3.645126302131186,31.222454694835744,24.047843315433365,28.31105077328243,23.871928919363267
1275,331776088970014.44,-10.450370836158516,-8.03665992439326,1.7753811753422786,-0.9704321466487598,1.1124712113905508,-1.8696084303435574,19.560453815825436,14.36993916638002,-18.458063632047878,1021.1598138379129,1682.4697636076626,1.0,13.302260397065638,13.183252760740846,10.600105137732935,8.230424111679083,2.3821768259795033,1.4762556511058915,2.1064601192666856,2.17555231584636,30.492730579127066,24.27151633348239,26.89445047822633,23.39220521221099
1276,331776122303347.75,-6.129517911693835,-3.5413723701570117,-2.3736486286118827,2.0189912114871102,3.0465304984207693,0.22084731404136124,22.50116635313833,14.546658002007044,-18.76032182987371,1021.1379900262158,1657.9860772340176,1.0,7.466358945697569,7.0790047389366135,6.573066076184433,4.26327644848684,3.661481547951508,3.654815123897526,2.031033984989289,3.0545247771015354,32.708675018095676,26.793800519503762,29.295941056945768,23.739311999040574
1277,331776155636681.06,-9.189286869994802,2.8051999284448144,4.994302447186858,3.9050620844692503,5.119629644192683,1.1768092553433425,25.139373162748953,10.514001101324322,-13.780712078138361,1021.1581136612479,1558.3440127317278,1.0,10.828443874887208,9.607920681271555,10.45877861478268,5.728193744324945,6.545609032070093,6.438953142961659,4.078527909310059,5.253140747891517,30.53588589766375,27.24944590582699,28.668730498515114,17.333558334606245
1278,331776188970014.4,-13.91052444153206,8.081088121664708,16.99132547857196,3.290508403187794,6.027955293564267,1.5541489349810396,29.509455938834982,7.290933819431014,-12.3470564359162,1021.1683796118773,1380.2648639588779,1.0,23.39897042579737,16.087469517253833,21.95923112855342,18.81513026127853,7.0412406211378435,6.867582585790938,3.6390691754282694,6.225080235090321,32.80877182091805,30.396804203161985,31.98840090466766,14.339020837945057
1279,331776222303347.7,-12.983558621148022,-1.103232030020166,16.370415291233112,-0.816254845650285,5.818155398342211,2.5290368090177435,30.763291652927034,5.448073154327936,-3.8640621510354705,1021.1687886370262,1159.4464950804065,1.0,20.923202723012757,13.030345942485546,20.894097043811822,16.407547583947494,6.396345159047691,5.8751343995100385,2.6574986649882293,6.34404913447439,31.48003479548623,31.241984802793162,31.00501716867957,6.679257249273576
1280,331776255636681.0,-16.15993201471566,-6.811023931985563,7.411900084696585,-3.0384177190998116,5.64008549433123,3.182049760665135,31.743860436193728,1.7544378743292897,3.938559422369234,1021.1477100571898,936.2462862140823,1.0,19.038637361634827,17.53663165269523,17.778629463087345,10.066097052363707,7.153180222701948,6.406445708745627,4.399707139695635,6.475801499638064,32.03533951702338,31.792306107727175,31.98726192902542,4.311647316097938
1281,331776288970014.3,-15.012045083141254,-7.105745972994381,9.339390310618015,-2.3226938873325884,5.710276275081121,3.4924465382970022,32.65753647938601,0.3774683525854741,8.573707573654607,1021.1461416788724,751.0216174776726,1.0,19.05458828694698,16.608826671712585,17.68009357872099,11.735239120136901,7.085149600034512,6.164589364427001,4.194292516875151,6.693611727656231,33.766338753530476,32.65971786864717,33.76422885926718,8.582012812606722
1282,331776322303347.6,-13.880153571668625,-7.380701664813429,4.927436360052716,-3.5581381872953344,5.502425097425035,3.547273175637819,31.537595927512296,-5.229679791558877,17.099839174766892,1021.1387916344247,639.5139075906224,1.0,16.474618336108872,15.720477735682367,14.728825216407277,8.874366802614668,7.451186234101376,6.552635295258102,5.024290431741476,6.546741856478879,36.25429639935344,31.968257813169604,35.875123089544,17.881668001759003
1283,331776355636680.94,-12.938798013601863,-5.840036910184019,3.6940573502555627,-4.084586266660145,5.3187682853629665,3.954563646279983,27.697707847535717,-11.813517864461446,18.7205592781864,1021.1388396818685,597.9128198350106,1.0,14.668489521967706,14.1957220721279,13.45580000385576,6.910288765260743,7.785352572340626,6.7062016852441575,5.685280872768548,6.627810325127157,35.45675625363215,30.111828644926092,33.430859392117526,22.136362483977365
1284,331776388970014.25,-13.75692720691194,-3.0324223494013727,0.04957322353724937,-6.040119397575176,4.935013359680131,3.849706442607055,22.724897579738567,-16.571381525872585,19.660010311339988,1021.1287931136767,602.3046637523655,1.0,14.087266909727903,14.087179685140063,13.757016525423156,3.0328275271833074,8.698139967339888,7.799833280089087,7.162630943390437,6.258961299965964,34.31541433711144,28.12528498852303,30.0489097215124,25.71238400300575
1285,331776422303347.56,-14.624499379180453,0.27498335262272267,0.8765695524440282,-7.0251494329990045,4.287943473695617,3.5166351242846936,18.288626072399495,-23.53314363860992,17.81682368281938,1021.1245747760279,628.6172556764992,1.0,14.65332631575988,14.627084396279017,14.650745928857049,0.9186892970376637,8.950190298922582,8.230381752359673,7.856172551142131,5.5455551418195865,34.72350643693938,29.804071754233465,25.532587995750138,29.51691135027715
1286,331776455636680.9,-12.35690681819957,3.5540458902644843,-0.9747540303282578,-7.006484684275796,3.1571586847748585,3.3546538205354253,14.353621762323,-27.99743926981416,10.302314302663616,1021.1086500150276,652.9279218927028,1.0,12.8947483001187,12.857853176318857,12.39529312010443,3.6852934224762963,8.385235885022766,7.68495143718167,7.768174166856986,4.6066640008233986,33.10620400096682,31.462407145079734,17.66816735506826,29.832772007605985
1287,331776488970014.2,-4.301323000076213,3.9984050686315475,-0.16318230245276888,-4.9523349158385335,2.5899438591972404,2.9860825809902893,9.10832835195763,-30.52917792079156,5.089540963843591,1021.1186456506879,667.3928730177262,1.0,5.87496817929058,5.872701477501056,4.304417267740015,4.001733568928875,6.336412194051187,5.588687709330961,5.782932672885539,3.9527836235097817,32.26291643836719,31.858944582117314,10.433842656936951,30.950511009383817
1288,331776522303347.5,-11.690921903007798,10.15766848237544,1.138653219237343,-6.789838906322433,1.4307404921449867,4.294726186177189,6.787597891556145,-32.395333026996475,-3.0216834470447274,1021.118091022976,694.3683997228547,1.0,15.52908287999489,15.487281360525186,11.746241360363195,10.221289554235462,8.160490410747945,6.938943055658627,8.03408895818598,4.526774941401366,33.23642065448098,33.09877772769662,7.429808610697958,32.53595200365517
1289,331776555636680.8,-4.468384087053138,1.5750609109526517,6.840558018463653,-7.652769144319067,-0.4321220021349911,3.968889599406997,1.9139522597705418,-30.79954566782337,-12.133272406252633,1021.0999954296163,759.5413622628304,1.0,8.321088103523968,4.737855339986723,8.170660337659196,7.0195477687083505,8.631551984043899,7.664959556381961,8.62072852075293,3.992344433664283,33.158581481742395,30.85895699139908,12.283302183737577,33.103297609583684
1290,331776588970014.1,-5.447682710229082,5.515784490168583,7.331473535177645,-2.0775913283033933,-1.6006637212587782,3.401164662860264,-1.466722694361573,-30.12497760334383,-12.987998993544544,1021.0987851896072,888.5986208923948,1.0,10.670127911619588,7.752491564220704,9.133879302264678,9.174659815981979,4.294930865553581,2.6226913802419562,3.9855121115523953,3.7589952663502215,32.83829576760092,30.16066231143014,13.070554438066862,32.80552382539077
1291,331776622303347.44,-5.3268325214081695,5.196347422062412,13.099407113902126,1.3415612748007146,-2.598446470352233,2.2766540512037934,-7.089236095806279,-30.39332666315532,-13.590124879639497,1021.0884129116827,1101.9780312016649,1.0,15.065577917147952,7.441583920235423,14.141061185317081,14.09242680543434,3.7060577953120943,2.924330814619115,2.6425253684510888,3.4547181836075462,34.03972779443965,31.20915849675141,15.328038448095016,33.2933296607213
1292,331776655636680.75,-14.479334803817093,8.83193390579275,15.108075297091126,0.13259642578870173,-4.003336776504787,3.31452438896413,-11.368402926874149,-29.632721806323907,-12.092682104549699,1021.0889246077086,1375.8728157983421,1.0,22.71361116291057,16.960371248216255,20.926181580584743,17.500199875969038,5.19907290613295,4.005532069307107,3.3171755662264815,5.197381770772066,33.9642716282926,31.73860089478969,16.597395747208573,32.00517399003919
1293,331776688970014.06,-14.385205919629444,5.691785474177736,10.35383889670437,-1.8360883767224905,-7.17647210934774,2.1865921326345705,-17.362279499576232,-28.40882176048699,-8.638129492539942,1021.0587414722758,1664.2916840226317,1.0,18.615384796804793,15.470312577133102,17.723885839427265,11.81517675631512,7.723610400446208,7.40762934165725,2.855241790397939,7.502195484706154,34.39661588543868,33.29429235230153,19.39242198775835,29.69307048705148
1294,331776722303347.4,-13.891722334796274,5.367449352835856,7.0218677880324245,-1.1090479610703246,-8.818377541113291,1.6580912483878674,-16.772374280163117,-25.711692188165937,-3.0355679387401846,1021.0588392726448,1921.0770838905235,1.0,16.464995876554084,14.89259755658279,15.565557383520996,8.838333541333764,9.041185565264435,8.887843936386682,1.9948067495210358,8.972906387876323,30.848311572654634,30.698593683960027,17.04485880565118,25.89026434568988
1295,331776755636680.7,-13.125130965534582,5.481705340320089,4.938493008318777,-1.9346168378926616,-9.254127592757287,0.9666361439777875,-19.761473983733737,-25.969316904565673,1.2460121962541713,1021.0590765613596,2100.3755810287385,1.0,15.056788153312844,14.223858699401108,14.023472325199926,7.378198061268566,9.503473325439169,9.454185306650679,2.162666813057908,9.304475425185238,32.6569107677496,32.633131546015406,19.800717168905763,25.999191658260735
1296,331776788970014.0,-9.953289931016297,2.9750684488017427,2.3016251846553284,-2.9208966638823375,-9.114962301215613,-0.3630264905898957,-18.636674909835133,-25.583359061816864,8.806748699769438,1021.0569211532729,2180.7361729655368,1.0,10.640323830437007,10.38840761261927,10.215941412396122,3.76145061986666,9.578411314332394,9.571529400971444,2.9433697616760597,9.122188662018115,32.85411291210913,31.6517600234288,20.61272602922207,27.056738228151925
1297,331776822303347.3,-7.987338626253397,2.361375192227467,1.810470789668345,-3.2087175718214667,-8.08004509425508,-2.139284560872602,-15.416690816173674,-27.459314823662314,7.298590034449346,1021.0716083840722,2182.573273628266,1.0,8.52358349575747,8.329085851935181,8.189956215431302,2.975549911984275,8.953185780117561,8.693848237743252,3.8564759675257583,8.35844884877472,32.32580614304086,31.491083282518158,17.057073963973334,28.41273283364281
1298,331776855636680.6,-7.370525280188791,1.4858012336194455,2.4285541170759712,-2.1490303991915467,-6.8522205693358025,-3.1885478533644087,-11.0336689768959,-27.096451627101214,10.709815201073669,1021.0793164509635,2130.4202787299973,1.0,7.901273524647389,7.518793002319397,7.760316875325949,2.847012540434572,7.857359340177387,7.181313138102116,3.845148770833732,7.557761847532869,31.155411785317487,29.25678625330457,15.376670404637789,29.13619454254424
1299,331776888970013.94,-6.445519395588411,2.092127876532427,2.0560172068466627,-0.5237145386605372,-6.458492948183294,-3.41182505981754,-3.966275388834486,-29.08877728474026,10.347477822373138,1021.0690362091376,2048.810583983801,1.0,7.081590646565221,6.7765565983521805,6.765495328041839,2.9332926561483146,7.323042968502692,6.479691974140264,3.4517860821324633,7.304291984890274,31.128099872395023,29.357934266247263,11.081590036839392,30.874378717728472
1300,331776922303347.25,-4.836598266959406,1.1377878931849124,1.0564204262252384,0.1342666440307362,-5.488828047300019,-3.3364529148765745,-0.1742967084703722,-30.245354940325655,11.906831747780831,1021.0790173677465,1960.522866446471,1.0,5.0796917428894055,4.968625975642853,4.950626921199036,1.5526060050199715,6.424731816793212,5.4904700039729395,3.3391534233825895,6.423328684258321,32.505146009191016,30.245857151168078,11.908107390032438,32.504678705322455
1301,331776955636680.56,-5.261398802681618,0.19222542302251833,0.2254885340998173,-0.24951821929666726,-4.368462784100321,-3.1079306807015032,5.194950179994259,-29.391856387093167,9.789466842075438,1021.1061458742923,1873.2455231207146,1.0,5.269735577154345,5.264909113566515,5.266228483447148,0.29630337876350754,5.367025205258144,4.375582982624202,3.1179307974691626,5.3612218954371995,31.411819277211983,29.847424164442263,11.082471223726088,30.97926537107689
1302,331776988970013.9,-5.436258455958284,-0.10288460901119141,-1.076396182740436,-0.11718414954916184,-3.4649207991703066,-2.5977664037228485,8.814650351981436,-27.86002274238986,10.368549359741037,1021.0957962379114,1786.9736521688938,1.0,5.542753826841628,5.4372319467491295,5.5417988724056135,1.08130198602868,4.3321817318459415,3.4669018257557505,2.600408124356002,4.330596544684593,31.006221050936745,29.221206820290064,13.608999840292187,29.72688485246758
1303,331777022303347.2,-6.129721848800389,1.0851889874482175,-0.9241773740331597,-0.28121128129581824,-2.3646946678968095,-1.672450695709633,11.342050079505826,-28.411950059361747,9.10864590090065,1021.0892632167894,1701.641021274378,1.0,6.293268538749525,6.22504016711055,6.198999416223209,1.4253908085692548,2.909974568048194,2.381356894106307,1.6959278033889507,2.8963549854876627,31.919405325439232,30.592172302431944,14.546804809098537,29.83632578458112
1304,331777055636680.5,-10.119052139880612,2.333876693760276,0.8199675752797428,-0.19852647319013703,-1.4358738455966624,-0.6277025844182477,13.122373197479533,-26.90867354287304,5.970233334340324,1021.0858661160794,1617.1871210887346,1.0,10.4170314128263,10.38470975190447,10.152219611204858,2.473727399328297,1.5796065951721046,1.4495331872799124,0.6583489158817394,1.5670814385199945,30.5273168856569,29.937825408182952,14.416669670919063,27.563025920667418
1305,331777088970013.8,-12.429537751046455,16.381562691601935,2.5820842484179822,-1.4351451999205165,-2.2248983574575734,-0.4180800072093642,12.670351618221412,-28.379205890854017,6.595522900278776,1021.0585298881432,1534.184210409047,1.0,20.724771747585102,20.563292657635678,12.694903220214686,16.583810035236557,2.68041141213443,2.6476054173294603,1.4948018722503265,2.2638382436573488,31.771340221226914,31.07920747259893,14.28421269995192,29.135549579913285
1306,331777122303347.1,-21.980681393017267,24.1626976017625,0.23892653749961176,0.787747962706101,-0.8833461034993411,2.0033159526856936,14.088715395353825,-29.158574185351664,7.7794545195573095,1021.0217824201992,1454.4026037402791,1.0,32.665630191163864,32.66475638812503,21.981979901538832,24.163878854284565,2.326826593796811,1.183573906148273,2.1526313337477463,2.1894234731664994,33.305168707511406,32.38385940578943,16.093843981881413,30.178508265726407
1307,331777155636680.44,3.8025178864456657,18.8512321236281,-8.96621280069063,-1.8337430940774035,-1.8970948982824207,0.6304901850880855,10.608297294541984,-27.224575031775878,3.5170381210264887,1021.0391277420784,1379.7460513526335,1.0,21.218413391272115,19.230915081078365,9.739205011909737,20.874911366666364,2.7127662379309734,2.63848115175488,1.939105878638136,1.9991215387218448,29.429288375612057,29.21837533385765,11.1761142010155,27.450811332373185
1308,331777188970013.75,-2.4687870076332588,13.156993998436189,-5.0544258882932,-5.691615465391071,0.17148832182930576,3.526131515662211,8.658223053790401,-28.95370080835681,-2.2330928253073514,1021.0694138677746,1312.1183035163122,1.0,14.309039849835948,13.386612729288343,5.625133807235814,14.09445678751524,6.697574062012971,5.694198350110632,6.695378262027105,3.530299096432215,30.302942439893002,30.220549580525986,8.941561944963908,29.039688257043686
1309,331777222303347.06,-3.3723570457342253,8.355425843651942,0.8479535720054735,-3.296238918566238,1.08956454652252,2.394984032984599,7.03211894554905,-29.83077342833823,-8.347933014860972,1021.0884573875932,1253.3593120742553,1.0,9.050135818481227,9.010323694112216,3.4773290474428955,8.39834306807263,4.217616676223756,3.4716482986197703,4.074449597985217,2.631178332855833,31.76497640197149,30.64842149601183,10.91506676502511,30.976814377102368
1310,331777255636680.4,-2.217060114630234,8.098139489957452,2.658750479773276,-2.1387321718548415,1.0217811330453082,1.1985448499525564,4.611606766379538,-29.90578506089866,-9.101334502717192,1021.1064788925993,1204.7676630289086,1.0,8.807052450416496,8.396143087792904,3.4618361696618245,8.523427556593825,2.6560726165001736,2.3702767742975253,2.4516698514022486,1.5749750604994193,31.59837316709101,30.25926134386606,10.20299988719337,31.260042703729948
1311,331777288970013.7,-3.8685080346904503,9.259745166293321,4.111605793225369,-1.5767213475581263,1.3146772762035046,1.142314225560446,4.860625892891986,-29.900469365705373,-10.433104357098848,1021.1142429880404,1167.3689875713644,1.0,10.844977508415658,10.035349269415445,5.645410225426402,10.131543946683395,2.349320824904326,2.052906853320769,1.9470315862263958,1.7416251406326297,32.039248101137645,30.29296539396791,11.509793681763673,31.668402782830718
1312,331777322303347.0,-2.877518179051345,5.564506292336559,3.564033515341962,-1.7267923241160914,1.3190572524297748,0.855833514287989,6.045844938012623,-27.994881622479383,-12.462179663790504,1021.1281778096319,1142.1868282883477,1.0,7.207369565015028,6.264490493904842,4.58065997092687,6.608030355252157,2.3354174723146115,2.172952775790086,1.9272422615760536,1.5723749678006567,31.234140936541227,28.64027999288985,13.851287412622932,30.643422116813706
1313,331777355636680.3,-6.98796002668172,1.3654419543898917,4.355168334181794,-1.141554398404097,1.587856943719312,-0.24122773121602842,5.542282117208142,-27.457712504046548,-12.754743617130488,1021.1177324558187,1130.244042707345,1.0,8.346466814429295,7.120113557051578,8.23401946521633,4.5642001434937,1.9704382600175543,1.9556165570564632,1.1667635848034392,1.6060761165104434,30.778667153733775,28.011477415902206,13.906846364487388,30.275558800682855
1314,331777388970013.6,-7.857340019103683,-0.43958758782115154,5.32225603112914,0.18903749687521884,1.1525705245642206,-2.2551768862110135,8.330848129558696,-27.189930226442605,-13.079377387583625,1021.1181797111491,1132.4866766556152,1.0,9.500391501620614,7.869627019317668,9.49021609009504,5.340378873100383,2.539680447894871,1.1679700292897464,2.2630859381219377,2.5326353077761996,31.301205234358353,28.437569099284644,15.507196503707737,30.172212689255176
1315,331777422303346.94,-8.584443944784791,4.0077834559209835,5.622198975114019,0.22669515925910635,1.044041658283031,-3.0909964455232144,11.053875865144187,-26.119471972687617,-10.808459234476505,1021.1074066113099,1149.7147596636685,1.0,11.016538811554168,9.473911867370637,10.261666490240529,6.90445142971743,3.27042393363598,1.0683696361568373,3.0992982627473364,3.2625575873028705,30.351899097047806,28.362210558664692,15.45997938761102,28.26746552408536
1316,331777455636680.25,-9.296484722802912,2.892928143552204,6.124138459676163,-1.154832805646816,1.6273918857707812,-3.480996236923411,14.342458952796242,-24.53574434432924,-11.06903630094212,1021.1305548111228,1182.7119781486463,1.0,11.50211864476928,9.736203646445793,11.132371718308397,6.773042530284386,4.012403015693416,1.9955057401247125,3.667556899418609,3.8426213905805926,30.49971219494544,28.420219551279494,18.117110515869232,26.91702649182964
1317,331777488970013.56,-10.789038835744917,2.977841559622877,9.502417222599293,-1.2826031923140342,1.2573731402781896,-3.515604966854999,17.699946081174982,-23.098114457674466,-10.447466789196348,1021.1286511267616,1232.262018527691,1.0,14.682194400898691,11.192448318104008,14.37704044897849,9.958085831452191,3.947852130691159,1.7961230923372673,3.7422652540820365,3.7336932783597225,30.918611629368037,29.100016886186367,20.553288145400536,25.350985263125196
1318,331777522303346.9,-12.571565624693047,-0.8426542751241876,11.970665701739465,-3.4511458108166826,0.9580940982090725,-3.565512960516994,20.896057399634497,-18.54319175858948,-13.157489784648101,1021.1495417129153,1298.089732245687,1.0,17.379619265857077,12.599774937805394,17.35917911650103,12.000287645310285,5.053833632021859,3.5816688440642572,4.962186018191196,3.69199498545674,30.880652727521152,27.93734374353869,24.693415160360843,22.736963254334118
1319,331777555636680.2,-11.73249708938779,-3.4456752991071617,13.852817421059179,-4.68032933750088,0.5005130547872121,-3.633817407207209,20.565814444088442,-15.064341376649395,-14.390428999433839,1021.1387625747074,1370.8639098645574,1.0,18.477681584023763,12.228007450904263,18.153568201697805,14.274916068687686,5.946480049105183,4.707015617722535,5.925378608696119,3.6681251705652778,29.274076443991436,25.492883415983133,25.10054123991001,20.833118535158807
1320,331777588970013.5,-14.761998666446106,-6.036135918516826,13.20134191791341,-5.929618292044293,0.31160595372337285,-3.1364742496653264,23.243047765617128,-9.574980266177302,-13.359483384127643,1021.1489208506508,1436.6572827596415,1.0,20.70330818706574,15.948402473444341,19.803838846592704,14.515865983828409,6.715276768574457,5.937800212178087,6.7080432175232705,3.1519151303944595,28.467443032756325,25.138009398765927,26.808861701413992,16.436424288404925
1321,331777622303346.8,-12.033981272005887,-8.952431329277708,12.991106663733783,-6.437335899018516,0.2893388114764085,-2.8759516542740657,22.730566606556675,-4.09897444821145,-15.528364255418927,1021.1392576259958,1481.5065486843155,1.0,19.84267079576058,14.998757680568795,17.708347116642386,15.777036447125973,7.056494054581272,6.44383507118386,7.050559651156372,2.8904696617588495,27.83182254598452,23.097191382984207,27.52832640579666,16.060251803009272
1322,331777655636680.1,-7.665778290963822,-8.892277028752215,10.759829206501422,-5.482919861448754,0.007791951065331109,-1.9447338103521181,23.280614902017682,1.927698999837694,-14.219227350343049,1021.1487400620389,1491.5067555038158,1.0,15.925158464372263,11.740389583071192,13.211286135698266,13.958743328435958,5.817599205402285,5.4829253981401775,5.81759398722495,1.9447494202668045,27.347568083666356,23.360287961624596,27.2795428234564,14.349301372356742
1323,331777688970013.44,-4.971444191007656,-8.756380847725204,7.2179715944940135,-2.4513071398617208,0.5742011088865104,-0.6068532741930109,24.36589405472044,3.4211684693846736,-14.212753014449655,1021.1604871584337,1459.6286286715351,1.0,12.389050683310444,10.06923348099112,8.764380827144963,11.347833250860326,2.5897653375899377,2.5176603439271843,2.5253074249159897,0.8354506627235841,28.414847087948942,24.60490168201801,28.2081396291143,14.61871204811353
1324,331777722303346.75,-4.155785909088565,-3.03895397185936,2.9316184283404634,-0.525415728730948,1.7282793715491571,0.47664363191722303,24.099723646866053,3.3624216598569356,-12.414581996839374,1021.1388651141708,1392.0982835873094,1.0,5.9245408577073935,5.1483781684389545,5.0857588550347606,4.222514399320053,1.8682078112371396,1.8063807112899049,0.7094017478446993,1.7928019237968233,27.31710829187889,24.333157610018265,27.109380775140604,12.861870998222745
1325,331777755636680.06,-5.628053962454961,-1.9296089479476455,0.8819083052714303,0.7957929742217682,3.8115614167814234,1.9882168041361272,25.824288269193666,1.0074217649528943,-8.901083311841637,1021.1181619536663,1296.6511793996367,1.0,6.014660784716901,5.94965394760944,5.6967318405566285,2.1215920792900658,4.371989587358004,3.893749721247828,2.1415631015849157,4.29895411631086,27.333826064919272,25.843930877924016,27.315254872227705,8.95791173973301
1326,331777788970013.4,-12.876522516597097,1.4199811826416975,4.73979031646177,2.905131580040133,5.274990078739533,2.390279717421935,28.15054105272201,-1.9082115876307995,-6.266434603583106,1021.1191795029847,1181.0227752570136,1.0,13.794447829598447,12.954581378010197,13.72116774784336,4.947924696585558,6.479100782953269,6.022068567207366,3.7620774347247514,5.7912828853647955,28.902637174921242,28.21514191040257,28.839576352678463,6.55053235272922
1327,331777822303346.7,-14.907283340331007,3.123118209124831,8.588330676060417,0.9465846544864622,6.51455265977915,2.0884388858054694,29.611513899010408,-2.98302540715446,1.4891311784069732,1021.1187758412193,1053.3064145138303,1.0,17.485433587373173,15.230921309529423,17.20425878642468,9.138560671655437,6.9063011695761745,6.582964291650445,2.2929455919959474,6.84112368962731,29.798619223674095,29.76138766877337,29.64893365802201,3.334059424520321
1328,331777855636680.0,-16.923171175239773,-0.93502740191233,9.020152871801074,-2.0430117088420325,6.91658849646981,1.2328979833914058,26.85767627750411,-3.88962279114203,7.467406069439372,1021.118779445809,924.6995655305186,1.0,19.19976970433381,16.948982236960227,19.176988305183052,9.06848576516433,7.316633837319915,7.212010348853096,2.386196613843092,7.025612704024405,28.14651122058431,27.137869122032747,27.876458319397514,8.419698264384033
1329,331777888970013.3,-17.02569215799241,-3.186124798646794,6.869435834747274,-3.140625014088426,6.797874114570362,1.2816884746141497,27.28925344403458,-6.180520745983605,15.648853259514675,1021.1088592693906,807.9934273426201,1.0,18.633698864664158,17.32124662636256,18.35928490291586,7.572353657896734,7.5971931200031015,7.488298735805331,3.392086500235021,6.917645395906366,32.059145318646756,27.980389386573712,31.45774883666306,16.825143239490025
1330,331777922303346.6,-15.613477970333843,-0.2357098194027219,6.360201960206901,-3.3751795673142455,6.050835426050464,1.2404900562675323,23.705596653186987,-8.460225036872512,19.849885682731166,1021.0986918858272,715.9922347345338,1.0,16.860854735857338,15.615257072781834,16.85920707817304,6.364568178092098,7.038697467888609,6.928524118797804,3.59592167480247,6.1766839754714615,32.05540019989784,25.17003616123971,30.918817479022156,21.577612687506008
1331,331777955636679.94,-12.090312058856371,-0.2675402759227006,1.8032272840142094,-4.941296018873224,5.165947115253832,0.9925076735285168,20.239363916232417,-12.710645371123451,21.518574367121555,1021.0987500611106,661.4217094395277,1.0,12.226972320144585,12.093271826919652,12.224044924587812,1.822966383961607,7.217235442033519,7.148665326040363,5.039987879761752,5.260425940892275,32.15962375833234,23.899630906860317,29.541172869861338,24.992189750876232
1332,331777988970013.25,-9.028340488417427,-1.4457012799317421,0.05428697115611329,-4.451679089768445,4.338032780092508,0.950786929373338,18.183138841124347,-13.767043212963957,20.611120131365098,1021.1107274261427,647.706004150973,1.0,9.14351853723888,9.143357379299669,9.028503699397522,1.4467201754429162,6.288081655362462,6.215784352713561,4.552081117834874,4.441004862215793,30.740466652488955,22.806972989487708,27.48535630449728,24.786079800912056
1333,331778022303346.56,-6.823308659555648,-0.04791938894280655,-0.5598983548330633,-3.56389100288383,3.552947494654211,1.3123172896228725,16.330258849949796,-18.454505572033764,20.259152125413053,1021.0987298093662,660.3100375276392,1.0,6.846409533408626,6.823476923929893,6.846241832663514,0.5619452247162733,5.20066646198822,5.03237071172285,3.7978277671689424,3.787560239575439,31.9010873616436,24.64236453781554,26.02134890713761,27.40441608115111
1334,331778055636679.9,-6.456557613536175,4.308695940412837,-2.0968761712584816,-3.5898675594166938,2.750758056826123,2.2230256954325585,11.001415008891193,-19.95001233155397,18.18608620194179,1021.1084974782289,682.6500158489077,1.0,8.040453134086016,7.7622159802367,6.78852162805007,4.79184206589926,5.039410900482278,4.5225898533192455,4.222439145411782,3.536737639371521,29.150777958254725,22.78232043113721,21.25476096177781,26.995124066646056
1335,331778088970013.2,-5.258861621462592,4.14903803603261,-5.2594038473358395,-5.67766730878059,2.0984221704866344,2.524876167500787,8.84281204010775,-25.26686618325589,15.219471051432818,1021.1087649511626,698.1421453941596,1.0,8.516541023649715,6.698517909070446,7.437536849190274,6.698943607302301,6.5585273755622255,6.053039044544952,6.213767434528692,3.2830435980661754,30.793540728286448,26.769569505302744,17.60192102760594,29.49655616860995
1336,331778122303346.5,-4.747097176596114,2.673915984013145,-5.345724683886198,-6.624832437581361,1.5400365186501794,2.539037228610679,4.253623978859035,-27.090470983034237,8.71394129545687,1021.1087598851477,692.5391540196863,1.0,7.632924124443919,5.448372077383095,7.149244995099622,5.977173168435994,7.259946787207008,6.801479052735983,7.094724439631267,2.9695828877212977,28.77359393500946,27.422380185464288,9.696705102981792,28.457448778541067
1337,331778155636679.8,-3.167198399591763,0.2899200741019019,-5.230127419586361,-5.997727221012833,1.0015253500459103,2.0162306892062425,3.1529823403885584,-29.625749016979167,-0.5125570517029066,1021.1201877952444,671.4686909143484,1.0,6.121227995823466,3.1804401191885185,6.1143583905006516,5.23815678215881,6.406322739025875,6.080771730994587,6.32755229214073,2.251275020711966,29.7974666236426,29.793057957447807,3.19437198366948,29.630182577032706
1338,331778188970013.1,-1.2019996343201007,4.396594939350138,-2.1545056703216146,-5.039785610300344,1.051242871711421,1.7127924865073307,1.3818703669386863,-29.55151078585743,-6.123655995493119,1021.1090029625861,650.5995086409895,1.0,5.041502242890792,4.557943635196128,2.467123386528052,4.896114964353598,5.425698911195722,5.148257042253667,5.322884283884666,2.0096690466741136,30.210933752348836,29.58380224781242,6.277637171911267,30.179313320183194
1339,331778222303346.44,0.9072164501654465,5.369146375991788,0.06667864482115364,-5.665146003253448,0.8042647969190704,1.1363121906492388,-0.9264710494995092,-27.348240265218255,-11.720595993883308,1021.131714500453,645.6777716327376,1.0,5.44566070701726,5.445252472959958,0.9096635252256626,5.369560396205721,5.833688926944928,5.7219508125937075,5.777982747706728,1.3921376577700015,29.7683886809733,27.363928705682337,11.757156078635436,29.75396807244268
1340,331778255636679.75,2.5350752348358365,6.723684973185257,2.466215549676118,-4.6739456508343755,0.41033653126477926,0.9442135514382327,-0.10760603674791008,-26.746150758907635,-15.998106383996982,1021.119160524074,672.4006006308877,1.0,7.597155072945364,7.185718201050971,3.5367818117240772,7.161714791591572,4.785988220478983,4.6919232747183734,4.768365252125006,1.0295218791312846,31.16580766402573,26.746367220191978,15.998468268332115,31.165621898044975
1341,331778288970013.06,3.4918220919952105,6.564845020054083,1.1554861149417324,-4.913047573763102,0.19775677176928208,0.5745700775401823,-1.209096528610803,-24.15996446151652,-21.17034952986732,1021.1284984484791,740.4070481970259,1.0,7.5249690910526565,7.435725362025866,3.6780388366585997,6.66575864393184,4.950482297397359,4.91702595100332,4.946530828374977,0.6076499936518875,32.14575394066833,24.190200437310143,21.204848823612306,32.123007050998424
1342,331778322303346.4,1.8648047508939896,3.7578576400889516,2.295195826994639,-3.375821927462879,0.19467234967784905,0.3090607950862256,-0.07970591473157973,-21.67339123256941,-21.448202036588953,1021.139482132656,847.5033266136783,1.0,4.781936290498369,4.195115111904761,2.957265737672284,4.403341677343301,3.395524935076698,3.381430320096554,3.3899398609707694,0.3652614115786455,30.49209096069337,21.673537795036136,21.44835013783535,30.491986785422085
1343,331778355636679.7,1.4033180282802973,2.9531211806159923,7.153785207953999,-2.0815839314891726,-0.14212315638813255,-0.49391633503618004,-1.0851353355961642,-20.8953944005848,-23.8307641947269,1021.1287979031688,990.1267086918767,1.0,7.86554950384528,3.2695911358913508,7.2901264934181995,7.739351879126845,2.144095147476254,2.086430122341903,2.1393795852651984,0.5139575250906417,31.71277893779143,20.92355194159323,23.85545725407998,31.694208134305363
1344,331778388970013.0,2.631732952456146,7.568616763905414,6.383231656193481,-1.3790157456020686,-0.8702184591946627,-0.9390460626697007,-2.2226808464115018,-19.26467824158363,-25.61015363866924,1021.132117972555,1164.714467242654,5.0,10.244785230962345,8.013112881515747,6.9044670112669895,9.900990157327733,1.8816939446033802,1.6306331878572697,1.668380032976269,1.2802685946857402,32.123949123558795,19.392476321933472,25.706424868916482,32.04696237005918
1345,331778422303346.3,1.9043205014655844,7.444668924235564,7.036262004214433,-1.60708016824024,-0.7924839260886944,-1.2279493282123763,-0.8685123664223526,-18.16684966576179,-25.633505533594224,1021.1598161959871,1366.6910902071038,5.0,10.419141757156995,7.684369327653431,7.2894046097232,10.243635994285937,2.1722331810644215,1.791853074406501,2.022514825609025,1.46146855106984,31.430325267960935,18.187598536063465,25.64821474628272,31.418323200310912
1346,331778455636679.6,-1.5628550878741707,8.659940876983692,6.9984280591424675,-1.012003650166964,-0.9891946452687255,-1.559679717420022,-2.305271571713764,-16.537251884371,-25.80929796750667,1021.141430520167,1583.2327826455792,5.0,11.24344641635917,8.799834772229945,7.170809670092129,11.134297072193002,2.1060052837329204,1.4151527953474066,1.859234307149763,1.8469182080318878,30.739467114477243,16.697154754822268,25.91204620625117,30.652904617061594
1347,331778488970012.94,-4.4646057294681105,8.101030642656925,4.945012403155995,-1.458253811182508,-1.272701377156979,-1.7890700555083203,0.19117559014930113,-16.439823432674675,-26.516332802916075,1021.1388391299926,1797.4975575067936,5.0,10.488686736681222,9.249832527828055,6.662270783071348,9.49104025598001,2.6357246891058494,1.9355291197100553,2.308089218670902,2.195572922709199,31.199683458631295,16.44093496744599,26.517021956118526,31.199097740359772
1348,331778522303346.25,-5.761846699964768,6.874719375077807,4.766473739920868,-2.0504331894168213,-1.0766491993359906,-2.1954122553173137,-2.9681079540215616,-15.230034875078202,-27.20632050075459,1021.1484173590359,1992.616474442953,5.0,10.1577515126784,8.969985723509547,7.4778438942819685,8.365467016217648,3.191125935072184,2.3159122959846448,3.004015851332927,2.445201110180568,31.320081454437563,15.516559770864944,27.367746345223704,31.17912502758661
1349,331778555636679.56,-7.2909418680032285,7.657642382016069,6.68057009673697,-2.6795805278219262,-0.9934081549758044,-2.5856363469668224,-1.4089244711178286,-12.154852437983154,-30.389053773582265,1021.1390937316231,2151.7681186781106,5.0,12.507091468077913,10.573425186449807,9.888773945238034,10.162160383907791,3.853897622694562,2.8577983776772746,3.723663132432681,2.7699052476805712,32.7600380831301,12.236237410023543,30.421697148893404,32.72972696254614
1350,331778588970012.9,-9.260871164064822,6.6459311024730825,3.502603576506334,-2.947682406124016,-1.050549583072384,-2.9956736935749553,0.5606700897234527,-10.505225123706923,-29.807738037468322,1021.1209767597534,2262.5385558960033,5.0,11.92477952627978,11.398777782561885,9.901109358630592,7.5124318321681995,4.332037265795811,3.129294807758871,4.202724407542099,3.1745417472244046,31.609735094739555,10.520176132046156,29.813010546736912,31.604762328011567
1351,331778622303346.2,-10.00193199529829,5.1968517316004,0.6646628741321285,-1.8740338195020547,-0.23388305878550414,-3.3415770276819474,-0.5682983525615093,-10.41523842229605,-28.7992470820134,1021.1287776824026,2320.4325198587235,5.0,11.29104460601672,11.271464481548515,10.023992237368365,5.239183586827976,3.8383383219507947,1.8885719583389782,3.8312060488270765,3.3497519784483423,30.629998153797747,10.430731250051265,28.804853679690538,30.624725694838954
1352,331778655636679.5,-11.611052575919587,5.525491504201116,-1.4848854202845965,-0.48060513381262443,0.8026828707913508,-3.502819675795487,1.7276554256153842,-8.455926177027226,-29.8839054356677,1021.1269786520674,2321.781005852929,5.0,12.944206541736783,12.858755705112667,11.705615175296966,5.7215331052413285,3.625607089419494,0.9355645812603719,3.535636714339731,3.5936117586909475,31.105229220645878,8.630613001461285,29.933803589881254,31.05721319756916
1353,331778688970012.8,-9.73264117362152,7.28154608179826,-2.2773109381790793,2.4772418971833385,1.7637715864638641,-3.2750807111253675,3.670002136372723,-10.31589367044422,-29.05238090143425,1021.1275045078236,2262.9150091652764,5.0,12.366542065790847,12.155049056084655,9.995521463316607,7.629355048134912,4.469202534095228,3.0409895801166043,4.106443848580661,3.719817720480763,31.047180450773837,10.949272939373257,29.283267435909572,30.82950694159627
1354,331778722303346.1,-8.489454372080333,12.348579748844498,1.0289220116713809,4.406577744569736,2.2493177345304534,-2.4298918004435435,5.424892040764162,-13.472352132210904,-26.552154596373832,1021.1287833275317,2141.8935411273687,5.0,15.020550517717659,14.985268010589811,8.551579739541447,12.391372091890162,5.511962613413963,4.947459720888136,5.032126944026757,3.3111636070626256,30.264676428767086,14.523557609216622,27.100670976263345,29.77450563290722
1355,331778755636679.44,-6.340574236053452,9.852170196140024,3.440114198507651,4.038537739290657,2.308842368528597,-1.2458504234220764,9.377979200899468,-16.585862459482062,-24.832524660006012,1021.1396725776876,1969.7850270675933,5.0,12.210754477729397,11.716148651182888,7.213686113331987,10.435499186549904,4.815878261742981,4.6519393971103735,4.226337699381801,2.6235274651228084,31.300025693394662,19.05353844873333,26.544317186213505,29.86210164262829
1356,331778788970012.75,-5.46175815401985,9.432767097001296,6.373323405699104,4.706738526917012,2.230419756668488,-0.23046413228328794,10.448154811769603,-19.570296822481097,-20.349951701838854,1021.1496024293372,1763.5833190172011,5.0,12.626446391321059,10.899903542659109,8.393453006161073,11.384039104812592,5.213566300333307,5.2084700106367166,4.712377454855883,2.2422948082725886,30.104501174374107,22.1846896911072,22.87541197963172,28.233261447930307
1357,331778822303346.06,-4.815052016595242,11.363459979438856,6.549041792184235,4.443221005870581,1.8668635168808714,0.5407066155388158,11.600245765635446,-22.36234991168642,-17.508295976235335,1021.1486976673232,1540.3123066565138,5.0,13.97150303376849,12.341513222730283,8.128632991979256,13.115569797004024,4.849717099146901,4.819480500808193,4.4760000615613285,1.9435902435308365,30.678670495758173,25.192070089531043,21.00252674833677,28.40097043349329
1358,331778855636679.4,-3.9980427822848346,11.237544590649717,6.239845734261731,3.792932508665437,1.1573613497192514,0.7066491365302087,11.78449105744511,-23.899265729357868,-12.293618320857302,1021.1488703486276,1316.9685119337425,5.0,13.461145170571667,11.927562807037344,7.410804333968357,12.853718653145673,4.028048573599125,3.96557969395586,3.8581977680582904,1.3560377192330813,29.34590573324295,26.646747116401716,17.029600139225877,26.87578750141803
1359,331778888970012.7,-3.3533228828451622,11.13180430265542,4.943484689264533,3.4350939423865094,0.3799875839962057,0.8194198341418287,11.532842829125974,-24.139561811813575,-10.46582950431323,1021.1483997654985,1108.5786730419634,5.0,12.63328469805947,11.625912497057197,5.973509456726912,12.180111161463616,3.551860050958763,3.456047013136795,3.531475507150731,0.9032383011012628,28.727312707614054,26.753035494831064,15.57369740731711,26.310682843281008
1360,331778922303346.0,-2.854044793500173,12.992850967888335,3.608528343824056,2.2594429741379956,-0.1530759292689439,1.0770442307632793,9.66107655285776,-25.39617919479008,-8.47616230774365,1021.1377816261245,926.91133824173,5.0,13.783367685919282,13.302621845225184,4.600766076588445,13.484645085501452,2.5076959681196533,2.26462243950357,2.5030195421534396,1.0878678757744502,28.46309268722007,27.171719081686135,12.852304370321772,26.773330856677184
1361,331778955636679.3,-2.603238781500707,11.691880242572996,3.832703179170777,-0.6961789119833377,-0.4693793850149809,1.6211169556368297,8.744441521048945,-25.462999685314877,-8.785659858076572,1021.1487318634264,783.4293686097066,5.0,12.57642753009788,11.978184994404538,4.6331917522519035,12.304051254212759,1.8256511902388606,0.8396321126346619,1.7642803805924745,1.6877017482156806,28.319912246177747,26.92265979596723,12.39568782508106,26.93607566287568
1362,331778988970012.6,-3.4106648292760866,8.057132430720142,4.4298089745706966,-2.797314615329009,-0.7269832225021824,1.3722088631645863,7.737201006252758,-25.351757705807174,-11.356520788704477,1021.1585203948654,689.595625222556,5.0,9.806794845157627,8.749286690000684,5.590692455219475,9.194595725606936,3.199442268127429,2.8902376481758276,3.1157545187772304,1.552888202655653,28.836547342034365,26.50614830912089,13.741719100441388,27.779168151660524
1363,331779022303345.94,-3.694332793035229,4.772597323090171,3.1909919237974598,-2.5312190294726857,-1.2997900385785524,0.6587536281532357,6.340568752003097,-24.784615029808794,-14.969995176649698,1021.1694872848554,654.7217956004604,5.0,6.827020539869757,6.035377369648309,4.881651794570777,5.741090024212133,2.9206985914602233,2.845439143533504,2.615535531735269,1.4571926732567269,29.64086216464726,25.58280583272097,16.2574157752022,28.95475604740505
1364,331779055636679.25,-2.970971528965155,5.923617521156718,3.1645574531397127,-0.07306573489752402,-1.5750498616402515,0.2841245297987685,6.514934584261103,-23.574372160396965,-14.763074628216474,1021.16876855175,669.0923391069514,5.0,7.343727952279994,6.626908507205785,4.340633099001073,6.715926474521364,1.6021383887487566,1.5767436913680963,0.2933689657231769,1.6004714352609817,28.568230044446047,24.458033350907446,16.1366894100212,27.815452454259816
1365,331779088970012.56,-3.0405845799562057,7.068249288587061,4.22284623689326,0.06005506290036043,-1.545555474987571,0.01515472128193206,4.650500523097557,-24.6626703510223,-15.062889441441687,1021.1571538717345,713.0643232154447,5.0,8.777114157507723,7.694498202838112,5.20361268046643,8.233624860658582,1.546796044222106,1.5467218033130659,0.061937679623144525,1.545629771918615,29.27055008508758,25.09729993362882,15.764447133991922,28.8987533843294
1366,331779122303345.9,-2.59164716806725,6.47124107041284,4.361113073068271,0.015441557426438223,-1.4051534476946494,-0.05558999785532277,2.7408212766947577,-25.500250048178906,-15.982781297752663,1021.1589136679562,766.9087987728424,5.0,8.222706566042344,6.970910703426699,5.073060445119689,7.803606104070406,1.4063374065726435,1.4052382905628191,0.05769479662247524,1.4062526300169949,30.21959880280053,25.64712174475785,16.216084585453263,30.095050266305265
1367,331779155636679.2,-2.9613444190294405,6.796411216820073,3.449326088180192,0.29725773741471784,-1.2303721409859993,0.020379835958013588,3.979929374949922,-25.245720903876855,-15.255503292824145,1021.1533440108149,810.9829785981035,5.0,8.176711848832328,7.413552872694341,4.546142456051864,7.621617668888815,1.2659356640371044,1.2657716096387173,0.29795553387475937,1.2305409148127286,29.7643518744051,25.5575089119819,15.766109810189628,29.49706433992734
1368,331779188970012.5,-3.8425939315905233,8.012211766980958,3.663955018185215,0.5274934209069465,-0.921731416341669,0.1087911090680681,4.039915724542564,-25.950615702103818,-16.10796852801634,1021.1479564221924,834.0482383799939,5.0,9.611744477321952,8.886003911885501,5.309434480091165,8.810227226027303,1.0675549720663533,1.0619972283256356,0.5385952232543223,0.9281294679534098,30.80944700054268,26.26319429124499,16.606853078201517,30.543429824069236
1369,331779222303345.8,-4.92704648988321,8.109543492396956,4.044913263589269,0.14001726544895987,-0.788945568449214,0.2170121934387952,2.8047283605218416,-25.542154968632147,-15.32979049367931,1021.159829813281,840.2002010754202,5.0,10.315125112111277,9.488966369871289,6.374724340975918,9.06234070011927,0.8301410944535723,0.8012739510301442,0.2582617407300616,0.8182477632580308,29.92107381425399,25.69568410488297,15.584254161056796,29.789329583287376
1370,331779255636679.1,-4.314702859504986,8.035879687168485,1.358936694900464,0.473179162467745,-0.7187299509111206,0.1481865978109316,2.064614065411724,-26.166668522370898,-16.457062295202125,1021.1587475919824,835.1658300279647,5.0,9.221644758567452,9.120966128238146,4.523645621240406,8.149973698570694,0.8731726804596884,0.8605063986574292,0.49584048600780417,0.7338474024669438,30.980511167295084,26.247993690922968,16.58606435014827,30.91163924718001
1371,331779288970012.44,-6.259986937786103,11.272951205760021,-4.994636076705612,1.6237252867175098,0.15864181579411998,0.5712562442827692,1.8814838066465411,-25.87110708300226,-13.58261497206298,1021.14815757987,824.6720885812096,5.0,13.827988099771716,12.894450951812527,8.008359757152638,12.329875036924566,1.7285788177217636,1.631456720984138,1.721283678932068,0.5928751321741454,29.280396044011297,25.93943258852905,13.712308733177743,29.21988383240904
1372,331779322303345.75,-4.896798262564548,14.141797188913902,2.6098228449076406,1.2089192797522101,0.9602057595071058,1.4517858245836324,1.0981748455053686,-26.5587246759349,-13.138701397496375,1021.1597051213257,813.8048283249449,5.0,15.191452736273451,14.965595910508487,5.548856504367093,14.380598145215481,2.1192364205083867,1.54385262429651,1.8892241543603503,1.7405967887631517,29.65126167325747,26.58141915706184,13.184516009466329,29.630918494449116
1373,331779355636679.06,-4.903123102924249,8.696858846430514,0.5724859419987851,0.26933241140975905,0.7586120174100156,1.5370128133394612,-0.9954453744956537,-27.037363954871363,-12.835283659512,1021.1694162009294,802.288236506054,5.0,10.000185503827039,9.983785352118014,4.936431536668542,8.715680922826564,1.735062111039364,0.8050044352639864,1.5604320991973604,1.714030507700659,29.945858941461637,27.0556826031387,12.873826863591903,29.929309317929693
1374,331779388970012.4,-2.988779773710238,9.531460198511487,1.7530229716037586,1.2320759478322192,0.5580937603286171,1.3766944678980135,-1.9539668184613326,-27.990407390081234,-12.640385595096143,1021.168456107345,787.175723292768,5.0,10.141727051667214,9.989070930349232,3.464952247103832,9.691327208116498,1.9299656588875853,1.3525826357544286,1.8475115153004205,1.485515500847679,30.774343862754833,28.058526194195625,12.79051735937065,30.712249247741987
1375,331779422303345.7,-0.5763244628458966,9.95272853228469,-2.4118069273023544,1.3355144263256231,0.22669068854929378,0.8293642709866449,-1.6763015795880172,-27.286068305765777,-11.450605324996575,1021.1886769607746,765.501173249431,5.0,10.256986291226678,9.96940094107105,2.4797101727940376,10.240782093763023,1.588342703949,1.3546170865594496,1.572082655878204,0.8597870447175636,29.63875626407905,27.33751105299539,11.572655239596884,29.591314365802607
1376,331779455636679.0,0.9364355441317249,11.077566976159384,-3.4607704835491453,1.684988135608083,0.24282054569481942,0.9100516027909451,-2.5764330533543194,-28.09454942656598,-8.132855263703195,1021.1886481163442,734.3394756547103,5.0,11.643295666580627,11.117077027690787,3.585225776449548,11.605577213180823,1.9303732163221448,1.7023944415297922,1.9150401919757118,0.9418894506012359,29.361284874823177,28.21243900764653,8.531198158451216,29.24802629618114
1377,331779488970012.3,0.8629237767977879,8.172169172089761,-0.697024432545938,0.7656410711375444,0.508086964777796,0.9543031303667407,-3.9917256068500415,-28.337434413126662,-7.583843819113984,1021.1984877009357,694.6871735278714,5.0,8.247110371601874,8.217602230688536,1.1092702574796394,8.201840771242773,1.3247841628799464,0.9188898811009726,1.2234789391078242,1.0811321974693353,29.60504601434274,28.617198717530645,8.570213555862871,29.334704296975087
1378,331779522303345.6,2.692600357973239,9.182516321873708,-0.880268988020952,0.3994199338652847,0.22691412704010466,0.7443447612972083,-3.2029544859589545,-27.982533656530123,-7.30504145175446,1021.201805495666,654.6535949236892,5.0,9.609556502800018,9.569153708099513,2.8328378314031752,9.224612701503975,0.8746859026472984,0.4593759948226737,0.8447398458931284,0.7781639574800229,29.097160306287908,28.165246444474185,7.976374367529115,28.920335759646566
1379,331779555636678.94,3.6442383912897243,10.386960780102749,-1.4139552643986129,-0.9487185062924172,0.22654654319952902,0.9968773077229823,-4.278749095111873,-28.128947291941092,-8.63801673388714,1021.2086793905642,623.0991183463909,5.0,11.098139357102305,11.007698565092642,3.9089311764561,10.482758403068978,1.3946879604665672,0.9753923007781901,1.3761653864397028,1.0222953109980881,29.73483987961992,28.45251077799147,9.639659066265514,29.42538035179349
1380,331779588970012.25,2.9797635209926003,11.218011134217342,-1.0599420695659596,-1.4561870402330253,0.1277651409677636,1.094683559819002,-5.805438983820228,-27.475900529519613,-10.147275618632813,1021.2185026140529,608.8841223002042,5.0,11.655309590023691,11.607013588708444,3.1626678345779515,11.267974573909013,1.826235670313975,1.461781319961755,1.8217609042573675,1.1021143440607761,29.859595345272442,28.082525379725304,11.690608379180254,29.289798776853285
1381,331779622303345.56,4.486836713108383,11.28483373241079,-1.8678554391278128,-2.459083667877476,-0.10119618459379684,0.9843644634800245,-5.374750967301282,-26.994688093260486,-12.606350692028036,1021.2083758792346,619.4770787064148,5.0,12.28690603853277,12.144100463115977,4.860101607124752,11.438372100506077,2.650718119748005,2.4611649992225395,2.648785737386861,0.9895524567897642,30.27410132412391,27.524555095640064,13.704306831463668,29.793174772467857
1382,331779655636678.9,1.3367825618871592,9.62422111817828,-0.02598662397683523,-2.001594306616322,-0.055591706768610354,1.0493697959303434,-8.71170869144525,-26.612012926293346,-14.572362745721831,1021.2087401198805,650.99691364379,5.0,9.716650402992798,9.71661565306328,1.3370351238435398,9.624256201713175,2.260674053186618,2.0023661518664166,2.2599904284951666,1.0508412851008175,31.566546474182257,28.001662456250823,16.97785688234838,30.340616143745425
1383,331779688970012.2,-6.9467478220371515,8.997692594254568,3.173032025531523,-0.28046038455442796,0.43062641849947403,0.7445406047241767,-6.711540978535501,-25.360341335972354,-15.830774662927471,1021.1934122951598,694.0279571706625,5.0,11.801860427861792,11.367311789674876,7.637109239628996,9.540786354161389,0.9046755505136327,0.5139038233114264,0.795612179009007,0.8601045427113653,30.63992691590461,26.23340799407483,17.19471455811197,29.89582477713927
1384,331779722303345.5,-8.418775692394336,9.341776784706685,3.261639038209998,0.1533804418837294,-0.01970529366192105,0.5017877140268008,-8.794852271038417,-25.376756328387962,-16.201791371858516,1021.1787432281967,739.1172660110033,5.0,12.991646041580333,12.57555476526322,9.028514461107385,9.894800791873488,0.5250759645032259,0.15464106359809687,0.5247060795347148,0.5021744801824809,31.36602033852872,26.857572269655503,18.434952403698215,30.10776985111331
1385,331779755636678.8,-1.5583078030594366,6.86590181045681,1.3078348694918123,-0.6378175654872583,-0.31838723257430646,0.2662505307110335,-7.848058826834649,-25.843467421362988,-14.916800736924307,1021.1886838806541,776.8543844866117,5.0,7.160961033671995,7.0405206398326845,2.034393092530201,6.989351881018209,0.7609671621130084,0.7128686251409994,0.6911588760538346,0.4150418954397646,30.854299213134187,27.008828847406683,16.855354388874854,29.83949987154871
1386,331779788970012.1,0.12009263428725554,9.487275453359748,0.2210261282493448,-0.9645543428270453,-0.10854320489698592,0.16566539093478674,-10.449805322963162,-24.734072359515128,-18.059112055504084,1021.2109328976285,802.1927333607213,5.0,9.490609586222655,9.48803550629594,0.2515448074974881,9.489849739447475,0.984678490345655,0.9706424200475798,0.9786777314418108,0.198057186395457,32.358990945436055,26.85093605023034,20.864562289228168,30.625248794401383
1387,331779822303345.44,-3.02155984406252,8.658612290627808,1.041266979260852,-0.575934998405128,0.23480600754200898,0.19862019289413166,-9.417011963160109,-23.934147317700273,-17.81849217968655,1021.209134592787,818.1722302965552,5.0,9.22960603778737,9.17068103745093,3.1959444321436723,8.720997862716741,0.6529050195786787,0.621960596473549,0.6092217194201277,0.30754486209839377,31.289330221294776,25.720099574839903,20.15387748974999,29.838600358980145
1388,331779855636678.75,-3.0464690249481903,8.561096536512483,3.5213490946581727,0.550704570194613,0.011010044874825223,0.29411776876753415,-9.667070403711957,-24.147253867412832,-17.484895029118242,1021.1976686203952,828.7098232693673,5.0,9.745421841762662,9.08698780825939,4.656272432581529,9.25701211806142,0.6244213374206329,0.5508146191972206,0.6243242631341714,0.2943237723883994,31.34108603266472,26.010423286206006,19.979334432598286,29.812940537903465
1389,331779888970012.06,-1.793650008156444,10.414946925316002,4.30707328821116,-0.310894587860762,-0.2555106059352017,0.5061172487318816,-8.753250184654847,-24.139127257891367,-17.586437136285458,1021.1987152025928,837.7224602544102,5.0,11.412238173072403,10.568268534102872,4.665625430934389,11.270403709147748,0.6466032662849889,0.4024190782088829,0.5939782102274817,0.5669570876259535,31.12233321453188,25.677165995643566,19.644392582711237,29.866038169151164
1390,331779922303345.4,-1.4520398020637748,7.6726123452724515,3.7224056639693854,-0.8214646738699855,-0.2852667017862076,0.41904385676492945,-9.950607664757968,-24.20683003900129,-18.6016542497486,1021.1973328946932,848.7335054906929,5.0,8.650647589328559,7.808802711530407,3.9955880060297466,8.527912061459041,0.9652870326782234,0.8695868568258738,0.922172415716686,0.5069268636010601,32.10929389230204,26.17222217227714,21.095879543767076,30.528546663152593
1391,331779955636678.7,-0.26695129910997634,9.775679165548572,2.834622700422178,0.05998924169987076,-0.3454465331381151,0.44160681974837457,-10.040493307394597,-23.635809430509344,-16.77016201017861,1021.2083596173408,862.051265033681,5.0,10.181858965708848,9.779323399082216,2.8471650549002643,10.178358855998798,0.5638693107672573,0.35061662307550157,0.44566275631692504,0.5606691453124706,30.67085468549626,25.680011551617145,19.546095254640335,28.980852666596824
1392,331779988970012.0,-0.4674320852757866,10.470146579632607,3.436793697683766,-0.09872249220153392,-0.16367171055505458,0.36619205459513865,-11.457511365155082,-23.695372684352645,-19.459474547474542,1021.219245275616,876.4138392535114,5.0,11.029687804909825,10.480575468615148,3.4684353352461574,11.019778596661151,0.4130752717739329,0.1911401561747282,0.3792660692905324,0.40110478641450614,32.73249765900599,26.320054204598883,22.581977688999416,30.661732441500675
1393,331780022303345.3,-0.8275759752295012,9.407358657905744,3.870183467453391,-0.6807175195347159,-0.07312794493009286,0.3441218459253361,-11.534409011577221,-23.596909431922143,-18.937468662157396,1021.2115216439978,890.5486905305106,5.0,10.205958993891793,9.443689899252899,3.9576763468639795,10.172350612824143,0.7662531452296009,0.6846342364585597,0.7627556530400526,0.3518061130406342,32.38030953086896,26.265123757269638,22.17363999384285,30.25626966545165
1394,331780055636678.6,-0.27835738237146046,8.052649806132347,3.3856162861968597,-0.8375348467435152,-0.06518098599926232,0.2076806108532148,-11.017314858027605,-22.83780522984162,-19.276787058534726,1021.2193444028936,903.193623792206,5.0,8.739854081727305,8.05745938447871,3.397039957033492,8.735420226730065,0.865357970189149,0.8400673666114639,0.8628996787773466,0.21766900803789332,31.85186169907795,25.35639119427481,22.20305713141791,29.885780348123305
1395,331780088970011.94,0.30644563791500673,9.000474914785096,3.731259990671336,-0.4345305345944085,-0.15781818071313894,0.24829984936491148,-10.880030962611219,-22.77518212143083,-20.961630839353802,1021.2136953605601,914.1275429961545,5.0,9.748064358561528,9.005690291181066,3.743822918753209,9.743246369134901,0.5247629739731502,0.46230224275738424,0.5004693803716069,0.2942097778086967,32.809662629430825,25.240522863279228,23.617049798667214,30.953172504764208
1396,331780122303345.25,-0.0390399460600566,9.490481028238863,4.025361373872439,0.014547597399625498,-0.14931282131291976,0.40571102016296556,-10.777924850076472,-22.263150129761275,-20.01511843168072,1021.2085319888389,925.0470363964935,5.0,10.308942159844257,9.490561325061345,4.025550683776393,10.308868237475247,0.432559109348306,0.15001983601685975,0.4059717532929795,0.43231441161508616,31.818492792845966,24.734823989149092,22.73254560994217,29.93748185025746
1397,331780155636678.56,0.25396734263352083,10.577542502908038,4.497269538600952,0.3022913999434779,-0.3270900470265457,0.43670890656577405,-11.08824862850421,-22.23665254906385,-19.471997555956026,1021.186735669408,937.8551331462332,5.0,11.496709882169698,10.580590948144172,4.504434782961381,11.493904415108647,0.6237649063689698,0.44538521455434016,0.5311259356816063,0.5456212678568366,31.568602488144304,24.8478967768967,22.407765316217567,29.5571887263817
1398,331780188970011.9,1.1203406451828948,9.71078374434575,3.7934689242152198,-0.20048366031487155,-0.2743461606788108,0.420813961478502,-11.520974563128576,-21.619951924861578,-20.689566611370438,1021.1885900203396,954.4548623983846,5.0,10.485460913554782,9.775197393950595,3.9554480960107923,10.425436557211226,0.5408732791585131,0.3397933400354584,0.46613097754652494,0.5023447083969672,32.06576589891338,24.498064742293042,23.681026613105058,29.92457999370518
1399,331780222303345.2,0.68324100194434,8.825036999192672,3.663424089754635,-0.22655840370459643,-0.1808191167211662,0.4134729914368546,-12.771315469500863,-22.329803798058226,-19.830762219825015,1021.1976798342072,976.3715836207506,5.0,9.579601889705652,8.85144600073104,3.726592857843808,9.555205602105806,0.5049595804702974,0.2898693900034939,0.47147494624520203,0.45128202669679185,32.480544433560944,25.72404782458017,23.587404033524994,29.86434777253665
1400,331780255636678.5,0.8022352148098087,8.936767504486786,3.9464201395527034,-0.09201658474948868,-0.14234900456509422,0.3982994763341216,-12.416992917321178,-22.776890874483758,-18.59324245842667,1021.2159093578871,1002.0585471025908,5.0,9.802225598658659,8.972702757203757,4.027134621259652,9.76934211434517,0.4328657572708524,0.1695001208543317,0.4087903187662293,0.42297247185686765,31.916721888921895,25.94163585853725,22.3582284232594,29.40230302248417
1401,331780288970011.8,0.9763164752047457,8.676002332912944,3.0135757627921516,-0.09689690584157498,-0.08083381602558218,0.3585437627586626,-12.565834556926983,-21.24481194555155,-20.64515802899047,1021.1999843213231,1028.473926325893,5.0,9.236224835859908,8.730762300078217,3.167780411872723,9.184479046674294,0.3801009681493443,0.12618683043380047,0.3714063006665493,0.3675428350905481,32.17863860942379,24.682832753027157,24.168631491130192,29.6237165906616
1402,331780322303345.1,1.0250771973920991,8.241141593257456,3.1414137933064445,-0.14627231531890456,-0.013384545741128994,0.40448526156905723,-13.992725006848163,-21.80328856382621,-19.80460398013597,1021.2022422542602,1052.5659060318956,5.0,8.878945806879738,8.304649181075098,3.3044309466819284,8.819574557817063,0.4303290172879794,0.14688341054540302,0.4301208168123716,0.4047066504164282,32.609846429027634,25.90713695711567,24.249096723946057,29.45514778451285
1403,331780355636678.44,1.0544583232239044,7.730635492216808,2.965452280554127,-0.015076306500080003,-0.009027459992679353,0.3517313230917084,-12.768695652392475,-20.68922664606504,-19.0496559817944,1021.1987174714368,1071.2969859678021,5.0,8.346766721143107,7.802218112110067,3.1473464352784304,8.27989325666496,0.352170006808427,0.017572423043046195,0.35205428368580904,0.35184715243662723,30.88645465087227,24.31221273096454,22.9331415573214,28.12353982408621
1404,331780388970011.75,1.3436262981220646,8.016627445751007,2.7937964993104685,0.26101853960950916,0.0635303008219409,0.2580908970528757,-14.098512533779953,-21.665387887675916,-20.283919931047794,1021.1998252067324,1083.114934312165,5.0,8.595169929241246,8.128446790929589,3.100101693261792,8.489500249339049,0.37252877510866905,0.2686387484009096,0.36707164036661694,0.2657950531219202,32.85718332051247,25.84873474637791,24.702337205906417,29.6787203243774
1405,331780422303345.06,0.9909237962046563,8.122648024691163,3.0530534701935315,0.14700364680680036,0.12951816982290867,0.2498045580829183,-13.571794551913706,-20.697795625326787,-18.77597631831951,1021.1887166718824,1089.228066503336,5.0,8.733869497236872,8.182868745305884,3.2098388529247712,8.67747350470631,0.317470228096709,0.19592097511184023,0.28984890790461953,0.2813845652364001,31.06653565837759,24.750603045322983,23.167453335777967,27.945232696363288
1406,331780455636678.4,0.8648062852826646,8.467895527147602,2.382042582312193,-0.04819320928849596,0.14085566241555028,0.19649442975712833,-15.135862274953887,-20.823768931068592,-19.628386433538534,1021.1887717212388,1091.145211983997,5.0,8.838963255591649,8.511941292663547,2.5341698394174257,8.796555094048744,0.24652173125634844,0.1488721030147967,0.20231818096034723,0.24176513098481034,32.37278538039675,25.743420116622225,24.786445505370303,28.616479631129632
1407,331780488970011.7,1.1754764672739715,8.499208720158503,1.456169835127489,-0.046984109563573004,0.09772051093495608,0.24415454638183917,-13.224988599482094,-22.18921681985056,-20.24818139190993,1021.1690519216068,1090.375200196828,5.0,8.70279980136671,8.580110360242067,1.871410033597692,8.623049313181129,0.2671483620159262,0.10842880064295973,0.24863416714201508,0.262984297585066,32.82149472852292,25.831408527890428,24.184482072935094,30.039144341309502
1408,331780522303345.0,1.4709998754710685,7.957518037626473,1.704981649415844,0.5175223476404645,0.20265708303205382,0.19311768736644194,-14.005084387516092,-21.756362090167272,-18.35514158162418,1021.1705725564437,1088.5122097616074,5.0,8.269999780993428,8.092337978160982,2.2518443681748237,8.138123600928868,0.5883822862596403,0.5557870757856452,0.5523801421856696,0.2799363043208643,31.72369623138804,25.874344051587368,23.087953811087633,28.4648996815365
1409,331780555636678.3,1.4346720031780968,8.88951316501984,2.4346411479791543,0.16006015997406203,0.3227319904075007,0.08702086213390663,-13.796975242578698,-20.9418579763823,-20.1755582038426,1021.1646728328941,1087.8174189429244,5.0,9.327872511307032,9.00453930347156,2.8259089292007107,9.216882435536125,0.37060467197518954,0.3602432406629019,0.18218640250427778,0.3342582356186838,32.186504783588056,25.07823640823446,24.441965442266913,29.0794526141674
1410,331780588970011.6,1.0352697243691047,7.539038830786452,2.285845289484388,-0.8179402696197893,0.30408809453186103,0.2397012847711059,-14.528891160742043,-21.39522643817816,-21.745350736107664,1021.1484825508921,1090.865741061308,5.0,7.94568930815692,7.609789083430711,2.5093569075867324,7.877956281902301,0.9049599769175598,0.8726372980234752,0.8523397154812231,0.3872031445597218,33.7891206061647,25.862026074954105,26.1524178040392,30.505999294847822
1411,331780622303344.94,0.5591852888809664,7.544685935627939,3.13879343398487,-1.0228789249385861,0.47237264848425575,0.3008834688170703,-12.565926727326351,-19.98294272066085,-19.953482300534574,1021.1495411340782,1100.2339152413153,5.0,8.190665313378972,7.565379967626406,3.1882146114286947,8.171554937004863,1.1661681164939046,1.1266841678658432,1.0662139357984919,0.5600596225790815,30.908930266372757,23.605518725369016,23.580584607559697,28.23932463241568
1412,331780655636678.25,1.5284161193955577,6.6357142631804535,3.1401218025702433,-0.9813914906748803,0.14819661242869375,0.21297391939033924,-12.474856633957494,-18.8792287716218,-21.45053467755009,1021.159585775585,1118.470472055448,5.0,7.498608174293525,6.809461037160333,3.4923374363032518,7.341189870692182,1.0151105280928214,0.9925177549567585,1.0042346082014633,0.25946122306777014,31.179685133140854,22.628462763719185,24.81425973085984,28.575351563261847
1413,331780688970011.56,5.24224870008923,6.752207757935023,2.2284293494630893,-0.19112684071425898,-0.09905797763951661,0.21573567728217083,-14.130344641864198,-19.117801354073993,-21.90655975061285,1021.168920973829,1145.8808049773722,5.0,8.833989948231412,8.548302816343437,5.696232860332846,7.11042945059343,0.30476849349603324,0.2152718099878493,0.28822101188811805,0.23739074410437305,32.32730004839353,23.773030271963513,26.06844835821709,29.07555139152144
1414,331780722303344.9,5.547751208415902,7.093196268686927,3.398644220211806,0.2868716294910435,-0.15635896229891616,0.12833715347138716,-15.459879137070267,-19.289388588897886,-21.710993467387663,1021.1994841173538,1178.9333295304116,5.0,9.625058925127334,9.00505284696288,6.506022287547071,7.865380845305157,0.351018349747102,0.32671617177305506,0.3142701970724951,0.2022833410153497,32.90069319037631,24.72020176022689,26.65286289076223,29.042171913864394
1415,331780755636678.2,4.08483532222325,6.612703840988564,3.3746500825645835,0.18860412276727542,-0.13711585417032268,-0.3144869001875731,-14.306753610166254,-19.850280621904346,-21.271497338834184,1021.179202921479,1213.7203972900677,5.0,8.473605777829222,7.77262707829905,5.2985038255564065,7.424022849397627,0.3915025963889119,0.23317862807228001,0.36670632052693347,0.34307836984345974,32.42211342072546,24.468691007701175,25.635128201318494,29.094849025289356
1416,331780788970011.5,1.0530400517559575,6.741086752134961,5.2149646899369095,-0.13692118712657145,0.28471476558942804,-0.2571448745331946,-13.515713825590788,-19.43082702110305,-21.987598086769065,1021.178689072678,1246.3343598318409,5.0,8.587607389005417,6.822839874305395,5.32022086645761,8.522799265329335,0.4073492306700541,0.3159270631471646,0.2913261024742582,0.3836482558846519,32.30612989147083,23.66921120230445,25.8094748075306,29.342997603334922
1417,331780822303344.8,-0.679164081521731,6.324202945224277,5.648810331394009,0.13188751862005715,0.32774239750505557,-0.3447125979347898,-11.725104699493908,-20.834615186717468,-22.922973208402865,1021.1684826488257,1273.444104101482,5.0,8.506812852183618,6.360566542534767,5.689492245332,8.479658074029112,0.4935951497584532,0.35328373397330054,0.36908141749850804,0.4756488771113771,33.12132199816076,23.9073057911738,25.74763641438277,30.976505462878695
1418,331780855636678.1,0.28377392570869703,7.558024843120037,5.239411703725692,0.5457553234274978,0.041608624039803976,-0.4162602961441725,-12.879390370895242,-20.27989247140047,-21.225989646826886,1021.1486618012032,1295.8621762885011,5.0,9.200853339297913,7.563350260971112,5.247090874193994,9.196476201804549,0.6876429195374388,0.5473391550436881,0.686382915868021,0.41833468866509255,32.05768818028955,24.02400330872177,24.827833832477438,29.356714311018656
1419,331780888970011.44,1.848796939356116,7.481387258219702,4.557124388874804,0.2241247455109845,-0.11755139683441279,-0.37820292215299367,-12.458388641200264,-21.35754858446525,-21.79936961186642,1021.1596571958244,1316.2133968700957,5.0,8.953021173106999,7.7064392186290975,4.917868727268968,8.760053538827812,0.45506887695506987,0.25308147393297115,0.4396241029282027,0.3960502256315289,32.96314372974378,24.725620903689784,25.10824492094087,30.518148649820795
1420,331780922303344.75,0.6832776656007844,8.414666429915497,4.517301787438159,-0.16273302196488076,-0.06222293418106858,-0.333544788092512,-11.449011723704958,-21.72226020036792,-21.568389395458606,1021.1691047874306,1337.1302149843152,5.0,9.574940988530825,8.44236219876023,4.568685128907533,9.550530171961073,0.3763055349574368,0.17422321881977718,0.37112553415455135,0.33929901149543645,32.68228692696019,24.554764459510128,24.418748750983635,30.611305253559824
1421,331780955636678.06,0.9272265871463693,8.443198211321096,4.242100055718974,-0.6028054927157898,-0.12439732047498915,-0.3299384662998842,-11.502892960891174,-21.21716735910634,-21.4122276192517,1021.167568848357,1361.2036945480766,5.0,9.494354009741674,8.493959334701742,4.342253104857204,9.448968669563186,0.6983613297813698,0.6155072342301781,0.6871927339492508,0.35261038680911966,32.26403925166055,24.134720574600554,24.30637854737651,30.143849826506447
1422,331780988970011.4,1.1705252198864717,8.503865469454459,3.552763919885719,-1.0768680763460259,-0.13230264809537423,-0.2610098433853231,-10.913684847315887,-19.22874738390125,-22.02767625106652,1021.1587449252739,1388.302148095479,5.0,9.290209291690468,8.584046668848567,3.740623044471604,9.216173793555633,1.115918896197331,1.0849649047532546,1.1080482806255425,0.29262626170096107,31.21012277967233,22.110025845765573,24.583064047598548,29.239754564217687
1423,331781022303344.7,1.2702994373221645,7.922913958210232,4.297168727574944,-0.9415645332005967,-0.0777257030162525,-0.35329547126737576,-10.827429034583403,-20.85228926859541,-23.591748509172934,1021.1737719837646,1413.9297411746852,5.0,9.10230110043123,8.024102831448731,4.4809953954126165,9.013224986787504,1.0086638414797398,0.9447671962397024,1.0056646857672267,0.3617443502356434,33.29597250359542,23.495769560500015,25.957731357324025,31.48632346688388
1424,331781055636678.0,1.1543498604949176,8.49883880683754,4.257515095191643,-0.49905344770774307,-0.16260536608647777,-0.33458730602737125,-9.775213568210313,-20.46330572643146,-22.166307848418686,1021.1790017742509,1433.1978936493185,5.0,9.575448785869886,8.576874994135823,4.411230937755281,9.505613912335829,0.6224496076822255,0.5248760317914151,0.6008352594710457,0.3720069494441888,31.71193600505011,22.67822042307389,24.22601915162685,30.167732511481045
1425,331781088970011.3,1.8112341709304434,8.062286273302195,3.987022364737814,-0.15215353243210883,-0.048608366662847194,-0.5132989980663502,-12.005981900832193,-20.701298582580094,-23.136338603234357,1021.1863069717945,1441.2180253830006,5.0,9.174822968948371,8.263233578607293,4.379145642572944,8.994265244565367,0.537577280171993,0.1597293671846182,0.5353751571071333,0.5155954176731488,33.286296405153806,23.9308872465741,26.065950306225602,31.04567485123564
1426,331781122303344.6,0.4474297122345497,9.13665071961565,5.016766312425564,0.555338488920227,0.09888200777301469,-0.5550097152438336,-11.242876827910829,-19.366258289844083,-23.13526601255837,1021.1982513734092,1434.091926670942,5.0,10.432953750167375,9.147599669839268,5.0366792215584155,10.423355055150965,0.7913370159119721,0.5640731235730201,0.785134779061049,0.5637494438811127,32.19774484320862,22.393173949141932,25.722418487370362,30.171053903050737
1427,331781155636677.94,1.0573753420931222,11.005637226736914,4.954027916687291,0.09261460834206307,0.1218914426972579,-0.4362550057653929,-9.19865871256798,-21.111107246465206,-23.626035648430268,1021.2105333420525,1415.619762308636,5.0,12.115464744693906,11.056314638278161,5.065613014570258,12.069235409331215,0.4623347483550589,0.15308490938421282,0.44597746101537095,0.4529635237612206,32.99217682637744,23.028116972129062,25.353597034172502,31.683882489882038
1428,331781188970011.25,1.2685441409874743,10.185048250875184,4.823534070168954,-0.10425800702347346,0.1887892610354186,-0.30069834807450607,-11.544611769436692,-20.341793272229573,-24.604193806616045,1021.1983499653438,1393.20618952935,5.0,11.340674276090022,10.26374259762438,4.987553023649405,11.269502597663143,0.37004136747874944,0.21566436217142151,0.31825968730463405,0.35505053389205915,33.94750310863325,23.38945519752738,27.17801342593935,31.92420565031568
1429,331781222303344.56,0.8425757293610153,10.173896722160059,5.797524918371686,0.29938371016216686,0.19002309897493688,-0.09112216810465025,-9.459681232183863,-21.92323972110593,-23.04256761057785,1021.189135800038,1374.2764430863194,5.0,11.74007681201567,10.208727069174072,5.858432302147809,11.70980229091507,0.3661183327485734,0.3545974958378908,0.31294385347943243,0.2107416135084165,33.18243407243748,23.87706030657058,24.908743266222466,31.80547691761795
1430,331781255636677.9,0.9052570170183927,10.33746017373068,6.505128229187192,-0.06610799862351582,0.029458537607237125,-0.018365721793490174,-8.101190605044955,-23.08973671902789,-23.858222820623727,1021.1988037657096,1366.2229028093534,5.0,12.247418764315078,10.37702139876029,6.567814213650469,12.213917312706682,0.0746684180692189,0.07237453226075989,0.06861171342418618,0.0347146247992526,34.17572277409542,24.469679829807614,25.196112505261592,33.201667697761145
1431,331781288970011.2,1.732771100222167,9.674869526031845,6.60590381873974,-0.7698010338307435,0.0062257574518720694,0.064712197428968,-8.908264397303203,-21.472996339079195,-24.576433994136522,1021.1987306892413,1373.5693498493201,5.0,11.842447436824243,9.828814579159829,6.829382179099762,11.714993197103443,0.7725413000214402,0.7698262087917838,0.7725162135405103,0.06501098793231244,33.82968894652325,23.247510540923912,26.141122440331614,32.635727043322596
1432,331781322303344.5,1.4015868123651671,8.237709357042622,6.450781841187722,-0.9369383583492121,-0.09491655080669749,0.03137964464389542,-8.823991975590387,-20.990084785294698,-24.115503096504348,1021.1919764016427,1395.7821420252021,5.0,10.556367150033234,8.356093647375161,6.601290173533747,10.46290790429242,0.9422565049184507,0.9417338472005544,0.9374636896670152,0.09996916382073795,33.16630795365463,22.769420143673916,25.679180749836906,31.970942258422266
1433,331781355636677.8,1.735230308556247,7.806753448769232,6.142647333360028,-0.7525767062646151,-0.06067713219734055,-0.07321190956762039,-8.856739067361463,-20.0058071195952,-25.28688481638675,1021.1871183608243,1431.8123910756085,5.0,10.084073576468866,7.9972760133437,6.383035366169239,9.933655705323462,0.7585600812633946,0.755018816443531,0.7561294085767556,0.09508784398770942,33.4380126372813,21.878623023713644,26.79306571903517,32.243741442699495
1434,331781388970011.1,1.2096124980473608,6.466600483901004,5.79481006448733,-1.1389016275618222,0.11953525320741815,-0.13724868547716546,-9.421597914683094,-21.253617872265288,-26.032495077508838,1021.1787090240401,1480.6112087391482,5.0,8.766978264904319,6.578760081795131,5.919711655048414,8.683129936945107,1.1533528496030774,1.1451574538125004,1.1471417170202545,0.18200516043390488,34.9023434727062,23.2482855265982,27.684965364372097,33.60665220787093
1435,331781422303344.44,1.0439140778264302,5.750240048938805,5.540638191245462,-0.8758690549612104,0.25266348403875427,-0.4557951756412324,-7.015274378502084,-18.990203761115797,-26.172978282175933,1021.1784977963348,1540.692307117402,5.0,8.053178800237315,5.844229395078871,5.638122752137629,7.985232131047133,1.0191833396121952,0.9115840266290571,0.9873681398427162,0.5211411308891515,33.088770083725045,20.244552686941848,27.09684237627921,32.33655255354147
1436,331781455636677.75,0.6641135598385463,7.1151659359379185,4.89215788489207,-0.23178504589632543,0.39881821704846415,-0.43563617208131283,-8.513032651266693,-19.56528632837271,-26.270423486169168,1021.1782565981896,1607.112217024979,5.0,8.660244909181518,7.146092156996909,4.937029024734722,8.634743485862389,0.634475493755698,0.46128112659296777,0.49346041576485233,0.5906224214126781,33.84386656656431,21.337107442967543,27.61533767789562,32.755695371246155
1437,331781488970011.06,0.8982869085274334,7.081512678757467,5.122342791791314,-0.5918862508807542,0.3886311118143887,-0.3757389506537338,-7.564996546567577,-18.75157209076936,-26.67472445805173,1021.180176528657,1673.2855143162772,5.0,8.785962489451624,7.13825897466844,5.200511037066281,8.73992090902539,0.8015879453248608,0.708070247257829,0.7010770949189854,0.5405681271666476,33.47225050004679,20.220055109343786,27.72670369269601,32.606170900433916
1438,331781522303344.4,1.2645861845675357,7.893202098154689,5.2323582700949505,-0.49583151855398083,0.23558695155535225,-0.19368540328294634,-6.194796101956582,-18.57605722565447,-28.175737340411594,1021.1787109124609,1732.6168291954896,5.0,9.554024840199217,7.99386124351134,5.3830057853238555,9.469963697340377,0.5821203844391365,0.5489536469818654,0.5323184481458672,0.30498401136456554,34.31206166162958,19.581761943083826,28.84870314972028,33.74821590435047
1439,331781555636677.7,1.5570939465783962,6.561361525647133,4.929584997395838,-1.1644287104254043,0.03865228689570615,0.09726445582505963,-6.657897771045573,-19.013098905859263,-28.11238402383718,1021.1689530824975,1778.5747798279374,5.0,8.35325175457221,6.743590040083513,5.169656642855617,8.206843078601699,1.1691230026443682,1.1650700498018298,1.1684838877921746,0.10466314370022026,34.585136521884316,20.145111881885402,28.890028352935023,33.938238986542636
1440,331781588970011.0,2.265942452304143,6.828782719885664,6.455124910437974,-1.0790541578499293,-0.15448569556928646,0.29296496798788985,-7.874787535942038,-16.61626555726588,-29.617890707571004,1021.1687596998479,1811.2896680006327,5.0,9.666199162127793,7.194912691100787,6.841281517852556,9.396856444831213,1.1287391984762876,1.0900567442609337,1.1181173230217685,0.3312013022372822,34.861612265806485,18.38783727918562,30.646887749033326,33.960561406360775
1441,331781622303344.3,2.7438915911877633,6.99321052209745,6.704326210570737,-1.216417932115707,-0.43671286961073846,0.5307730226550275,-8.10402438317535,-15.603198462661508,-29.6295670031229,1021.1765519758142,1843.285709100472,5.0,10.068859141348199,7.512252290130132,7.244096286075765,9.687774942891698,1.3971795581222382,1.2924359620717378,1.3271746633925043,0.6873413504671461,34.453537616054064,17.582235735773285,30.717852333710603,33.48687866997687
1442,331781655636677.6,1.581184834263777,7.679189140816782,8.10126941626393,-1.363739849108553,-0.45765007772512667,0.7848726287619762,-8.826781510299957,-14.285726034315571,-30.170355598393137,1021.1753794316325,1888.437996456673,5.0,11.273892739220003,7.8402864323023405,8.254133003229297,11.162459944623842,1.6386747734276526,1.4384818280702867,1.5734711371443564,0.9085530457939973,34.52889220770899,16.792678171098704,31.43505095850912,33.3816165765083
1443,331781688970010.94,1.713567231750064,6.550776128147779,8.430893322882199,-2.612757399412812,-0.6364676820513571,1.0534651958682784,-8.868679335447446,-12.001924928563076,-29.460896432909234,1021.1787019100758,1960.6216233984514,5.0,10.813368705480176,6.7711875279627565,8.603271173196113,10.676733119401762,2.888144950896339,2.68916201417509,2.8171421950430884,1.2308046267387922,33.024901116830925,14.92312551531536,30.766831032551867,31.811800021713136
1444,331781722303344.25,0.7425216379640329,4.744304105934279,7.52168942702022,-3.155463887662849,-0.7367264091823799,1.0673819220697986,-9.714986094116497,-8.586471900314189,-31.492767211575593,1021.1815054893689,2071.015444329328,5.0,8.923876493373125,4.802057874748038,7.558250473449035,8.892931647445213,3.4116011366941073,3.240326858255368,3.331104398529977,1.296946401956604,34.05734636089918,12.965664445132075,32.95717435477999,32.642332734309534
1445,331781755636677.56,2.1425492787948026,4.932430187170793,7.687752338944497,-2.585637128665073,-0.8413329767558572,0.9194561502596329,-11.224044191436818,-6.708997211973622,-30.105999695970407,1021.168718717433,2209.8895970736307,5.0,9.381946545804043,5.377674679950232,7.98073013182445,9.134024500528794,2.87032404985195,2.719073470671257,2.7442519879525693,1.24629081278293,32.823178232696584,13.076307261669726,32.130209860894105,30.844478619098755
1446,331781788970010.9,2.4754366613768384,4.862385060709592,7.890312724178644,-2.416693609076461,-0.5845076299927071,0.715016013673258,-11.666654501728638,-2.585018354137964,-28.926487614612142,1021.1618148686649,2357.7443999197394,5.0,9.593102210882346,5.45624185159532,8.269511566581421,9.268215759462402,2.5871422592273308,2.48637430200497,2.5202491741810387,0.9235242656957574,31.297521193734255,11.949608661120884,31.190583722992663,29.04176312845933
1447,331781822303344.2,0.8286978259581782,3.155593986248295,7.148074533233748,-1.8499917480169294,-0.3468611139578092,0.6375227535172979,-12.504658446661725,-1.027922111271152,-30.657393653594575,1021.1488612277896,2495.024873731402,5.0,7.857447615190258,3.2625930627024595,7.195950918357675,7.813625467010258,1.9872637875629555,1.882227961780078,1.9567587303965226,0.7257739962469927,33.12550214511426,12.546836522984929,33.10954950613387,30.67462158688027
1448,331781855636677.5,0.719612088471677,2.2729295540741523,6.613497763803288,-1.0706354607532664,-0.050102501365730384,0.5726882816622911,-12.88530322463227,-0.8854418164763884,-30.519301310997218,1021.1384782630436,2602.3171802745837,5.0,7.0301068973017315,2.384124643482025,6.652532918348142,6.993179636589841,1.2152129107357155,1.0718071423840496,1.214179623357132,0.5748757505726004,33.139746512496444,12.9156899312845,33.12791559549371,30.532143058124852
1449,331781888970010.8,0.7779878006260447,3.055021090971045,6.228358758559622,-0.8956497156160563,0.3249602344225506,0.599454617671664,-11.561584843233591,1.9612265128569195,-29.549624778558293,1021.1387991277061,2672.745555572368,5.0,6.980750082156446,3.1525257943751805,6.276760139056559,6.937262189913559,1.1256702028955738,0.952778865760089,1.0777449845538616,0.6818687502766495,31.791460772912085,11.726749486623376,31.7309087269948,29.614637157802882
1450,331781922303344.1,2.494924163486061,3.3935567453524893,5.931375520501335,-1.5321682854058125,0.5028165557299052,1.032374936509615,-11.35692105443671,3.2055026512060207,-28.002424327404555,1021.1387505397302,2721.660305611128,5.0,7.274757008359557,4.211991686301625,6.43473870073596,6.833552732593044,1.9147224741598203,1.61256446181834,1.8475220335185774,1.1483128921375554,30.387343932887834,11.800631469696723,30.217799788348692,28.185297860035245
1451,331781955636677.44,1.884597798353116,1.9700792149383117,4.927696606191813,-1.3056475437384656,0.8776768188945245,1.0110935242343608,-10.99524794855343,3.9838523706981004,-29.522431950550587,1021.1433917265098,2766.691868885394,5.0,5.63161742462711,2.72633838227931,5.275784558170636,5.306920571838839,1.870118237343233,1.5732234764632456,1.6513708315272342,1.3388901049651059,31.75437836640131,11.694723475212456,31.503483390334132,29.790016246830195
1452,331781988970010.75,1.3364639636929099,1.5776051620541758,5.136575557856585,0.029588375980407294,1.1765701442811265,1.0601311414825099,-9.764058731845827,5.5534984439975235,-29.230931391930326,1021.128201127231,2825.4706838896927,5.0,5.5370915140676,2.067601018956449,5.30759308800321,5.373383152996785,1.5840046759867468,1.176942129591285,1.060543968505864,1.583728304209633,31.31494112921427,11.232906475459396,30.818568963510824,29.75380135389797
1453,331782022303344.06,0.622927690390679,1.3365552501076579,5.080863854978181,1.2195665112355916,1.1908676092169526,0.8958998943629111,-7.501464768876143,4.061518419553304,-30.028434494094594,1021.128789843713,2912.588806908457,5.0,5.290519478923554,1.4745910768907458,5.1189077370352365,5.253718440249162,1.925654371565398,1.704555114394795,1.5132676881658538,1.490235646936945,31.216578667707818,8.530410632030604,30.95123344625897,30.30186149460955
1454,331782055636677.4,-0.8376795958527058,1.8444599432414248,6.022670945473128,2.237880025269765,1.3675711774366217,0.4841064987908433,-6.914026121396308,2.334852271794736,-30.150832266257787,1021.1172572236661,3018.6803335200902,5.0,6.354235194338992,2.0257688879855253,6.080647368722687,6.298777484533673,2.6669677604028736,2.6226623749268207,2.2896432275952803,1.4507274132403083,31.02141161659906,7.2976223757094685,30.93341952573886,30.24110152555817
1455,331782088970010.7,-2.2341820441584064,4.0579652622971265,7.395137713287519,3.152164786419528,1.2859918624261262,0.05963539714048415,-5.998061608286669,-0.3722713800498695,-31.00036802622513,1021.128716152214,3123.0238947886774,5.0,8.726208413448385,4.632348375980591,7.725259296938012,8.43535084442239,3.4049191314275866,3.404396849806069,3.152728853126347,1.2873738582161438,31.577494308424917,6.0096030681906685,31.5752998531796,31.002603176859285
1456,331782122303344.0,-2.455731505723691,5.084170936378014,7.798752773929304,3.594291905184822,0.9504256108549544,-0.13841029931557722,-4.79602631011604,-4.322841322737929,-32.06153093780929,1021.1388134054625,3204.8299124999944,5.0,9.62808164523883,5.646185556507582,8.176255992633424,9.309636885463412,3.7204032781948215,3.7178277449938624,3.5969558950081337,0.9604510673249527,32.70520740715457,6.456688428977806,32.41826081768464,32.351641738521906
1457,331782155636677.3,-2.6116695905058567,4.1809101608405195,7.090578299507824,2.823340185993492,0.8706075624453893,-0.36357522964284683,-2.768127487685456,-7.354561116125429,-30.931405796879805,1021.1487301999658,3243.405743292371,5.0,8.63580502584697,4.929586983002991,7.556263539039933,8.23142213681638,2.976809412986112,2.9545231990344685,2.8466536061585743,0.9434746819056414,31.914008892180146,7.8582503777179245,31.05502204731675,31.793732617955914
1458,331782188970010.6,-3.923200448019391,1.5950946994626096,5.909930342203608,2.50826736868846,0.819145471170118,-0.9588464780577193,-1.7813041219280816,-10.39925650095839,-31.386253731992948,1021.1441392722808,3226.642716365405,1.0,7.270701857818962,4.235071292858393,7.0935730351522,6.121405373764473,2.8074527715082827,2.6386368631863393,2.6852917460326395,1.2611050199813683,33.112150390401474,10.550714674728122,31.436761406096515,33.06420207870994
1459,331782222303343.94,-4.059379624877531,2.644176924764272,6.068269048964689,3.1984574556161265,0.6048541050929881,-1.9181322557228386,-0.608662150754261,-13.237424966127673,-30.366015918530632,1021.139711953042,3157.6337405071195,1.0,7.764929091688442,4.844608812724376,7.300852839873822,6.619332357577965,3.7782548794752597,3.25514647655589,3.729525632815891,2.011238384402064,33.13147766267114,13.251410843665704,30.37211537542646,33.125886290004615
1460,331782255636677.25,-4.794483351698766,3.7096775509626463,4.433866844332551,2.6629794797125657,0.5376298472813353,-2.5082280522453577,-0.11917510876182323,-14.399545631182724,-28.682932707287595,1021.13740112542,3041.029263558105,1.0,7.51052284032905,6.062077048490298,6.530409313587328,5.781079719687985,3.697528028849612,2.7167085898303407,3.6582328618392714,2.5652005408463276,32.09473081024127,14.400038787831853,28.683180287362433,32.09450954719984
1461,331782288970010.56,-7.5745985003254,3.397086795416856,5.153541396332536,2.0509191583192474,0.4805431322745241,-2.888236505225116,2.242363328064797,-18.27750077954726,-27.60731087327973,1021.1497602348181,2881.4797333589545,1.0,9.771065963365535,8.301490296129206,9.161524510955854,6.172453938208747,3.574786875612605,2.1064641216828597,3.5423409638367565,2.927939858004464,33.1852202297244,18.414538496562997,27.698227505545532,33.10937402610112
1462,331782322303343.9,-5.820032172536804,4.910901317351979,7.17068099949796,0.14403654294089482,0.5823595695925374,-2.6770656946557514,5.33312498206909,-17.750178175626424,-28.34383399993943,1021.1487668598841,2686.19443703361,1.0,10.459846664014437,7.615098570480416,9.235336511785833,8.691122927753954,2.7434594816583404,0.5999076545589076,2.6809377574283677,2.7396757840661885,33.865675442208094,18.53405102347714,28.84120572879178,33.443112162037295
1463,331782355636677.2,-6.0266335665408475,3.7739627690227144,10.417387798979707,-1.9313136391668182,0.6084100445292864,-2.087264068830734,5.7476498114975465,-15.687763485097786,-27.59529522130602,1021.1699435660776,2482.2376708660945,1.0,12.612893231993114,7.110774017455937,12.03504385948336,11.07992615211405,2.9080588797594413,2.024879047033651,2.8437024573368443,2.1741283483998726,32.258978903105564,16.707525296104606,28.187511360647694,31.742814013811103
1464,331782388970010.5,-6.313182484804924,-1.250843251326915,8.586907624276643,-5.197491477937518,0.912393345451024,-2.081851259927189,8.40281490388977,-11.79262231013454,-28.325578071490128,1021.1688129053289,2305.9559284939614,1.0,10.731070052594854,6.435905680309319,10.657919854939237,8.677533715708078,5.672784496921848,5.276966863649652,5.598930463195051,2.2730082017634112,31.812129956081176,14.480098040362673,29.545654018706614,30.682312723026033
1465,331782422303343.8,-8.05804973144022,-2.980886482160163,10.572267097881587,-5.8203863829491995,0.9646870713794363,-2.3279403039952693,8.769751142722402,-5.229046379925135,-29.137750331726654,1021.1786560289869,2193.7483541495653,1.0,13.623167079751997,8.591731472403511,13.293043182932694,10.98446702432461,6.3424620496675175,5.899789724431465,6.268668415683354,2.5199061896531427,30.87490818679022,10.2103604808395,30.42888478895205,29.603233276746053
1466,331782455636677.1,-10.198976034196555,-6.615365678144525,15.238044939607663,-6.057959361153713,0.7381230418425107,-2.9389751792466607,11.141400294163299,0.619932628772009,-27.323605925187564,1021.1901661268348,2181.6038815820575,1.0,19.49308053600536,12.156569220042647,18.336224413101473,16.612076228968952,6.773571609610153,6.10276144432082,6.733234492100943,3.030247634951108,29.514311066564694,11.158634189675645,29.507799668388138,27.330637702387428
1467,331782488970010.44,-14.378354997898743,-8.246097043751151,14.045872984720498,-6.269374721628421,0.6910604309428161,-3.3881744510009586,9.762882059695087,7.965204440968242,-24.083845821967593,1021.162265305442,2269.58312088587,1.0,21.726061695656266,16.575138276966538,20.10033930928781,16.287561645558323,7.159773043178391,6.307346820923066,7.1263444703865595,3.457931553635861,27.180691261891084,12.599934440223743,25.987410330539326,25.366830928650234
1468,331782522303343.75,-18.604619960635812,-6.9181777164756175,12.926796152638568,-5.219674297582466,0.46547480083483905,-3.8391066066551427,8.225198831521528,14.038489589180456,-21.700293657562966,1021.1475605490729,2394.3410702354945,1.0,23.68744658185638,19.849258595635966,22.654667127361634,14.661624797020657,6.496183964476253,5.240388016459777,6.479486037496043,3.867222042691032,27.12260737075362,16.270620325101042,23.20682314843052,25.845346481910347
1469,331782555636677.06,-19.647566417462375,-6.302463677751868,9.605570809830196,-5.241899175592811,0.36077070607165296,-3.805389129301205,7.852690596862593,17.698718043050985,-17.716314976747995,1021.1387707020843,2486.0648590776705,1.0,22.759940797828076,20.633659746588265,21.86993042310051,11.488604745226617,6.487576503968475,5.254299427082551,6.477537602552714,3.8224523447341006,26.244564891284025,19.36257653251428,19.378662646462463,25.04221309554656
1470,331782588970010.4,-14.845994767724115,-8.012622264414421,6.175894509218172,-3.569643173144128,1.0024299014322455,-3.1311073319308016,7.122749711923294,21.557340877411765,-14.63190701917745,1021.137516923927,2474.9416168591374,1.0,17.965170446852785,16.870260110486782,16.07934182833001,10.116510690014659,4.852942531591608,3.707724112020734,4.748282374463981,3.2876585636827134,27.01009463481174,22.703579214820547,16.273483538460894,26.054014061614048
1471,331782622303343.7,-11.937681410800733,-5.157952361525544,-0.3398067728936574,-0.9271185999901951,1.718447616893349,-1.1048507074880607,6.215353574659666,20.690501125757365,-12.451400611638697,1021.1486720716575,2302.7816520195,1.0,13.008773142477684,13.004334278598975,11.942516740983946,5.169133506369451,2.243503108152756,1.9525908712411337,1.4423050940368503,2.0429775568623603,24.93521273389337,21.60387596920982,13.91646496958014,24.148172063874384
1472,331782655636677.0,-10.42104562067215,-0.8424873039978966,-2.6611180255935603,2.8354538316721487,3.4311575304729227,0.5483727359314966,7.62286342484885,20.74252292928684,-13.916345415993774,1021.1607975841089,1997.8241512425627,1.0,10.788397741632759,10.4550455133169,10.755451686204031,2.7912961153443776,4.484791309300613,4.4511392283847195,2.8879943021164816,3.4747020960701134,26.115607862026483,22.09887563352237,15.867347495128142,24.978329151671478
1473,331782688970010.3,-13.667792679343698,7.9575354446126685,8.237391384171163,4.949008906197874,5.291415452705013,1.6567363789186793,12.26619960267991,17.203919793749744,-14.560860110113866,1021.1688985465584,1627.2528941390171,1.0,17.83214916642987,15.815528036641336,15.958169492192345,11.453252252888008,7.432129040590176,7.245120195466137,5.218952441137825,5.5447139621767665,25.660342088695234,21.12899687544487,19.038862881986674,22.538711219057745
1474,331782722303343.6,-19.55516647537894,5.789509791103661,21.04026666146523,3.374481399240546,5.938105249206876,2.628749640553286,16.305014823860848,12.781813480808793,-15.445465015298836,1021.1487091994172,1258.439839285553,1.0,29.30214634948496,20.394189356311013,28.724507951666457,21.822264887193775,7.318370265106004,6.829950121668436,4.277551798228686,6.493952465437923,25.841645725520806,20.717824795680347,22.45920519397653,20.04837014315642
1475,331782755636676.94,-15.943581732975014,-1.2271960903518333,12.398255765627283,-1.7507817203687368,6.133031320556994,2.425751441099888,21.72325667322031,12.824474517511169,-11.436892698314375,1021.1511890354647,958.3251048050166,1.0,20.23414329172697,15.990741343672262,20.19689442726195,12.458842493349252,6.82375115792689,6.378033381169338,2.991572610914784,6.595327378753177,27.69782557771748,25.226316162708024,24.549997863204947,17.183412386457178
1476,331782788970010.25,-15.533609702827905,-5.78469899897684,8.130720694512101,-3.2762937496266664,5.97605556408494,2.81337282272276,26.8012574918909,12.962247944550342,-6.287191959534124,1021.1378668018755,762.8117115882432,1.0,18.462513152892274,16.575758592250093,17.53287339291414,9.978545060324727,7.373086699511159,6.815228597697463,4.3184681744199285,6.605172726330902,30.427882898070123,29.771249132722627,27.52882463678151,14.40654901466795
1477,331782822303343.56,-13.710175571454037,-6.715533112741284,4.7280219798394,-3.8206447556892593,5.61514876601399,3.5161172861865655,28.650964645672488,11.144413595270903,2.865300439990757,1021.1479709945248,656.4899537086864,1.0,15.981911369741235,15.266541821526566,14.5025206789006,8.212951773276712,7.64789531726633,6.791702438538093,5.192341198283855,6.62517746439206,30.875324712809824,30.742084013775543,28.793883408442603,11.50686321261664
1478,331782855636676.9,-12.768612277840008,-4.722906806686217,3.169164301056568,-4.899794089808965,5.649310436968295,3.879075660468806,29.03667011628886,8.185671782506807,6.309274697616573,1021.148754515307,619.1390167121849,1.0,13.97808679947084,13.614084919907382,13.156027586961725,5.687657784337448,8.424364576358698,7.478147533698822,6.249416780961914,6.852877964248336,30.821102854750272,30.168417823497318,29.71422485363142,10.33499732660405
1479,331782888970010.2,-14.36662464051598,-3.080493052421249,0.3950095792543582,-7.3473902707494085,5.694992342866658,3.7488350505462074,28.680453015841458,2.5243718117280998,13.034525796277677,1021.1396116258318,630.5380861445772,1.0,14.698482016017817,14.693173279026437,14.372053998269823,3.10571570072315,10.023514643687449,9.296078827979725,8.248509442736115,6.818115723681554,31.60442533841685,28.79133269297788,31.50344819107454,13.276720821711798
1480,331782922303343.5,-13.149407326546795,-2.44213956565282,-3.531796419094016,-7.0189939600328755,4.603074264567828,2.959261012313799,26.36758760475631,-0.8418355221821535,16.31066090118085,1021.1080428676364,671.1060673663474,1.0,13.832734532387109,13.374264790917275,13.615450744847482,4.293906333870391,8.90010082162585,8.39372199301982,7.617315928197968,5.472249850301715,31.016060713350043,26.38102278420809,31.004634091177536,16.332371110151687
1481,331782955636676.8,-11.769699149965087,0.25737334126300904,0.8837449398961749,-2.9363481071349846,3.6856356487369797,2.6519599489941736,23.995959222255678,-4.623910778300076,20.199106006235297,1021.108767963723,725.6124950819025,1.0,11.805636968680421,11.772512863338982,11.802831151866952,0.9204597522895713,5.407304496011413,4.7123296087515,3.956644004373452,4.540572839005012,31.704739288203708,24.437401864392967,31.36574472967744,20.721593431413773
1482,331782988970010.1,-6.001674891927971,7.188214244305204,3.063707078874428,-0.45327726391676176,3.0537851156671945,2.1218217581190335,23.577762424523506,-7.401366297287271,23.365937744137476,1021.111373450365,780.6384326232728,1.0,9.852757309280287,9.36432194717967,6.738427307135093,7.813880283647652,3.7460901462567224,3.0872421043148472,2.1696976405045962,3.7185657323621224,34.009677309213046,24.71216510170431,33.19454665468683,24.510146260875885
1483,331783022303343.44,-2.087432637486372,11.931230068210157,4.068198236661191,-1.4854986310089557,3.7091654712576454,2.880270943897131,20.44303694068659,-10.516246431098056,24.53158795225118,1021.1094018410416,822.7709081376944,1.0,12.777396559916996,12.112457469754247,4.572484216355102,12.605732340222657,4.925502551634453,3.995574386230274,3.240781833599348,4.696154725243624,33.620053626026454,22.98932792314423,31.933001218446595,26.69063967870792
1484,331783055636676.75,-6.45059137455145,11.243666923742962,9.702966551500683,-1.3586283402805688,1.0426432428891388,3.2425783585903933,17.43041248799168,-13.170045137947028,23.74725639879771,1021.0784732797941,838.8616983504334,1.0,16.19190337400301,12.9626453694263,11.651510158815407,14.85151863587063,3.66705471878382,1.7125933256193404,3.5157055307025225,3.4060856336183254,32.26765493349861,21.846495564211175,29.45762152604611,27.154783656030126
1485,331783088970010.06,-12.592240996764122,15.088861978950723,9.473587871546034,-0.19204123764225506,-0.34750615315898403,3.432272302481354,16.69883471438792,-14.667484636376516,23.936086621184245,1021.0687850982617,830.9069217937215,1.0,21.817129882280938,19.65294606771239,15.75796308158168,17.816358297354956,3.455160419115034,0.3970394985873878,3.4376406146273966,3.4498193698893873,32.66377854923744,22.225800016575068,29.18539572380821,28.072608505359394
1486,331783122303343.4,-16.389927546555707,14.765035480209338,9.401736083846227,-0.9242991120734523,-3.276246305199385,4.391431312004215,16.047547225316553,-17.637996156381924,20.623335895531262,1021.0490478209298,823.9602195583395,1.0,23.979754775716167,22.059827690015762,18.89503549537925,17.504254172118753,5.556328614198719,3.4041325915587355,4.487649475686669,5.478910367982277,31.52688795014847,23.84581054108475,26.131317521485084,27.137075963936347
1487,331783155636676.7,-21.352179567952575,8.018045716524577,6.843356026158315,-1.898218166369184,-6.780322800351619,5.292448071347616,16.28909941405728,-20.740863128905485,17.477298154907338,1021.0387038889329,845.0108155907341,1.0,23.812520889547308,22.807994857382127,22.422022522574736,10.541374616862615,8.808292460631238,7.041023326484724,5.622565143690653,8.601324541306363,31.63817494497051,26.372678344321272,23.891226643196216,27.122672326441553
1488,331783188970010.0,-21.809215143334576,8.853681943800838,4.671154262346619,-3.4260738982599146,-8.84060400147952,5.520067429148994,14.483717045955482,-24.150510029221962,10.534836393391343,1021.0201680609398,921.0479338373527,1.0,23.996858779283553,23.537832294632384,22.3038460206058,10.010362935709372,10.971116893446409,9.48125843268253,6.496855145275248,10.422448058557418,30.066725328415377,28.160703012156,17.909797243487265,26.348243063002766
1489,331783222303343.3,-19.08579057371552,3.849038224849535,1.4873308804895928,-6.029725731458596,-10.121212157480679,4.40713502327729,10.554495115001448,-26.335133322032362,0.7036909659109928,1021.0190571558774,1075.5697069705777,1.0,19.52676753147174,19.47004101382637,19.143655736869754,4.126408656981372,12.578528015898598,11.781193824623573,7.4686298281553105,11.039102076262001,28.38013028858947,28.371404868666776,10.577927401343524,26.344533172267905
1490,331783255636676.6,-14.326212304861489,3.1650328600107587,-0.23433567666593302,-5.939331868798814,-10.353022861576234,1.1007876054916697,7.804636889056654,-26.514318810053954,-10.261586062678521,1021.0189900181823,1306.4189151288838,1.0,14.67353758363235,14.67166629967137,14.328128705917015,3.1736959864338554,11.986345513643991,11.935692079642862,6.040479815389942,10.411379146142178,29.482564465340577,27.63912912758296,12.89234290157464,28.43077998372431
1491,331783288970009.94,-11.275955056766872,2.7005126000750765,-0.8514956086138271,-4.569130839396138,-9.916244376027624,-1.4160566637382996,3.472253399387404,-24.925203749790168,-13.603910200892143,1021.0345247243846,1599.9964139789317,1.0,11.626047286884706,11.594823446063792,11.308059392031641,2.8315743102826887,11.00972641020375,10.918280961425216,4.78353144679101,10.01684176774382,28.60749374538162,25.165896082558064,14.040046881100317,28.39598835614797
1492,331783322303343.25,-8.888472402531024,1.6284180239446253,0.23053817075425076,-3.336980741321462,-8.166375834425684,-3.2790681465042955,3.555246827805223,-23.72130369802866,-20.15488961553641,1021.0587600385956,1942.6502956632357,1.0,9.0393492442453,9.036408961045497,8.891461606436275,1.6446559241623868,9.411557928762976,8.821855515538788,4.678432256362108,8.800112623058348,31.32985165230095,23.986246666386286,20.466053733464996,31.12747700261885
1493,331783355636676.56,-6.616178163238885,-0.1297996825197892,-0.35885860677225273,-1.6761767683529576,-6.233647104976392,-3.9434825442972095,1.759693754467844,-22.970094323803025,-18.16170080274046,1021.068799809763,2320.5609886840975,1.0,6.62717443145688,6.617451280160761,6.6259031827648665,0.3816116576269132,7.564322796214048,6.455069696614183,4.284929770246294,7.376273504050494,29.335458602213542,23.03739905792147,18.24675034513753,29.282633237000244
1494,331783388970009.9,-5.26785919303552,-1.098311281291094,0.41293067898122626,-0.1477580504916602,-4.255183389445812,-4.312290121802478,2.655905045164015,-22.254170763574177,-18.246323431973607,1021.0883021743279,2707.044774194063,1.0,5.396956539931002,5.38113632500238,5.284018567652155,1.1733709627629196,6.060054802878921,4.257748010310221,4.314820799996256,6.05825319480878,28.900350633987756,22.4120937884716,18.438604892808915,28.778054749383404
1495,331783422303343.2,-4.771984992288808,1.2852146908800621,1.3254195647575286,0.16560783494888856,-3.9137992950849716,-2.5712465369298148,2.7293722708177377,-23.40570242349222,-19.398581331276617,1021.0788158866867,3053.6731563932203,1.0,5.1166741728319565,4.942025654353036,4.952633419633605,1.8462160827747034,4.685782712725553,3.917301478978109,2.5765742195151344,4.682855290939619,30.5218173868453,23.564303064800757,19.589651111208244,30.399537226793818
1496,331783455636676.5,-6.309027479665654,1.1546989530426095,1.517678361590493,0.2912109190310634,-3.1214439491349464,-1.5164985017905497,2.5762933953156204,-23.31560839293749,-19.72501213411529,1021.077298931463,3309.9189474647396,1.0,6.590941133144344,6.413825489622714,6.489004187732996,1.907007415139674,3.482525496372865,3.134998584840843,1.5442057846336086,3.47032851953877,30.64850707754881,23.457512280537426,19.892546125364202,30.540034355314873
1497,331783488970009.8,-7.723642764962779,0.8646866189062701,1.5093476451967527,1.7742811779747578,-2.299229834703542,-0.21627083302207487,1.2564907417586704,-23.87433001828296,-16.989735130777035,1021.0686013367563,3425.254959591791,1.0,7.917099899820541,7.7718942677880944,7.869738742475691,1.7394864940483268,2.9122679486136627,2.904226494491497,1.7874134305558846,2.309378900485353,29.329396560788147,23.90737130690056,17.036134209323563,29.302469753176887
1498,331783522303343.1,-18.771259974829285,18.073076412221805,11.589454827460633,-1.2443468874108323,-2.2973752545187165,0.7271957428711628,1.2621305811605497,-23.699522443694683,-16.406799446861257,1021.0377735023209,3358.835170678389,1.0,28.518621201635725,26.057557292360237,22.0607267387178,21.469782351010426,2.7120372203813696,2.61272505945114,1.4412539070750057,2.4097192177772246,28.852095344231333,23.7331063635397,16.455273978072427,28.824476268420124
1499,331783555636676.44,-15.034994219477747,23.023531457826873,2.8561104906703756,-2.3681954183487988,-1.7369976691971958,0.8152165856024675,-2.4578915626581677,-21.814759936136017,-14.414304182751907,1021.0187851539195,3140.666842107593,1.0,27.645821006151913,27.497891773175503,15.30386939027665,23.200007929405135,3.0479646526372446,2.9369219332976377,2.5045813264754626,1.918785809890681,26.262085733580463,21.952789845598925,14.622359454160787,26.146814646226876
1500,331783588970009.75,-4.472870110640245,14.223966283245637,-7.447137618284227,-4.111650479192544,-1.8282917455076033,1.395340691601424,-3.852261453530598,-21.689023513740565,-19.117632169778048,1021.0288744521561,2832.2433452516543,1.0,16.666962607482855,14.910660074375231,8.687141401653536,16.055562136922294,4.711188386742166,4.499813370544996,4.341963301167229,2.2999187708112605,29.1674050793841,22.02847383015784,19.501891654023982,28.91189375946383
1501,331783622303343.06,-1.5438705651729443,16.04150050821607,0.15764016456862018,-3.892221782561396,-0.4833711099664926,3.1640943668431665,-5.362872699756568,-16.760313620319128,-20.90736447708663,1021.0495911950751,2495.200864371471,1.0,16.116393061060194,16.115622075399507,1.5518977877078914,16.042275056131587,5.039298681055163,3.922121624146254,5.016062556122488,3.2008031479987795,27.327392953280288,17.597400837772867,21.58421397622666,26.796007203111415
1502,331783655636676.4,0.7604334265285059,10.58217499211929,1.6045286787796775,-4.891266721181528,-0.3712689926909927,2.5329887057668796,-8.040282561863576,-14.487510757441765,-23.07284689930695,1021.0555091047963,2190.876340669853,1.0,10.7301071216015,10.609462123972957,1.7756044821998906,10.70312757304431,5.520721201637903,4.905336971368193,5.508223118327766,2.560053212040007,28.405815877394836,16.569070934171243,24.43363271626767,27.24415959404601
1503,331783688970009.7,-1.9465140477596867,7.1085147568916796,3.656483211746395,-4.260903632523779,0.6695467477599616,2.334614080732232,-8.41236318142823,-11.803634238713913,-22.847879876316572,1021.0687958312999,1958.535882475138,1.0,8.227379197828176,7.370203456287525,4.142316551871553,7.993800818554964,4.904489322961513,4.313188219066062,4.858572081549016,2.428727187929749,27.05770223762876,14.494607119118085,24.34735035150316,25.716753218163664
1504,331783722303343.0,-1.158428936336694,6.382475658144103,6.761816621850415,-3.8968951408758286,0.7074385702275414,2.10405351948686,-8.082548025984659,-5.954406477159177,-25.35347547774063,1021.0592584711717,1800.6321451757892,1.0,9.370171671579808,6.486752124703407,6.8603295568124665,9.298287990503121,4.484785645099693,3.960588475167198,4.4286378212546,2.2197996629224517,27.268686398284373,10.039050706495294,26.610642633967785,26.043303847546504
1505,331783755636676.3,-0.995239351581788,2.4331936825046023,7.03372934664341,-4.637431884112446,0.8306528725552574,2.128035115673295,-7.077103216640893,-1.4000966202773935,-23.093910335656478,1021.0731392992163,1716.1258779608702,1.0,7.508946756060398,2.6288653186341144,7.103791233473128,7.442699780215042,5.169554345202849,4.711237488650621,5.102382574182513,2.2844075048517403,24.194510845984098,7.214267841236632,24.153966227730177,23.136312695359504
1506,331783788970009.6,0.35912749078480205,-1.211449432567686,7.616642287547857,-3.645698007127654,0.6200680296159156,1.8924695373946692,-7.379833333573911,1.4974111473620997,-24.51439206554221,1021.0888250768916,1703.9778300194453,1.0,7.72073973261424,1.2635593703130679,7.62510408395188,7.712382865504722,4.154159273606767,3.6980533149924044,4.1076215635257025,1.9914631081992347,25.644874702729428,7.530217803992984,25.601120256239717,24.560082623789423
1507,331783822303342.94,0.10034999785937351,-3.5444385906805245,7.77964376910752,-1.4140969134584451,0.5722786124382837,1.3374982063927643,-6.999735584691773,4.71508403337171,-23.358081772831227,1021.0942514863012,1761.93488030823,1.0,8.549618249921407,3.5458588586089714,7.780290951904294,8.5490293073143,2.02881106636642,1.5255074207970896,1.9464253216490384,1.4547866724568757,24.8360282614517,8.439686943089601,24.3843450263047,23.82922578574527
1508,331783855636676.25,-0.256318336809893,-1.8106263209537752,9.166631092792068,0.8373052850273511,0.7419740874043145,0.6258365085909979,-5.436882062023344,2.5888595736753266,-23.846990056652196,1021.0875683005065,1878.1038416079205,1.0,9.347255872995982,1.8286789668817194,9.170213993202518,9.343740860355284,1.2819036711857756,1.1187518432227046,1.0453475382953288,0.9706682656112929,24.595544621142874,6.021783826123419,24.458917010334286,23.987103381906685
1509,331783888970009.56,0.7314003870621237,2.032550206970845,11.17710350497123,1.110960430373724,0.7100698004154561,0.3311821174651494,-5.450716154124014,3.2830384307733964,-24.958777550473414,1021.1088195580219,2035.9944938036062,1.0,11.383929445973038,2.160140474610818,11.201008404917603,11.360409460257028,1.3594534910201657,1.3184961885869126,1.1592733382532654,0.7835054029110109,25.757119884505315,6.363069065377456,25.547032771084083,25.17377441211291
1510,331783922303342.9,-0.13885994806040372,0.7606819203287698,10.28706494080663,-0.4688644700699371,0.8909850255879522,0.24946950605199483,-2.121863154598368,3.6173001369261706,-25.24313609516618,1021.1194270639542,2219.088306751899,1.0,10.3160856997925,0.7732522674330823,10.288002098636463,10.315151093429897,1.0372671987322037,1.006820841617776,0.531101615271305,0.9252509661015168,25.58912041174002,4.193705226580455,25.332157886092606,25.500995670751518
1511,331783955636676.2,-0.1705386381690215,0.1840351614989859,9.852683046647991,-0.61979264325574,0.8594989534980269,0.17552442313090133,-3.495181704954721,2.921042772398894,-24.44877974345084,1021.1179173523955,2410.8797606586704,1.0,9.855877210349226,0.2509031043580415,9.854158850191794,9.854401664148499,1.0740997136269872,1.0596609701683555,0.6441674811331077,0.8772384363328131,24.86949169107817,4.555083536976463,24.69735058856359,24.622658707417358
1512,331783988970009.5,-0.1463416541391203,1.3435069573261353,9.603229874119886,-0.1647556357325251,0.7958699066992666,0.0005871549371778365,-2.9519103719893387,2.7076611134547717,-25.028649635468728,1021.1232452525609,2595.9410207160613,1.0,9.697858054194677,1.3514535967320165,9.604344844648427,9.696753836185199,0.8127445309850126,0.8127443188944036,0.16475668197845195,0.7958701232867205,25.347159724999212,4.005646458385134,25.20212446241997,25.1746843332814
1513,331784022303342.8,-1.4690805609406254,1.938436832664317,9.13230883124545,0.15725907347559248,0.7978560031269664,0.15787759616243563,-2.613134247467615,5.3752634416530425,-24.134906277725328,1021.1287087543596,2760.712440015568,1.0,9.450650752091462,2.4322284121281235,9.249716875871242,9.335770024131556,0.8283899765727303,0.8132063808874962,0.22283570530871147,0.8133262181288433,24.863942340205128,5.976782383729547,24.275958717007935,24.72624431857287
1514,331784055636676.1,-1.5844296056352167,0.8828590461894291,7.618411036743796,1.1053284004958335,0.7529341216111987,0.15161355541949229,-1.3432439785908434,4.447281088731613,-25.91005487161591,1021.1285979527522,2891.8206434531307,1.0,7.831350074886932,1.8137963696765624,7.781426855017854,7.66939546641182,1.345974492557732,1.3374081891588314,1.1156780642862962,0.7680471741197716,26.323251260403943,4.645709145890475,25.94485012167478,26.288956855157586
1515,331784088970009.44,-1.9911871981217029,0.37503900298752685,5.756395818622361,2.9472572326526874,1.0931312717201618,0.09239161362748854,-0.006241208317045029,0.34566714360824885,-27.735085639365472,1021.1489241019626,2975.8922559246857,1.0,6.102587445697,2.026198586448435,6.091052394998484,5.768600096593183,3.144804824294316,3.143447338931593,2.9487050387741847,1.0970287997501385,27.737240312435343,0.345723483222564,27.735086341592993,27.737239610262357
1516,331784122303342.75,-4.449771999381541,1.5570467937330474,6.401016190109104,5.645832107347696,1.2741770972903872,-0.5796123788844578,0.4651524870099761,-4.758062624772219,-28.321346974516135,1021.1406446263429,3002.1485501096295,1.0,7.949709040612319,4.714325568345314,7.795734674327934,6.587670527881099,5.816777283803599,5.78782752504059,5.675506205979712,1.3998134822237773,28.72201631550891,4.7807454206876425,28.32516657121553,28.71824950083463
1517,331784155636676.06,-6.827584100840395,4.674691294180463,6.774996198224302,5.874752822743679,1.0827014543316071,-1.4508678266691228,2.032455962180804,-9.92152330242418,-26.938146406565462,1021.128690448601,2979.1493996755607,1.0,10.694354437547359,8.274578137278972,9.618548650394313,8.231240014836182,6.147355579272293,5.973689242632781,6.051259222574952,1.8103203831574568,28.779006822687716,10.127561497159634,27.014710974944006,28.707148177102194
1518,331784188970009.4,-9.258204492106128,7.429906947301537,5.443175038760711,3.397480654420137,0.8737821401585381,-2.009168772571943,2.5081816827343446,-12.460259871746562,-25.05016887370975,1021.1195299175016,2924.18630690635,1.0,13.059327018104776,11.870883188003061,10.739762796274494,9.210411052072937,4.042663624678334,3.5080436179755687,3.947104502522999,2.190948284450887,28.09021203242223,12.710194783128296,25.175423252747528,27.978009876916452
1519,331784222303342.7,-6.551531923428412,3.2417526942981594,5.597558937967084,-0.19437246025364216,1.1911225410244346,-2.56691881546114,4.245851880560054,-12.276787450615736,-26.339746381225023,1021.1297383851704,2854.59335152575,1.0,9.20674737020117,7.309687481328525,8.617147823248523,6.468510384547942,2.836481229659379,1.206877608144902,2.5742674411322297,2.8298136180506535,29.36884416735715,12.990256667951229,26.679758200158265,29.060312275246677
1520,331784255636676.0,-10.952395513375759,-1.6278072914091157,7.255993188707074,-2.808364330513041,1.4249807661977916,-2.525369252065102,6.660955830255356,-10.971993727775407,-27.47768198962155,1021.1391332321543,2787.58609270858,1.0,13.238359460822235,11.072701750673957,13.137899551906191,7.436342765938653,4.036702894220412,3.1492031368159794,3.776824072176756,2.8996655054177363,30.327808797500165,12.83561369529933,28.273509511473552,29.587288721427576
1521,331784288970009.3,-12.532757557309619,-5.454122337235242,10.674050290940441,-2.820300937305633,1.1283770162671547,-3.092180101158143,9.054501326966234,-5.930354779053568,-25.57973874904944,1021.129970722175,2730.6669014211866,1.0,17.342226272118452,13.668118468166341,16.462240479467763,11.98677605042549,4.334617612408895,3.0376523941700437,4.18517325268207,3.2916276321659397,27.775459250120388,10.82372865908402,27.134977957419732,26.258182387116303
1522,331784322303342.6,-14.40805956797022,-3.4791677363099716,14.089220303258793,-3.428064580966785,0.9371859374133459,-3.341039534421332,10.895516678807358,-2.5257661290317817,-26.18798377440261,1021.1281319114579,2674.5584192766846,1.0,20.45001020550646,14.822172197473568,20.151881035475025,14.512433872067774,4.877754547241038,3.5538632855758974,4.786874966180472,3.4699946184182537,28.476345840102233,11.184443581901315,28.364110736396157,26.30950377158297
1523,331784355636675.94,-14.297056270669852,-3.171502226854683,15.201842487341224,-4.19228004086055,0.5621914173383588,-3.5219253758775486,11.318188254317848,1.7870897614258427,-25.320794136085965,1021.1387231681401,2608.317653292429,1.0,21.10829835376545,14.644597788319226,20.86868067264035,15.529148121673547,5.504110235449219,4.229807457878744,5.47532376159145,3.566513359428102,27.792763282149853,11.458406310459214,27.735248350108996,25.383780362614203
1524,331784388970009.25,-15.590037850545238,-1.8088817155497914,12.435289245416856,-4.198238712621098,0.3347436822720682,-3.3162564275304844,11.856184416512052,6.295439875624829,-23.374625469371047,1021.1377506562516,2521.001610485773,1.0,20.023929480985085,15.694627527988155,19.94205853964463,12.566163761388378,5.360486760930277,4.21156284780027,5.350024764549011,3.333108162955159,26.955051251654485,13.423921638103762,26.20958268938506,24.207554173459506
1525,331784422303342.56,-14.614166627344304,-4.142838528385871,9.240379741059643,-3.430808887143048,0.8070359431189563,-2.542166143610216,10.978832502245933,9.753719369855672,-21.075111709413672,1021.1578185864976,2402.7047300849954,1.0,17.779808633476566,15.190028876998964,17.290415957135604,10.126585250283725,4.3456144945569735,3.524451252831513,4.270018538814294,2.6671924780945115,25.68715901423384,14.685700686663521,23.763314092875113,23.222734014541935
1526,331784455636675.9,-12.68860114411033,-1.9915632069980767,2.0029584404826477,-0.33339287988069444,1.4209439032971394,-1.463331972836125,11.79776803325752,10.949748788268309,-22.18728093535784,1021.1499910736736,2251.1992933387864,1.0,12.999183263424172,12.843944993723168,12.845716854602495,2.82456483759342,2.066778375007083,1.4595315648085359,1.5008301952851324,2.039711263645366,27.4109424208149,16.096096703633968,25.128922895162987,24.742118620495635
1527,331784488970009.2,-7.6510046237379195,2.4353475025910063,-0.7340161565253014,1.551201405239898,2.992899161770588,0.28440524286209284,12.636350762347751,9.118490749152835,-20.049005820136177,1021.1288825583335,2067.7029532834113,1.0,8.062727139676467,8.029245868127049,7.686133714065818,2.5435599415811745,3.3829805696031965,3.371004478214961,1.5770580654451756,3.006381834480533,25.39265382954934,15.582818555430606,23.69894501797371,22.025201654428503
1528,331784522303342.5,-14.515196619410318,5.37604709601233,6.622753012060572,3.1120053317899967,5.299886226280944,1.5963448227860786,17.09057110197794,8.295686052656789,-19.4097357907999,1021.1342669321039,1853.4497036335151,1.0,16.836082464084118,15.478785975608144,15.954679262175661,8.53010784441205,6.3499360618708405,6.146004490448395,3.497555428913927,5.535080017918294,27.159599981308016,18.997526883150023,25.861660118028425,21.108203394720807
1529,331784555636675.8,-19.36431666467295,8.45152207591688,16.761737479438946,2.336166078077026,5.732297544932298,2.0349712492539265,20.510920823981987,5.963135503573536,-14.782934399877842,1021.149356859819,1609.791976125545,1.0,26.96962789174276,21.128298210917055,25.611181214839714,18.771895714853592,6.515981512656764,6.190065192548028,3.098189782703422,6.08279073525688,25.976758988617668,21.36016989823904,25.2830580135938,15.940330439017595
1530,331784588970009.1,-17.0965664719032,2.4385704752969986,13.896924969813776,-1.5619319763706656,6.429469757263296,2.2224653096620917,26.8345843326792,3.9288241191965487,-12.517307941689795,1021.1485565481511,1347.1963477012034,1.0,22.166725845460995,17.269603674989035,22.03218347656079,14.109257584282167,6.979761092689629,6.616472841202668,2.716428455060172,6.802751899945695,29.869944314885203,27.120666939941806,29.610435903828947,13.11940002693229
1531,331784622303342.44,-18.519156369148728,-3.7082323114189344,10.256294521178514,-3.5567853096574367,6.0584911267309245,2.96596788838759,30.73340999715817,2.384410811844772,-6.867996353683609,1021.1287267050518,1091.5506207866133,1.0,21.491898864585924,18.88677154784357,21.16957084898365,10.906079230438765,7.625811562490817,7.0253851475682305,4.631164783717082,6.745537802697698,31.581597155420674,30.825766899998836,31.491456999758412,7.270129904881591
1532,331784655636675.75,-13.82640279460062,-0.7260275269629949,6.121940968927591,-4.32956936724318,5.9755275528108704,2.9557975044749623,31.1628225335333,1.2010428392290433,-0.5125813317714791,1021.1288819386517,870.2328832874751,1.0,15.138516817557853,13.845451607240836,15.121097032476642,6.164842025303008,7.94914079178579,7.379166649437617,5.242319123558859,6.666608464718944,31.19017075586209,31.185958573661868,31.16703784253761,1.3058497322984697
1533,331784688970009.06,-14.945280222499717,-0.879830949508117,2.611413315810344,-4.895042514337034,6.1779252813062335,3.0190248158938413,30.531692292119843,-1.595013710943668,7.729323324205029,1021.1269407196439,710.6212231094892,1.0,15.197203128692632,14.971155714531646,15.171713167438698,2.755645478958411,8.44053984277976,7.882144505055064,5.751169625054531,6.876137841869195,31.53523017212477,30.57332665836004,31.494867411544853,7.8921801669879645
1534,331784722303342.4,-15.037344922016919,-1.4432758884887802,1.577416511097676,-5.18833846288246,5.885185888701344,2.4982611238951082,31.766440198447082,-4.152399600573945,10.622030075629128,1021.0983140763808,635.4300209558718,1.0,15.18858223941539,15.106448543387062,15.11985400568377,2.1380570946016952,8.233806992707603,7.845652869582937,5.758486315742288,6.393490563669824,33.75169133913042,32.0366843684605,33.49528691934261,11.404821145919668
1535,331784755636675.7,-13.077019633776107,5.5793486258325755,2.047080129634023,-4.862402659012777,3.885580851033625,3.70298554800557,27.638535778332916,-10.120102141516558,15.893815189117012,1021.0921598377595,634.4755487683861,1.0,14.364125822614062,14.217509401816677,13.236275139151054,5.943035263711827,7.24243054071158,6.22420261304962,6.111878728109111,5.3674799038894685,33.45023899153372,29.433061806834107,31.88262883195166,18.842235234189562
1536,331784788970009.0,-10.342122115593254,3.3748815884740173,2.0085302087899612,-2.392483671919006,5.0784019396210045,2.9389919932013213,25.61149093061633,-13.046433892148226,16.38268912039129,1021.1005293788301,683.42159891214,1.0,11.06270804051548,10.878847162731168,10.535353978555486,3.9273425284590027,6.3365462451438725,5.6137460203277305,3.789677038548341,5.867524196494451,33.08399020382251,28.74296270378606,30.402976342858764,20.942825504634783
1537,331784822303342.3,-7.894063186527346,6.696653766191922,0.3902008852407387,0.729303012879024,4.599548295369317,3.765665243680162,20.11645693800936,-16.060257421029863,22.061788254786713,1021.0705719056874,757.8769652403578,1.0,10.359230762367512,10.35187931040247,7.903701052274746,6.708012253648253,5.988986736793628,4.657008418075837,3.8356378364041617,5.944415803836031,33.90171395619364,25.741089879189843,29.856227838389596,27.28835593121707
1538,331784855636675.6,-6.689206788517646,16.594133314882498,3.5978733160010394,2.0634961475792037,4.934516285833142,2.4517936961314746,15.00100574309387,-17.068755947605155,25.224035009575843,1021.065489928999,833.5753326412693,1.0,18.24980658334866,17.891639051010497,7.595405180603788,16.979692366768177,5.883770870336197,5.3485948927009535,3.2045762090273735,5.510058375692815,33.95032466807275,22.72383336726534,29.347608343247376,30.456433996172535
1539,331784888970008.94,-2.5695886885530217,17.39556714724614,9.665152557557892,-1.0865670897500501,4.908005170407294,1.9181257718124463,12.13468671650065,-20.15243099016553,27.396019918483006,1021.0488591453081,894.0112933550416,1.0,20.065485699667395,17.584326612147787,10.000897959143844,19.900274629643107,5.380367019986993,5.026842228802553,2.2045032358830836,5.2695086326180185,36.10973558328722,23.523841023969734,29.963186230465126,34.009739519545015
1540,331784922303342.25,-10.270195932401027,15.4299667015602,-2.0059058666487632,0.2113037591839914,2.9455619710714043,5.056907113990556,7.310570226181354,-18.407239566257715,28.563465656225123,1021.0546928497074,934.8652003345578,1.0,18.64361701084366,18.53539308731172,10.46425261716108,15.559804971692689,5.856047657216909,2.953131321845905,5.061319871157481,5.85223417892264,34.758343973438734,19.805830088171835,29.484165365943145,33.9808481169019
1541,331784955636675.56,-9.188988125303984,16.916835379877583,7.122768551177362,0.43212847068722526,0.940152540047487,4.4003222777942534,2.4876728164052677,-19.06149723598889,28.91128097860446,1021.048975869277,952.8841336526507,1.0,20.526827662122972,19.251410910290588,11.626320768008204,18.35519411783812,4.520338257496736,1.034708564638479,4.421489699595702,4.499635868268692,34.71874653185091,19.22314211878729,29.01810958462487,34.62950829424854
1542,331784988970008.9,-11.404025324209542,13.400343865572669,9.428508701089417,-2.1636648515146333,-2.1398822985539705,4.938344242952606,-0.9454703445081043,-21.34798963136224,27.980951359381578,1021.0498071851996,944.8151733821538,1.0,19.962910249693618,17.596050957837207,14.796910823605424,16.384931859550406,5.800671142484084,3.0431138396952,5.39153869053937,5.382038657754864,35.207445440548106,21.368916104311282,27.996920422582587,35.194748191695126
1543,331785022303342.2,-16.650402044009294,8.4925807219412,6.234067747176981,-2.5153448933403766,-5.284351913683188,5.34415389333109,0.16865776478873307,-23.2111318312402,26.786453432912023,1021.0283997758424,910.5601219769064,1.0,19.70338590755986,18.691169453670796,17.779186958450634,10.535061841065748,7.925359040176446,5.85246401783904,5.906516805026407,7.515607492628458,35.44431088118938,23.211744577451206,26.786984394574688,35.44390960942057
1544,331785055636675.5,-18.15032687759056,3.987204484175056,4.74098193956775,-3.436955612968189,-7.315742807457028,4.825417812590076,0.21233260480477995,-24.162458784358446,23.954751857345077,1021.0169688151625,870.2876881978159,1.0,19.17834912377287,18.583115060775253,18.75929837479787,6.194732387273341,9.413682264471984,8.082868099280898,5.924299194974468,8.763831918226229,34.02498546932623,24.16339172469138,23.955692886703165,34.02432293305479
1545,331785088970008.8,-16.24852540227037,2.4377085499516293,3.44692549538831,-3.6655560236044753,-8.48344964044994,3.937060328852997,1.296620229062419,-28.01132608292272,21.737139570252587,1021.0158105497777,852.1809710356941,1.0,16.78804026959343,16.430368246717197,16.610113579352294,4.221814579687888,10.045181073393419,9.241494401028076,5.379288521283379,9.352505644749877,35.47983722678109,28.041319743233213,21.77577692563585,35.456136642624614
1546,331785122303342.1,-13.570972306239076,1.1551062271713255,0.8945585894925729,-4.06052291080788,-9.052824503166194,2.397915037625373,3.437410320352714,-29.551509260038607,14.693552103683206,1021.0288225947274,884.4428776547701,1.0,13.649388074298162,13.620042574557464,13.600423684824783,1.4609946837976227,10.20742251119213,9.921767876458407,4.715701733238182,9.365021516942507,33.18144003325154,29.750756112351414,15.090270479157109,33.00291158321946
1547,331785155636675.44,-12.37458169718279,-0.04618986267196536,-1.0613616481796815,-4.261988715115741,-8.821922963348408,1.0068458297411031,6.363312859162857,-31.945194277881345,10.031524950125931,1021.0338299878365,994.8055228580246,1.0,12.420100411506006,12.37466790195458,12.420014522071945,1.0623662511772223,9.849091892346976,9.797493178309841,4.379302037156261,8.879192716464768,34.082527500468174,32.572798283156,11.879530435525911,33.483233569602895
1548,331785188970008.75,-11.606002140130348,0.11034001241903463,-1.9977655610848026,-4.206361886069736,-8.386850169339512,-0.4380160125158612,7.5338743086265145,-32.405312835803024,0.9366216153800968,1021.0396747208623,1186.9209838181077,1.0,11.77720373569666,11.606526637846951,11.776686839419936,2.0008103746724997,9.392794797436524,9.382576196308259,4.229106092757717,8.39828040673628,33.282740604325845,33.26955909062281,7.591872110920986,32.418845754231555
1549,331785222303342.06,-9.822759153498527,0.1436689874729986,-2.902401455445278,-3.2087343651903346,-7.79741809760481,-1.531815048760221,9.5179958519043,-33.58109476135009,-4.123676405035199,1021.0487806870902,1429.3346431801708,1.0,10.243591771159737,9.823809758215019,10.24258422451141,2.9059550902469886,8.569840287824315,8.431826920377839,3.55561999796965,7.9464574706257185,35.14664816879535,34.90389907170318,10.372895069859306,33.833336111950565
1550,331785255636675.4,-8.262846998105339,1.1527689626927973,-1.9965331832479907,-2.2379899497566145,-7.11230826344169,-1.7977642864898067,8.770317516024038,-32.415670418198665,-9.506782564007622,1021.0606511155995,1687.8170243679424,1.0,8.578441673594138,8.34287221497766,8.500634403731803,2.3054329383346164,7.669777329180475,7.456106748795417,2.8706367664665997,7.335999268265991,34.90090360882476,33.58115778220218,12.934348999899354,33.780979905571115
1551,331785288970008.7,-11.239791156600914,1.1544382773828779,0.2860546003184279,-2.2284906978283425,-5.873854995061424,-1.826278488905703,10.238546096719027,-31.480402716639876,-13.682752514668712,1021.0687743059458,1928.1386508051503,1.0,11.302542201410008,11.298921761844838,11.243430636525822,1.1893506508385498,6.542448808539138,6.282383567828018,2.8812261121521083,6.151216596905667,35.81984502694199,33.10352823154154,17.089340026821205,34.325405628768614
1552,331785322303342.0,-15.745821034685626,1.7889506259466206,3.838196849843351,-2.3176442913912627,-5.833905678082103,-0.2923909469246995,7.971246768635721,-31.277500905864475,-17.214254349454322,1021.0503440728675,2119.518433628544,1.0,16.30530525493376,15.84712038189977,16.206869997457737,4.2346309638765725,6.2842201575072645,6.277414318186837,2.3360153097233822,5.841228289204431,36.58077897982143,32.27728052303723,18.970274849200063,35.70171726575712
1553,331785355636675.3,-38.13657008179424,30.015521680165005,6.266432545716473,-3.3294219775234337,-4.970367731778824,1.1192093514407957,4.884781910769035,-29.87512122755969,-19.037681225781846,1020.9998588788767,2255.5146167414314,1.0,48.93462676046558,48.53173723797716,38.64797736562184,30.662676311477934,6.086233290457797,5.982441482666105,3.5125034201789154,5.094819423832477,35.760554653579554,30.27183447822685,19.65437357867869,35.425360616596045
1554,331785388970008.6,-22.596304487061417,26.689306803306685,3.7830392635897874,-1.333605139988162,-1.927734562083525,2.2736942981981776,0.5540625704714931,-25.89950073751784,-23.811234001188886,1020.9712001109338,2340.1614223123347,1.0,35.17418741325642,34.970159766764354,22.910791399291597,26.956084354202755,3.2656314814922256,2.344069796583328,2.635941659267471,2.9809136692481153,35.18616188850467,25.905426531610797,23.817679357808373,35.18179931601084
1555,331785422303341.94,-7.092003751523199,19.1834686934472,-8.196989402688901,-5.430954261281044,-2.2429679982380697,0.6259482412015099,-1.350148367731624,-24.068618953329633,-28.44025879980578,1020.9985418490675,2377.5338870246483,1.0,22.033897149435052,20.45243233271016,10.839149066205026,20.861354375501676,5.909143832223927,5.875897346724739,5.466907296524242,2.328672721054497,37.28229659684871,24.106458033802202,28.472288654318227,37.257841307844295
1556,331785455636675.25,-2.1755016379693792,13.37323021654369,1.731673703444967,-3.4671102723142413,-0.643854359446914,3.061292997722071,-4.7482878494660214,-20.003748970152504,-30.340928612837445,1021.0197204350028,2371.7284819223173,1.0,13.65923817848885,13.549025566493134,2.780557712404161,13.484879689484812,4.669787671240301,3.526386546674333,4.625188478136768,3.128268411450811,36.650622906733275,20.5595770959002,30.710229347738267,36.341738014990085
1557,331785488970008.56,-0.32734177461460373,8.853311928999334,0.5825110046480351,-3.5230650473594123,-0.252874835022149,2.624228294997342,-6.1189305648560195,-16.125332868480548,-30.620130622353116,1021.0200076008913,2328.2793114162546,1.0,8.878491077886254,8.85936141883656,0.6681853844135631,8.872454631199755,4.400284894683265,3.53212867972177,4.393012801277756,2.636383854155562,35.14342144280769,17.247251125232342,31.225529788740115,34.606628836817755
1558,331785522303341.9,-2.845752737811985,4.955824506552009,4.072058918869087,-1.7789662528249215,0.7959396695048571,1.8981753882754382,-7.46586611052357,-13.31441824329483,-33.14635885103483,1021.0280838665266,2255.0406322646927,1.0,7.017133960759702,5.7147620409345015,4.9678941699180434,6.414192106452904,2.7205350008474536,1.9489076135572572,2.6014977865346247,2.058297782670455,36.49238269857453,15.264759740580475,33.97676061460008,35.72051005009527
1559,331785555636675.2,-3.2624129457273305,6.234686301050399,7.760806441589211,-0.8967690442200988,0.9556775715047657,1.3205405801382712,-6.278425297115675,-10.204467416926155,-33.82544400171811,1021.0502029692933,2160.0774156470848,1.0,10.475913713121514,7.036664799530725,8.418637351273771,9.954970110267439,1.860468156981086,1.3105397129994483,1.5962525309183857,1.6300757787505367,35.884682545452975,11.98122612567552,34.40318715068169,35.33117344748792
1560,331785588970008.5,-2.1731384558850104,6.191140681935896,6.9124320041165825,-1.649149742261887,0.8945579223110688,1.2125509041774958,-4.6065996076949824,-10.127671331084521,-33.04322627528707,1021.0588197039813,2051.454632742889,1.0,9.530711930569675,6.561459722650742,7.245981435249575,9.279651887601004,2.233877446055089,1.876147315317202,2.0469427367721136,1.5068223424117253,34.86610516269216,11.126117316300727,33.36278709318868,34.56044746918496
1561,331785622303341.8,-0.3005998543522814,5.553125730870955,5.278800174177395,-2.3851217839442245,0.9984732880959293,1.4920262306217573,-5.763326272455385,-6.499818831577487,-36.62163562753677,1021.0588330154369,1939.3086459604856,1.0,7.667678718764433,5.5612557624423005,5.287352035880711,7.661784169614567,2.9852800713081753,2.585682662525774,2.8133517727274437,1.7952969614814331,37.63785023885097,8.686977297432279,37.07236336894162,37.19397586813488
1562,331785655636675.1,-0.8833389034383092,2.1061585551955435,5.335340620252468,-2.5541215549074296,1.3541465837055964,1.4473664334277547,-4.836581253669795,-4.063613627065896,-35.162721647165746,1021.0693369955551,1848.1683005914313,1.0,5.803623955087628,2.2838983072700443,5.407970705582971,5.736005874625597,3.2329737827606433,2.8908908466775918,2.9357122661896082,1.9820652266701309,35.725655593277565,6.3170779584730266,35.49379539946959,35.396750547841734
1563,331785688970008.44,-1.779463741281191,0.8492335115518888,6.531159650135607,-0.9800814144831339,1.4700395803190522,0.9157662491816785,-1.8616147883431944,-1.8771570390867698,-36.65978654085708,1021.0665101536031,1808.671281177747,1.0,6.822296910809194,1.9717222836082178,6.769234637837125,6.58614029099762,1.990026072658385,1.7667982190165,1.341337914977259,1.7319480912674303,36.75498982982823,2.6437337554245293,36.707023290392044,36.70781480516919
1564,331785722303341.75,-2.383778915204466,1.704933456918265,8.578129951354727,0.8339581441708581,1.3730043002624184,0.4662966987344304,-1.070926415545542,-0.6865880043752477,-36.2356434312852,1021.0787844912463,1851.4774746297066,1.0,9.064960753992358,2.9307336980852843,8.903185687095515,8.745919708918457,1.6727401489826872,1.6064330035105712,0.9554678422006311,1.450025316947853,36.257966591557604,1.2721188919535815,36.25146532578725,36.24214753525229
1565,331785755636675.06,-2.954889399432,1.892018031059641,7.799934635360667,1.8796601920388925,1.1934284510417117,-0.042537410717953354,1.085143098415624,-2.3162103010343458,-36.734709550017826,1021.0891535562478,2006.620573911718,1.0,8.55278223203592,3.5087182264653864,8.340884346325307,8.026126870773583,2.2269268817368237,2.226520582723525,1.8801414491591515,1.1941862916088122,36.82365070748455,2.557804860159718,36.7507336153744,36.807658386303096
1566,331785788970008.4,-3.3268338655468206,3.611420506939294,7.36404148809908,2.869354496483814,1.212873863825494,-0.6296284832598809,1.7419223808177025,-7.819011318103808,-35.385778916872326,1021.083812058841,2263.1083917259143,1.0,8.850948462471996,4.910211975759384,8.08065162022183,8.201918380256304,3.178158313076144,3.1151658440671928,2.9376227214235695,1.3665632208145808,36.28118770281914,8.010694824634694,35.42862745202754,36.23934722848083
1567,331785822303341.7,-5.898586182547945,0.12439401059692336,6.595970136743881,3.8893115294860614,1.3431058002545557,-1.4286661720365827,3.845671797134646,-9.501615589568424,-36.55959126429633,1021.0985270754347,2544.288658529736,1.0,8.849611000921737,5.899897695962017,8.848736689367733,6.597143011538365,4.355658893346941,4.114690433564916,4.143408162915509,1.9608723114468962,37.9693771847211,10.250360500158349,36.761296290850375,37.77412357983097
1568,331785855636675.0,-9.03608499399594,1.817441241277774,1.4397584431149075,7.161003158715566,1.0642471901703505,-2.7827117066888425,6.283064753472225,-18.65813152056376,-31.981771391382587,1021.0829547819397,2767.611868457255,1.0,9.328817130737239,9.21704533373987,9.150067562222658,2.3186196410834525,7.756034603034139,7.239653881292931,7.6826721055683125,2.979279531082744,37.55577819544734,19.68762998776084,32.593106694928345,37.026471249219966
1569,331785888970008.3,-11.49169732814297,8.592793887067293,2.066496841344981,6.1169283207954805,0.9809524377508605,-3.7165546712233892,9.782393869460911,-21.61746535086292,-29.353797349263765,1021.0586339573831,2850.5285156425443,1.0,14.497090172257263,14.349049246109281,11.676023153323097,8.837789088958269,7.224393288787064,6.195085129913807,7.157484942767412,3.8438322426091585,37.744608314760264,23.727832560371485,30.940921909970797,36.45490676188054
1570,331785922303341.6,-11.769988357260422,8.609729439832977,4.428677783632028,2.2439573861244444,0.8796873111931867,-3.8080783325534435,12.64312761062903,-24.261895880120388,-27.958126047391357,1021.0577302523778,2726.4064824535803,1.0,15.240513569706515,14.582868954947532,12.575603875809772,9.681974382240565,4.506734416745651,2.410227067356258,4.420045852432469,3.908364152984892,39.117068902951765,27.358513619647773,30.68396141081645,37.017514824466886
1571,331785955636674.94,-11.688138918574293,6.144272139067015,7.173268361781243,-1.9716970286376048,0.8322966628271968,-3.9126665384732915,17.387189261553395,-20.895296376386685,-26.9618484122929,1021.0590580915034,2440.0497832596225,1.0,15.027323463908598,13.204721560820817,13.71380218502596,9.44499121805028,4.459738372256854,2.1401651589752713,4.381386608600858,4.000209641536535,38.28666910141932,27.183225729742162,32.0820139677131,34.110917320771364
1572,331785988970008.25,-10.643947201829416,2.7715892007485783,8.059147622302147,-3.5623003975541114,0.5651150892587259,-3.535837271174179,18.951715587645033,-16.58797196795192,-26.614608599792497,1021.0680644825771,2083.880290076788,1.0,13.635438354930022,10.998878067013854,13.35078546128993,8.522415566948405,5.050889465702704,3.6068461550947912,5.0191761605505185,3.5807122576845463,36.642403423420454,25.185875758538682,32.67269371562646,31.360774941472787
1573,331786022303341.56,-11.387857048092418,-1.3850147768277123,6.385771076750632,-5.268441472450463,0.2981356022942512,-3.3804957810620953,21.424649554560222,-10.227575835391344,-29.595591996250604,1021.0790924938318,1750.4988757350836,1.0,13.12934218932861,11.471772054910229,13.056085186320326,6.534243504545575,6.266826318940871,5.276870321127037,6.259730607175889,3.3936170324793546,37.94098024053848,23.740659552851483,36.53648415138286,31.312974516599564
1574,331786055636674.9,-13.15151781360521,-6.619952548936014,6.861393015649363,-5.191750909684412,-0.1272372172886188,-3.430833338430815,21.060794549136464,-4.411234692321203,-30.02667336361467,1021.0888340942807,1531.7126538785128,1.0,16.24391906735999,14.723660976528208,14.83378356714082,9.534279514749203,6.2242336246128005,5.193309813372612,6.222932982468737,3.433191912135365,36.94072511249449,21.517807940207906,36.676398137305455,30.348972055012748
1575,331786088970008.2,-12.746618289872574,-7.866847372547165,9.15310128954756,-4.997378004003176,-0.30519372010768425,-3.696345977539547,21.160303835485045,2.4094190581181127,-27.619107807551153,1021.0805591944616,1464.5054066437497,1.0,17.55399751131871,14.978770490619924,15.692531377838034,12.069239860060344,6.223335416588176,5.006688538514048,6.2158475287419614,3.708923939967758,34.87662361371581,21.2970363808598,34.79329783873866,27.72400433347888
1576,331786122303341.5,-16.23885267614449,-7.488325368967314,13.386750318504248,-5.2415038018710405,-0.38023615404040484,-3.9694573666325113,19.75679276486756,11.820344558510557,-25.60548870586768,1021.0790333496603,1496.4653086164933,1.0,22.337870022878594,17.882263644993174,21.045318251988935,15.33884288078775,6.585934514051982,5.255277503411976,6.574948964862137,3.9876272792667757,34.43388531232208,23.022845302782045,32.34148902292905,28.202155898941967
1577,331786155636674.8,-17.25567068023088,-7.4927382272549545,12.176959800024953,-6.834478834743821,-0.8517711763045116,-3.797498069226784,17.148305364142814,18.6068667276059,-21.160227450749698,1021.080723652066,1566.949807567819,1.0,22.409320532719665,18.812211373646306,21.119576714413654,14.297533917203745,7.864897117262601,6.887351819048046,7.818637510995276,3.8918511948126078,32.9853769426429,25.303752019824586,27.236365444555013,28.17748596284538
1578,331786188970008.1,-18.896957461400312,-7.114053382253181,9.007666350490585,-5.666178942201761,-0.9106106620206414,-2.5859979692839907,13.93102385345995,23.409920912603226,-15.595457712866073,1021.075875774914,1615.3163512688027,1.0,22.10978991092591,20.191700196455,20.934016680506712,11.47814482428708,6.294615244792748,5.738884524263957,6.228400220136114,2.7416413468808414,31.389745523240574,27.241472477456277,20.91152139083773,28.129036570919588
1579,331786222303341.44,-13.603755685680712,-5.359274083583859,-0.7570380271015397,-2.8841829116773985,0.05366037601160487,-0.8706663553033381,14.963566510747283,27.200810162153942,-12.272673380829158,1021.0700305486025,1588.1572379516613,1.0,14.640938973752391,14.621353817573253,13.624803680426668,5.412478663001952,3.01321263873342,2.8846820455581623,3.0127347991931046,0.8723183697543606,33.38279359358062,31.04500597840327,19.352695797590325,29.841289941791217
1580,331786255636674.75,-6.138435358964703,-0.5357861569585047,-8.241366067494564,1.0357131399701396,2.2832046929379617,1.828743748903072,14.743157891342273,25.655907289654245,-12.1311057814122,1021.0870260485477,1485.2322879851913,1.0,10.290168614781164,6.161773726953667,10.276210552272609,8.258763918676884,3.1032288148495915,2.507134894288845,2.1016672922845965,2.92529098877462,31.980462957002267,29.590307255322337,19.09252293671165,28.379381711643163
1581,331786288970008.06,-14.891572512036918,-1.5532790116461972,3.618751487149784,3.4272873782756808,5.424372573531627,2.0824103673978476,20.85460493083959,24.400737187516015,-12.431903716659164,1021.0888480478523,1330.0132885815215,1.0,15.403472657002474,14.972361456005332,15.324956580917359,3.9380246334640114,6.7458542474631,6.416394360524445,4.010328130157659,5.810357196827762,34.42183539754831,32.098450462843616,24.27893689685944,27.385182221678036
1582,331786322303341.4,-20.331756792966196,7.366109477879137,12.787353492552013,5.744881828123963,6.403597986372527,3.5415939529767666,25.340138324912225,17.442116379150193,-12.829504340451896,1021.0688015180209,1146.081372879982,1.0,25.12282453212437,21.624983309321372,24.018674893336833,14.757234774292337,9.303366171335234,8.602891048373403,6.748818781599526,7.317715141957624,33.33085981085964,30.762802767457725,28.402795495291645,21.65233487191378
1583,331786355636674.7,-18.194262805208886,6.291968829677441,14.840968013508876,2.417068350283424,6.360577466752072,2.7863971103501095,30.794309598228256,14.264575833729536,-7.6396169420847535,1021.0698901557635,956.9720422740006,1.0,24.307908226678695,19.251495286824866,23.479470407208957,16.119652705056215,7.352766416598822,6.804348985795484,3.6886621242002193,6.944130943978638,34.7869425843885,33.93770215185103,31.727799335178,16.18152868977493
1584,331786388970008.0,-15.549679414578288,-0.08815245117287766,13.518203946442647,-1.5469944685980312,5.573412372148677,2.4492905622526977,33.74541215299625,11.925333699732032,-1.9394954909678521,1021.0788134156826,782.388470338685,1.0,20.604420367688704,15.549929284431089,20.604231794312966,13.518491365247282,6.281332789642097,5.784126326066266,2.8969321953081746,6.08785263687945,35.843103492653036,35.790591294718105,33.801101818358994,12.082020799909637
1585,331786422303341.3,-9.629793498007633,-2.3374044811475874,7.5832000254535625,-2.6386062564733956,5.233508316806428,2.734344243950516,33.969590190013605,10.16853518598626,4.708155089308088,1021.0995607766107,635.3607224361266,1.0,12.478032903819328,9.90940878775111,12.257154867272789,7.935261957524006,6.4674949341462895,5.861045323044567,3.79985281571877,5.904764834140931,35.77008372720263,35.4588799245846,34.29431121953678,11.205616099689399
1586,331786455636674.6,-8.86179614834382,0.5704108851106036,-0.8575961985241095,-5.750171372314607,5.622188439859946,2.912141820289263,35.456280904135745,6.042776670327034,13.692152626784095,1021.0988086301559,528.2496962973876,1.0,8.921450038663952,8.880135108918898,8.903196179716831,1.0299707848165722,8.553013717150167,8.04198194876619,6.445544258824394,6.3316327147721125,38.48555636853364,35.96752709654126,38.00819515720434,14.966301929421284
1587,331786488970007.94,-8.98178983825534,3.453172501814497,-2.1907385610659005,-6.1537910244312055,5.673976190872079,3.482570633178786,33.85016067604446,0.046426053783114096,18.192527448233474,1021.0815650427263,473.4162896535314,1.0,9.868955591592037,9.622730850744745,9.245100547940405,4.089466440775482,9.065949922762234,8.370373336175232,7.07088694489237,6.6574998332453985,38.429202283253616,33.85019251307881,38.42917423974597,18.192586686153188
1588,331786522303341.25,-11.593865314610731,3.7459762557231704,-2.0258488024395715,-6.112682796761282,4.648322480321384,3.385689647326783,30.666128231503468,-7.345231629486947,24.673589779700304,1021.0788157864018,479.6865985133498,1.0,12.35127986939497,12.18400800400983,11.769527446065098,4.258685416743955,8.392537592581771,7.679309399606352,6.987688127115941,5.7506344231812285,40.03935415336717,31.53353529818421,39.359845697461076,25.743707198221216
1589,331786555636674.56,-6.918807387352407,4.632645966980971,1.5064021018231233,-4.393957674963188,3.528623292282655,2.877106170653184,26.787265002108764,-12.72921903296428,23.439705278026945,1021.0688023826743,531.0533838962934,1.0,8.461710915119022,8.326542158583436,7.080899869060384,4.871412110236844,6.32738384369229,5.635427791056113,5.252104717784912,4.552902618775226,37.80225346461697,29.657892431566697,35.59462529391151,26.6730725772256
1590,331786588970007.9,-10.432022065082345,8.35270007832988,4.551542309585344,-3.142106754111406,2.4882808333028255,2.654552627721158,23.914539668961933,-17.709607363688807,25.157688609684207,1021.0676000725778,600.8648904851691,1.0,14.117762583385598,13.363932167026922,11.381723145565894,9.512314965058582,4.807392849867382,4.008038966828382,4.113330099514726,3.638432513971299,38.96722593072554,29.75794684709237,34.710437965548465,30.76588190118813
1591,331786622303341.2,-4.881670225262257,7.333518124745438,3.0170303458197463,-2.1683131055385925,0.6894395858502004,1.9192529771636433,22.68284844695,-19.62961218689886,22.542597864061086,1021.0370975957429,662.4287281217785,1.0,9.312017202614003,8.809721464052192,5.738743442236224,7.929877690958862,2.9766492330369094,2.2752821069457982,2.8957060821157112,2.0393280591628224,37.52335281842658,29.997221342573553,31.979373541832768,29.89130965797283
1592,331786655636674.5,-9.559280480495689,13.077124584162219,5.788119972275717,0.832013349489351,-1.0633918142323273,3.3927821775344067,21.157540791959374,-21.72688568613077,20.640450848838608,1021.0279368126029,689.4251873330882,1.0,17.20155119481795,16.198488531171225,11.175069401048162,14.300822361079693,3.651577641034067,1.3502030826156521,3.4933103380495125,3.5555271134912516,36.68415605169269,30.32654108172607,29.557904925869614,29.968079232101555
1593,331786688970007.8,-8.840887142578762,15.043569524780606,10.729918875795091,2.148383222893023,-2.806223050881244,3.848882263448922,19.41913666325712,-22.686259308446225,21.86113799874521,1021.0205560320458,680.6002946142777,1.0,20.48417507726064,17.44907646595436,13.90296531495919,18.478099012832775,5.225354816813605,3.5341814163544925,4.407884430234067,4.7632743453625395,37.00916892820618,29.862505423294945,29.240592048493795,31.505169671186422
1594,331786722303341.1,-16.134470225172876,14.455642536138466,8.898633197447923,-0.2560646002959514,-4.496139437594173,4.910079134762342,18.05000164536093,-25.082772409056258,21.89461603954075,1020.9952496863243,675.1926628613846,1.0,23.41948768360077,21.663026810203736,18.425710358890164,16.975019113843082,6.6625607713133,4.503425243280315,4.916751589123986,6.657638241292339,37.87244701152754,30.902233432586165,28.375636925299975,33.29443922404204
1595,331786755636674.44,-17.247422428352763,8.675883652365124,8.0607506779287,-1.566667618177872,-7.16787106794997,6.130771833729058,16.999860310246703,-28.550953771813884,14.519216074776569,1020.9788987691161,716.1232164173613,1.0,20.921764721532224,19.306593111458643,19.038100795871784,11.842578209203621,9.561338104567108,7.337085461721253,6.327780867183431,9.432112113625442,36.26237509146643,33.22878589187626,22.356271737343672,32.030682114283856
1596,331786788970007.75,-17.88221201649321,8.254814659246527,7.268039652004173,-3.2029015638521736,-8.741096606802932,5.661250385993465,11.99917005452566,-32.851376073215846,7.28570143638898,1020.9677256831969,846.3128796251602,1.0,20.993805563652113,19.695569848606194,19.302795315340187,10.99847105017858,10.895646114393564,9.309422555518061,6.504485710695186,10.414246291612892,35.72498337748367,34.97417607180023,14.037860500005895,33.649581800136225
1597,331786822303341.06,-18.559747191226677,5.451197859567674,3.8468239190759386,-4.472464643740394,-9.786479791023954,3.8843030479886855,8.529751385125586,-33.04864351038194,-2.7152186824963263,1020.9783808812557,1100.6059887660776,1.0,19.72252083712365,19.34372699110494,18.95421510025201,6.671852244206998,11.439665067572665,10.760024474397264,5.92374460608508,10.529149864482623,34.239478808272466,34.13164948502141,8.9514843007084,33.159994728137214
1598,331786855636674.4,-17.155656518701562,4.586583878364164,2.154096378055623,-4.198938300388581,-9.946390220890638,1.5217122937759877,5.185204672804161,-34.025746424866504,-10.93718598624133,1020.9688630752289,1459.1095108386735,1.0,17.88836027887659,17.75818972364406,17.290363842141083,5.067236217034134,10.903089909825015,10.796377229269968,4.4661718681102185,10.06212138325005,36.1145373023914,34.418567187902894,12.10406480470523,35.740361736654954
1599,331786888970007.7,-13.3513502811635,4.370983412745713,2.914845152658513,-3.3304039049679313,-9.598621641002318,-0.4039827246447577,2.531579680025136,-32.76006328916533,-13.808755369711548,1020.9801008578326,1879.2095918367818,1.0,14.347835118539649,14.048631617521432,13.665828792806586,5.253743261568364,10.168005193702207,10.159976750826926,3.3548162709807294,9.607119206553515,35.641441711117295,32.85773337262378,14.038896699415297,35.55142010624407
1600,331786922303341.0,-11.241653611641864,2.723602296715571,2.724514064487148,-2.9738580684123668,-8.014787137889565,-1.8212332147523855,-0.1574395103764198,-31.61332101375782,-16.042476689157745,1020.9795381827357,2318.2187831350493,1.0,11.883423845104709,11.566883132236399,11.567097856062636,3.8524000776480385,8.740568351043235,8.548721815379265,3.487222710636452,8.219105990811732,35.4512046486505,31.613713048585883,16.043249219581337,35.45085505091621
1601,331786955636674.3,-7.354757415001625,1.2569832606772968,1.4046639858904495,-2.269790624914284,-6.463122168191283,-2.6958960144280693,1.0328252653522365,-29.857896592860854,-17.520913245222502,1020.97283293482,2733.4570198918573,1.0,7.592466296560161,7.461398230301364,7.487692404658396,1.884963615267036,7.3615048028595025,6.850102016898315,3.5241743432409702,7.0028425286861005,34.63442099884644,29.87575466793637,17.55132841056093,34.619017748870135
1602,331786988970007.6,-6.685166597471178,-0.2710863608895164,1.0340114345157303,-1.394385947140296,-4.826336467089948,-2.446700627824007,-0.6769655379760489,-30.801823602682287,-19.35180772263599,1021.0087903467219,3082.655391536884,1.0,6.7700900952434875,6.690660673730561,6.76466052974232,1.068956248763063,5.58786003988459,5.023727287895375,2.8161420652688545,5.4110874744136845,36.38273054244605,30.809261912456826,19.363644917047026,36.37643192211998
1603,331787022303340.94,-6.829459477675504,0.45448734383482714,0.7281447378766587,-1.1814590488130625,-3.531247020770157,-1.6440154665547533,-0.6644732811892703,-30.864305745849204,-19.937045113662645,1021.0097262087472,3324.164595636913,1.0,6.883187507413646,6.8445653991263615,6.86816653238033,0.8583434656380302,4.070422319611519,3.723647540479681,2.0245079249767115,3.8951883620653516,36.74959403556581,30.8714575929721,19.948115013846145,36.74358633880857
1604,331787055636674.25,-8.704680749189285,1.0635884051388245,1.9022632474054968,-0.5655398857631565,-2.5482747907893635,-0.9045307047097841,-0.7807688222374439,-29.20499110738919,-18.26969433865679,1021.0088516900653,3416.386615135537,1.0,8.973365739970816,8.769417725302649,8.910110684370663,2.1794094975418123,2.7625559845049943,2.61027580377277,1.0667760581076906,2.704048854058549,34.457551229946795,29.215425814738,18.286370093097375,34.448704428622996
1605,331787088970007.56,-16.585668658362785,2.7914170088725063,0.7676464489420398,1.675063589504357,-2.0179001720848375,0.020718994800728866,-2.3486932832689287,-30.66157274889591,-18.17814885229544,1021.0014920286369,3317.723432976348,1.0,16.836439493936762,16.81893022051106,16.603423921455807,2.8950457661315223,2.622630055903575,2.622548213738546,1.6751917220511727,2.018006536472459,35.72245091354901,30.751396774369596,18.329251371375825,35.64515589995429
1606,331787122303340.9,-25.62816922835771,20.55529051074189,-0.3543339933645219,0.5758288942929005,-2.1738887813780727,0.05176761780834571,-3.1932030254397032,-30.520399958570593,-15.472008473239088,1020.9777017378672,3002.3100090772155,1.0,32.85496276907326,32.8530520040123,25.630618614777806,20.55834430492517,2.249455764303352,2.2488600110509385,0.5781511928173593,2.174505074736546,34.366763091521655,30.68699006407753,15.798088231101238,34.21809258019941
1607,331787155636674.2,-4.212731469418415,25.97794971151653,-0.08997586676985328,2.1149023770366284,-1.57986720151094,-0.045078504829022,-4.37227411841506,-31.462164135708658,-13.298048765507179,1020.9785347409052,2540.901657266883,1.0,26.317467076147565,26.31731326802776,4.213692215863568,25.978105528900347,2.640231904663454,2.6398470483732934,2.1153827398352294,1.5805101853539665,34.43577578679826,31.764517201884782,13.998388547842541,34.15707647138553
1608,331787188970007.5,-4.9901779805187445,15.948198951195117,-6.331993538433894,-4.489435100373412,-0.9359462818134016,2.2510564869688987,-4.91434204466903,-28.70959552551652,-15.950293551534399,1020.9903950201965,2040.9092909370872,1.0,17.870116626226135,16.710682992150716,8.062010819145724,17.159230517644712,5.108647401262874,4.585959328527147,5.0221790915885896,2.437878329606523,33.20848532153913,29.127163146636164,16.6901953886742,32.84284913978807
1609,331787222303340.8,-2.0852896127651523,12.584602176433854,0.15190719691047486,-4.45208120317549,0.0034481331449190203,3.6976593237155706,-7.800044159992924,-24.772278239435796,-19.909471282093325,1021.0089324403134,1609.8138983621184,1.0,12.757104706973411,12.756200245692678,2.0908152872933172,12.585518969656235,5.787376210646013,4.4520825384634,5.7873751834427685,3.6976609314379916,32.724509236997925,25.97126215781328,21.382884174739818,31.781328101646775
1610,331787255636674.1,0.8770535851145027,10.035466210448575,0.933983798314759,-4.617394506470507,-0.34340618746780727,2.2416231486469407,-5.716730142045846,-27.609126396693245,-30.099198119798178,1021.0247379224828,1353.413599038856,1.0,10.116922990105824,10.073718531516418,1.2812293809762039,10.078834644767696,5.144233099163083,4.630146848424485,5.132758163885558,2.267774713268714,41.24204882593033,28.19476660491374,30.63727682043294,40.843917391007516
1611,331787288970007.44,-0.4820042730659038,6.7724986808567715,3.2649951443869956,-4.466377218235585,0.7309226805980185,2.1529320563400356,7.486655910225838,-22.348475214827516,-34.762496565678305,1021.0302899017753,1301.0180376337357,1.0,7.533874155726997,6.789629334614704,3.30038201002921,7.518439444131832,5.011775120633703,4.52578981179931,4.958189376656601,2.273623628534223,41.99923247661408,23.56914001710455,35.55954420682182,41.32657149953956
1612,331787322303340.75,-1.294389209411027,5.218433838342201,5.473772064884748,-3.819375641434755,0.7162585461928814,1.9698832361568128,-16.586025903672542,-10.941071474579305,-29.31378141599905,1021.0494121881432,1375.65229846614,1.0,7.672657673121306,5.376569087307874,5.624733242008223,7.562686846846665,4.356730030593028,3.885956329576992,4.297449273054515,2.096059700744704,35.413289612716305,19.86965777987003,33.68076656167831,31.289052812714292
1613,331787355636674.06,3.014832869064764,3.7045283462883183,4.987661804704695,-2.1665596077197806,0.5262417594307098,1.7778901578074255,-15.464526321175523,-10.621691086862857,-34.44478349278529,1021.0599957972067,1492.4964646403066,1.0,6.905759753637324,4.776269202719518,5.828034617819576,6.212914014097069,2.8516318725249463,2.2295539740431534,2.8026548034018393,1.8541369427842274,39.222633845114565,18.760914047110617,37.757048139429344,36.04529693884621
1614,331787388970007.4,2.876107413165536,1.2581233565726138,4.923885331856918,-1.125657226742597,1.1665305158151884,1.3172694487180918,-15.493200234631642,-6.754306545293398,-31.78936722405237,1021.097965363484,1566.730619260472,1.0,5.8394790001929975,3.139246443403145,5.7023364170611215,5.082078427339473,2.088802632364281,1.6210791579826953,1.7327154967402756,1.7595431920967768,36.003107906454936,16.901476575086072,35.363867464066274,32.49899268305786
1615,331787422303340.7,-0.04718776315348819,3.697887795152951,7.238966831650958,0.760975440003174,1.596237294473001,1.094499153745041,-14.03058738638462,-8.609445346327671,-32.859174771874926,1021.1086972355839,1528.6006800328412,1.0,8.128913926243486,3.6981888581483484,7.239120628552486,8.128776964296897,2.0796599525170265,1.768348698801939,1.3330461424259235,1.93543325842435,36.75194278221221,16.46146808697142,35.72929818923955,33.96833696046989
1616,331787455636674.0,-1.1993262905020006,6.541229111920355,6.923094635397655,1.6303927070744715,1.5204305043936968,0.6498974974501002,-12.463755842045824,-9.30674182529884,-33.752005327621596,1021.1290780832526,1407.9003110265348,1.0,9.599755266484424,6.6502678025568,7.026209709492101,9.52454290899601,2.3221231782927445,2.2293248524996296,1.7551487505261558,1.653504059832565,37.16394108176224,15.555084477202243,35.97975921717554,35.01161674414027
1617,331787488970007.3,0.5577012305145813,3.3135182038383757,4.5821543488703975,2.783517591891417,1.4528584329686198,0.5692700143670265,-11.52284255423527,-12.046873010343221,-33.83085793208494,1021.1317675979876,1274.8089836971665,1.0,5.682127420830834,3.3601240378423194,4.615968927472256,5.654691977821621,3.1910556497614486,3.1398674829707427,2.8411333185238647,1.5604057086237118,37.715116310014814,16.67042440542625,35.73937393059103,35.91175431176052
1618,331787522303340.6,-0.7935512462538327,6.534961418562376,4.887583921497617,4.275894565918641,1.7321319101987622,0.24376501566299488,-10.486535243243047,-14.364563206303918,-32.847209264388674,1021.108956088482,1199.621719218525,1.0,8.199019509198147,6.582966225230827,4.951585621809749,8.160526780286968,4.619845958042601,4.613410375544471,4.282837344765004,1.7492004851331344,37.35300863349859,17.78505264303929,34.48052461704027,35.85079960846677
1619,331787555636673.94,-2.8658210045654613,8.945746401515612,6.753785711739136,3.442123675822247,1.2813680835774994,-0.4808663576301414,-7.7403535086690445,-17.576125008717902,-32.12689563708715,1021.1087648273135,1251.6762233373931,1.0,11.569482708856512,9.393578056866197,7.336658058700862,11.208925020728849,3.7042343364273824,3.6728898112068555,3.4755500073451016,1.3686258142792547,37.42954269073473,19.205031704249908,33.04618730981616,36.620453213994615
1620,331787588970007.25,-2.6926366748783153,9.126441877143446,5.076894435148582,1.224292847717411,1.2044392290415993,-0.4678995153030513,-6.858377849871657,-17.84302068613247,-30.492418694092294,1021.1087659066092,1444.836090637355,1.0,10.785040134622585,9.515368285031187,5.746751201204241,10.443505084142977,1.7800271879516785,1.7174302994376016,1.3106574431913314,1.2921314998386009,35.98886399642521,19.115719550604457,31.254198830676167,35.329321887372544
1621,331787622303340.56,-4.37002075645272,3.311830582973623,5.815855361919065,1.30111112444185,1.1244243938322909,-0.8602962237633492,-5.904284624866193,-19.370268267948756,-29.187667683130826,1021.1083167377553,1708.0911765736453,1.0,7.9930893159597405,5.483183675762377,7.274699650335424,6.6927121110266015,1.922844239196958,1.7196570517377732,1.5598076005609838,1.4157824020895984,35.52446782830974,20.250132584843335,29.77886031587359,35.03037592651815
1622,331787655636673.9,-5.043493812265956,3.881852368259555,5.8986821766093165,1.7580060056017206,0.8244713169794162,-1.480886911278928,-5.536000584983631,-22.179459357168284,-30.089984273830783,1021.1381782754194,1963.258709040928,1.0,8.677560663226487,6.364401593498583,7.760881474099022,7.061390035227536,2.4420000229833607,1.9417358389475872,2.298610702082665,1.694927431048013,37.78866064645058,22.859915132240076,30.59500704488108,37.38095198059653
1623,331787688970007.2,-6.3552354416850045,4.5846300243516565,5.784820706843856,1.0496526013760799,0.656618748193773,-2.1492556202002175,-2.8389201056683704,-22.281872946265235,-30.22508781830132,1021.1487558177439,2132.155915933867,1.0,9.740225900345706,7.836316097467985,8.593786600188455,7.381258908242965,2.480366602947506,1.238110965969985,2.3918758965585556,2.247320159977608,37.6576322009749,22.461997448131694,30.358119193889383,37.55046997865051
1624,331787722303340.5,-7.8752571128754,4.117993973059889,5.287424231947749,0.9665777403686583,0.3850640475656462,-3.0267545519612367,-0.8854260444329568,-23.565306264011973,-27.140517048548723,1021.1404048406312,2151.670645236618,1.0,10.340909242645948,8.886931357676403,9.485595901285423,6.7018452213361215,3.2005921275167015,1.0404551162370337,3.1773441182840503,3.051150182889349,35.95435028281565,23.58193458130274,27.15495617640957,35.94344620343528
1625,331787755636673.8,-7.695809165540963,5.6759004648945055,8.717351136105652,-2.4735586630903037,0.5097304771540888,-2.8913221817450974,0.8830428072093844,-21.90413867674224,-30.20739281636691,1021.1391667275723,2057.0191783691935,1.0,12.939611108142952,9.562495741165794,11.628314131574998,10.402310172146963,3.839018309117587,2.5255331356148996,3.805027781554337,2.9359102707662856,37.32368733835946,21.921930931588108,30.22029691054771,37.31323990130381
1626,331787788970007.1,-7.597309670689605,2.301624858712099,11.092608447677742,-4.604279518532262,0.6840543791347443,-2.6364580621045373,4.386902434590728,-18.44256127627736,-32.1986181701728,1021.1393286869362,1922.8537013211467,1.0,13.64047482297031,7.938299013176267,13.444890345623701,11.328876341620695,5.349601049762974,4.654816889888269,5.305685723637585,2.723755037966783,37.364742625481114,18.957135316282976,32.49609091935829,37.10632127411483
1627,331787822303340.44,-8.920082620444031,-1.0253674133513735,10.601434714914307,-6.167310548397407,0.5322774949125896,-2.567299094550386,4.077671811989946,-12.908519259290282,-33.005205917268604,1021.1388126678798,1823.9321743865592,1.0,13.892792026892964,8.978822433254292,13.854901369917357,10.650905893254013,6.701497099368438,6.1902373728286335,6.680325144875297,2.621897017899378,35.673532128387116,13.537255145477813,33.25614266639473,35.43971623911188
1628,331787855636673.75,-10.388450198540527,-4.2761533059812535,11.620444756582371,-5.695845581694692,0.48105743066362755,-2.9241308182970718,6.57573558747941,-5.4010719434263645,-35.13417412339076,1021.1395442628242,1834.2165295331679,1.0,16.16292427021156,11.234116993507373,15.587002080847345,12.382254376204566,6.42063970213423,5.7161239614014345,6.402593063206941,2.963436736984846,36.14999402471944,8.509516828499173,35.74423715578756,35.54689535628685
1629,331787888970007.06,-12.905096614306146,-5.086833865726513,14.278044967045854,-4.7882203343512675,0.1873451463268799,-3.528952547210664,6.178330274529917,1.406696787983428,-31.982664957676565,1021.1228781715073,1974.3519247255824,1.0,19.906781896707002,13.87145981510519,19.245884929136395,15.157125283459447,5.951105632956942,4.791883990055185,5.948156021050524,3.5339219408918576,32.60431595095177,6.336447019781339,32.57395620393945,32.01358545443349
1630,331787922303340.4,-13.810447343645347,-6.00133898736441,14.089000222848961,-4.887625762768934,0.0026235284767662063,-4.267432669403579,4.997083659939872,6.2675652332382,-30.856145970802096,1021.1188805936983,2178.9794607534664,1.0,20.6214561258971,15.05803856658831,19.72887181546474,15.313915140182088,6.488441574652363,4.887626466883929,6.488441044255204,4.267433475848759,31.880322508230382,8.015810567705193,31.258160362949774,31.48625284349255
1631,331787955636673.7,-17.677733707444574,-3.726273570401903,12.576847191564406,-4.827782452201425,0.22264749363520783,-4.578844550154172,5.454684402823339,10.462201239272195,-27.937514393655068,1021.108780001395,2374.93451691345,1.0,22.012825103397322,18.06619450113382,21.695145869785794,13.11724818707938,6.657542544113602,4.83291374971725,6.653818514226291,4.584254500014,30.326818942993626,11.798781153383297,28.465036315277878,29.832237014121365
1632,331787988970007.0,-16.70820466819468,-5.300947540767542,7.033441207804465,-4.158462164873919,0.22055074431638383,-3.5787098790925773,2.6504038585494634,15.68166777777525,-25.593431475525296,1021.1086175078933,2489.0524725021623,1.0,18.887388471884986,17.528951710363398,18.12824863184319,8.807345800728582,5.490775410287804,4.164306689895257,5.486344135706645,3.5854995509040744,30.132425717129667,15.904066929748769,25.730300723190602,30.01563657470758
1633,331788022303340.3,-14.12407316978337,-6.151370865079707,4.265828149528598,-1.753862446711614,0.9503813271696191,-2.5644946487922464,2.7380127161470904,18.71281933711729,-23.899581656619425,1021.1086004373994,2459.2385955414748,1.0,15.98518364694183,15.405479753164,14.754210677183142,7.4857633759732245,3.24898306439138,1.994807797512817,3.1068740376251682,2.734932809177723,30.47714429763382,18.91206813591189,24.055908151537388,30.35390602385483
1634,331788055636673.6,-9.290808075089387,-1.9881710380611552,-2.8385598743578195,0.6317215456057288,2.0921644944511906,-0.30967101593565616,2.1982145762263996,17.07338355620323,-23.349760979520966,1021.1087758185831,2297.2195269424633,1.0,9.916116221840364,9.501154601664544,9.714758712827635,3.4655802164860434,2.2072880467069353,2.185457476828295,0.703539799366825,2.1149582525319093,29.00937626322091,17.2143130382936,23.45300588674923,28.925970404776237
1635,331788088970006.94,-8.727448614760425,0.2958543565272859,0.3027691095124231,3.7932502381846094,4.650492459528981,1.4151668939249367,8.420404804863077,14.989614804428657,-24.70079904426517,1021.1283288054324,2044.9213622427249,1.0,8.737708982178038,8.732461802009777,8.732698807182038,0.4233189506165771,6.16591638147037,6.001318812196491,4.048634918975623,4.861046950379832,30.095202981340385,17.19278247006307,26.096603045280286,28.893217636848927
1636,331788122303340.25,-21.527836148279043,12.636862641113362,16.227982674049027,4.789376355961516,6.031567986429351,2.694213173755532,14.137586305431315,8.556019380784127,-27.065764180099027,1021.1247849135359,1744.36065885282,1.0,29.77390549301102,24.962732755800523,26.95913854143684,20.567880762966368,8.159456040668427,7.7018139586699075,5.495171562806849,6.605951634742513,31.711707693541264,16.525035981439576,30.535666640770273,28.385930639968194
1637,331788155636673.56,-14.571751236792172,2.332510503394692,16.601641930528313,-0.13025199057879489,6.353778362069393,1.0907596784327138,17.751651582001095,7.922441304372603,-21.554222688740694,1021.1187851191575,1437.3831097977002,1.0,22.212407662045027,14.757253787727606,22.089600469370875,16.764698626516445,6.448040146544188,6.3551132999617685,1.0985091065368442,6.446724451253974,29.025346265390446,19.43929551475544,27.923209872874324,22.964093536150152
1638,331788188970006.9,-16.72565983563068,-2.173716199323912,9.636620877849163,-2.880751974480481,6.350912559435311,2.1326573347153825,23.294486237816937,8.97191833269084,-16.40223756043692,1021.1076128120696,1155.101952037372,1.0,19.425169265564477,16.866319665310286,19.30316447841202,9.878740003593654,7.292533824630619,6.973723702303265,3.5842655099460066,6.6994266653877546,29.869077733357024,24.96254008814641,28.48976107433775,18.69568708439146
1639,331788222303340.2,-15.410632009756362,-4.217360769716885,5.982786598070091,-3.470425154334921,5.969955081305048,2.3924426403620975,26.05794579846299,8.962572141157901,-9.114862989468204,1021.1189220767778,911.7127274983351,1.0,17.060698880178432,15.977287341788482,16.531222411490763,7.3198270020536755,7.308077463468986,6.905375762740252,4.215166964577243,6.431496362451177,29.024557980060123,27.55620145486483,27.60610922517717,12.783130551716859
1640,331788255636673.5,-13.462832486981723,-1.0314192725633853,3.894218652636227,-3.8933605577903307,5.976371154435655,3.2796569607686967,28.30921744876249,5.670225615368894,-2.3933382413918753,1021.1278001609282,719.9221799634352,1.0,14.052637588826006,13.502284409993209,14.014735013087845,4.028494089651255,7.850568029693556,7.132690138266767,5.090619433160959,6.8171227035963735,28.97052500435939,28.871495477209073,28.410206977405625,6.154634551855561
1641,331788288970006.8,-16.132530747205447,-1.530301442319501,-2.2978431360519664,-6.690610846989341,6.3060064892719305,3.886299898918212,29.838522441806106,2.6601614403444223,7.20275241955201,1021.1087685727584,592.437053215518,1.0,16.367053916077733,16.204948960545796,16.295356129506047,2.7607798866020232,9.9816490748234,9.1940193250064,7.73741561570678,7.407364224005149,30.810607310084368,29.956866999051517,30.695554465223932,7.678287654552782
1642,331788322303340.1,-18.30112152113916,-2.4314674745894975,-4.022908774856285,-8.16331689682203,5.308635255158535,3.5686000420625845,29.58598346198416,-2.4204779539757326,11.492030878856918,1021.0890476403251,538.7574437558906,1.0,18.895154882199435,18.46193605804899,18.73805870260627,4.700620075139271,10.370933289268677,9.737625533478486,8.909245143004492,6.396601795681923,31.831680833080174,29.684829979949065,31.73952096572034,11.744168222836535
1643,331788355636673.44,-12.188964085567328,-4.107188921196937,-0.055973345914191425,-4.354668206686812,3.689727766385919,3.551412930153319,26.658032219097237,-9.431388384837462,15.418983606141625,1021.068783026194,546.7762372985051,1.0,12.862463968039165,12.862342178376885,12.189092603418146,4.107570309788463,6.722332926955369,5.707646290754899,5.619223166131518,5.121193688047681,32.207868978039166,28.27723056913589,30.79603444018224,18.074737683078865
1644,331788388970006.75,-9.965185337631674,0.979467981022692,4.3010164436181215,-0.11528133409157239,3.003429142424803,3.227541412420809,25.149213852385003,-10.589745732786312,17.783525689051046,1021.0889016496766,595.4639088160292,1.0,10.897844685416995,10.013205098228937,10.853739505885645,4.411133638207093,4.410317445314774,3.005640763557169,3.22959956571728,4.408810517867365,32.571144560963745,27.287830109374028,30.80157046850261,20.69774143761112
1645,331788422303340.06,-6.84034006551193,8.120952656052063,1.0981594454293022,-0.0897542669549945,2.6328473002320654,3.3437867142854407,22.0701566731168,-15.123327236940291,20.284888809577446,1021.0862407764876,663.7628202452013,1.0,10.674552844090117,10.617915249882476,6.92792944388389,8.19486584450439,4.256859209018749,2.6343767260541733,3.344991094019303,4.255912886440592,33.57504365311268,26.75456675581763,29.97613266571994,25.302010606520984
1646,331788455636673.4,-3.431691264105482,12.67050828982573,5.905125487336985,1.5502414044635786,3.1760050603320416,3.076699761957928,17.354385328666783,-15.2242914988629,22.36430924307627,1021.0670005649945,730.7121056879158,1.0,14.394054059780284,13.127005951650986,6.829861781422428,13.978994504031375,4.685759061304786,3.5341557061578293,3.4451893761221863,4.421887557196214,32.14212298057085,23.085790906490384,28.307896743767305,27.054415158385808
1647,331788488970006.7,-1.6375809619104968,22.00331565822039,4.236070810103508,-0.2560030075052013,2.445870507070313,3.0469722968276796,13.838712231734037,-16.606694644960164,22.542564255289065,1021.0595018787177,781.292586381502,1.0,22.467128594244286,22.064169401137637,4.541582027776521,22.407369231203774,3.91559194181971,2.4592316030028765,3.057707918929971,3.9072141885225253,31.232346477130566,21.616943892782206,26.45141129385314,27.999098382533408
1648,331788522303340.0,-11.179429971980722,12.174286049689576,1.365513881331417,-0.6403376837335711,0.7551951773950738,4.41213050810509,11.01119323652857,-19.707891591247844,25.37122428516264,1021.049743385569,809.7733838636268,1.0,16.58485825921331,16.528547888973403,11.262516710688145,12.25062728923605,4.5218633024143635,0.9901273176567001,4.4583548501393375,4.476294826808491,33.960953891087584,22.57537081565993,27.657646288507614,32.12631340039507
1649,331788555636673.3,-13.245687940173617,12.394096191873011,3.829837468470335,0.28808374428463845,-1.387917940254097,4.868971094456438,8.007074009485057,-21.30879397967465,24.936080679575547,1021.0288297485546,811.2318810405338,1.0,18.539944025178748,18.14006255286519,13.788252392647884,12.972327294988371,5.071113089968765,1.417500776931086,4.877486213447803,5.062923634376832,33.763679519861135,22.76352202673369,26.19010030243626,32.80050030908857
1650,331788588970006.6,-14.674368455606189,10.384980767721137,3.3650308548213084,-0.375374013377957,-3.7841612081334066,6.297195393784165,8.149894358558502,-22.921538088292884,22.54178419185968,1021.0241246526228,780.7454608184678,1.0,18.28956937083887,17.977344495693124,15.055248992454073,10.916558899206166,7.356320515485827,3.802733450961447,6.308373441499478,7.346737090480248,33.16548990955961,24.327303311068516,23.969831301201072,32.14854495751614
1651,331788622303339.94,-17.374451049245877,8.052676501072927,1.3725256818969527,-2.7883648656270763,-4.927755665093216,5.697201666393587,4.877005885968671,-24.292700898661913,19.63855998249396,1021.0081068715364,719.584075563969,1.0,19.19898369292083,19.149860263029947,17.428579288344412,8.168808087989264,8.032176625689928,5.661956774713296,6.342955576970516,7.532654427385883,31.616349276120346,24.777419223228687,20.23507411891012,31.23793135176948
1652,331788655636673.25,-17.011876685584,4.178833918976149,-0.19506979560979862,-5.088610423564184,-7.107710769782496,5.789284463319332,2.932478903310855,-29.09546657786712,13.149361601870394,1021.0187838682092,670.6966525348048,1.0,17.518694400926723,17.517608320998104,17.01299505056872,4.183384413073321,10.48471854781609,8.741482049955154,7.707773390547796,9.167080614029349,32.06323936284183,29.242872771021418,13.472384460633046,31.928856633467575
1653,331788688970006.56,-16.463113875452326,3.1117691581867986,1.2266657713316413,-6.37548223227807,-7.9142879685818315,3.6829555573294686,1.9095663131666702,-30.049115822597756,3.7966315414120753,1021.0168658684496,694.2250133638786,1.0,16.79946233319716,16.754618043093476,16.508750025082687,3.3448193087817506,10.809573968524223,10.162811015842639,7.362807571256863,8.729267763501309,30.348150129546955,30.109729411342702,4.249806415076572,30.288013681671828
1654,331788722303339.9,-18.566054611721242,1.9378153744828104,2.0010184642788658,-6.259081016817213,-9.080130939572266,1.7722297204283652,0.2900693316594972,-32.05880786346691,-7.787405448457347,1021.0088489562703,850.364851058552,1.0,18.773853817620466,18.666909553297717,18.673576484964002,2.785534656034081,11.16985547072247,11.028366744666188,6.505143607719294,9.251463455137632,32.992347377270995,32.06012011586758,7.792805902615089,32.99107220514894
1655,331788755636673.2,-16.422144142591343,0.434093088287704,-1.8486420043838994,-5.289052935462924,-9.29912559114241,-0.2848170180174689,-2.2100667918795587,-30.176397650086653,-12.273175008368248,1021.0123557218019,1198.2354553936716,1.0,16.531567751115404,16.427880418646414,16.525867465897807,1.8989244507540781,10.701819398948993,10.698028683545799,5.296716123022012,9.30348630856154,32.65164919489916,30.257220136039003,12.470574165234083,32.576767794276186
1656,331788788970006.5,-12.525107768879696,1.4213158968606516,-3.7798713870429643,-3.9072590922920294,-8.726030219873007,-1.9942344808416552,-2.6654223127788033,-29.35495245881738,-16.342134095240393,1021.0189392833021,1729.7069882773737,1.0,13.160011063950723,12.605493385850446,13.083032994097225,4.03826281725879,9.76663955396192,9.560872188897605,4.386757889247653,8.951009695152539,33.70286422177952,29.47571390085213,16.558074250717613,33.59730019876965
1657,331788822303339.8,-7.467288012140859,3.05195095626694,-3.6612167965089313,-2.549799390714856,-7.428956054743195,-3.102890068459406,-3.927015573107564,-29.534169823574164,-19.369061247765178,1021.0385885862565,2330.8515462216014,1.0,8.858854515498061,8.066894997191996,8.316543674345834,4.7664360973895175,8.445045397932414,7.854353251299271,4.016142889618579,8.050920123827437,35.536589201818835,29.794104089217853,19.76314714136157,35.318942803931684
1658,331788855636673.1,-5.387725021213917,3.057794917962259,-1.3139138482074642,-1.6582195890948799,-5.947759921061263,-2.858877561969138,-5.312629330887174,-28.555679240912287,-18.737160263113562,1021.048477960979,2878.4552844464265,1.0,6.332776663126663,6.194973015641822,5.5456244467801685,3.3281345166364846,6.8043163652619265,6.1745882683982,3.304977022611291,6.5991688107604345,34.564895805468204,29.04566830557134,19.475759423781263,34.154179709597344
1659,331788888970006.44,-8.504268343196678,1.9166424224088987,-1.0667706985576813,-0.5813711774745445,-4.586583680588575,-1.8104193409205587,-3.1655758467044435,-28.219019616241113,-18.989069807018645,1021.0588207310852,3249.3043581719285,1.0,8.782602003493945,8.71757410226461,8.57091475727057,2.1935172437614194,4.9651143486347635,4.623282633047603,1.901475909912447,4.9309601548806565,34.16019190049825,28.39601976585872,19.251120553803243,34.01320097017668
1660,331788922303339.75,-21.295565600109935,18.275470248106412,4.129344351728868,-1.1068265282916552,-3.6967048926494295,-0.27698537672406215,-6.755489730742455,-27.997516318406994,-17.62145448367975,1021.0546870997821,3340.1713382983144,1.0,28.36450972241832,28.062322195748667,21.692224390406363,18.73617617243651,3.8687740856746027,3.8588459449773826,1.1409583089005175,3.7070672993968157,33.76408179740758,28.80099931428826,18.871997764480682,33.08136300275221
1661,331788955636673.06,-18.111587434685944,15.342057402072518,0.22172446830492465,-2.3780588138402208,-1.7735767773974425,1.529019268386479,-6.614140370556986,-27.22404147162186,-20.02052801021758,1021.040018309115,3186.9410045336726,1.0,23.73725945581349,23.73622389371911,18.112944574091724,15.343659507051544,3.337459847024946,2.96660383391626,2.8272006729590813,2.3416819827680744,34.434239191507125,28.01598270434251,21.08479060008276,33.79304626482338
1662,331788988970006.4,-7.555174115934937,23.043749512631422,5.354601887989782,-2.4374748918636766,-0.8181346262912382,0.8765402184245104,-8.752021603085199,-25.067506483648657,-22.129827051974758,1021.0265601597204,2884.635590378794,1.0,24.834790293092023,24.250671073662975,9.260260109789412,23.657686974422596,2.7164224394814283,2.5711141777841267,2.590290833667434,1.1990275314822394,34.56453397340909,26.551417352914278,23.797628610665893,33.43813880373848
1663,331789022303339.7,-1.8660707357823745,18.637227650882878,-3.3464303661583825,-2.323728957544285,-1.6207548690660032,1.772729227498798,-10.182618316643335,-24.150465146448035,-23.05685046598897,1021.0478301491094,2528.493951166197,1.0,19.02700897927269,18.730415758914074,3.831555322123158,18.935280581665015,3.3420250639035447,2.833118884503615,2.922718799706591,2.4019607115083383,34.907721724329384,26.20936249839438,25.205238923553495,33.38956903286979
1664,331789055636673.0,-3.0092402762468264,11.69520048706128,2.404673078164535,-3.744506281951443,-0.30524539564828396,3.502970821686551,-13.02845161662708,-20.24924868838137,-24.317117941845133,1021.0480796733743,2212.9064649306624,1.0,12.313232479149972,12.076143485100882,3.85200981995573,11.93985624056704,5.13666298531699,3.7569272081234546,5.127585384287732,3.5162450610206095,34.22126311181856,24.078468056973794,27.587366248418842,31.644182679309655
1665,331789088970006.3,-1.280408172580534,9.519985017399135,3.9876488675849378,-3.9975490032548153,0.22950629801297814,2.4238191683324346,-14.767788427700099,-14.448361060441394,-27.150436202093395,1021.0794418094598,1986.717057039624,1.0,10.400524184437362,9.60570454573297,4.1881724629678825,10.321407763607416,4.680595104794573,4.004131762848369,4.674964961815148,2.4346606543014073,34.117281520398656,20.660172128474443,30.906856213617985,30.755508828449297
1666,331789122303339.6,-1.265121177272532,6.851554240217143,6.027562284623597,-4.166771132314811,0.2871643678862755,1.9086215142389313,-16.093187861599716,-9.918185689182366,-28.359133440506426,1021.0958095800206,1831.0945434751277,1.0,9.212808160101773,6.967375912050458,6.158899145805221,9.125530264135577,4.592088972122741,4.176654767068447,4.583101324835375,1.930103483961219,34.082276221084356,18.9039970089355,32.60722535029913,30.04348276850658
1667,331789155636672.94,-1.8962852239631172,5.640576158918085,7.453806850768952,-3.972350797156453,0.49577460326790096,2.0252002540415077,-14.61508693604998,-7.5570377033299385,-27.802580647351135,1021.1006702823169,1721.7148239497083,1.0,9.537884127192262,5.950798018348124,7.691237495955447,9.347477519262897,4.486290158013047,4.003169158668536,4.458812277349125,2.085000845614992,32.3062389586023,16.453254541210047,31.40993882198376,28.811322592029928
1668,331789188970006.25,0.47378943123187967,2.1379742488749836,7.442592909721098,-3.695357699071372,0.38805861571325695,1.7992296708305744,-15.106302158195154,-3.219236135039589,-29.11705587857225,1021.1172964180331,1634.2537981759037,1.0,7.75806673945451,2.189842531781584,7.457658187727418,7.743585933447327,4.128375639608446,3.7156773290095244,4.1100968276286585,1.8406023192494314,32.960078719926244,15.445512169812828,32.80248935569662,29.29447771046692
1669,331789222303339.56,1.0307249194565629,0.9909361572363715,8.296154056660605,-2.404682985448388,0.4792119264553273,1.4362582400775394,-14.802062798215745,2.0887469344757115,-28.394543571984705,1021.1150616108175,1550.190051908748,1.0,8.418463069893063,1.4298070944386605,8.359938157153733,8.355125768027946,2.841651291617715,2.451967440844596,2.800953050783894,1.5140943836655814,32.08915753802119,14.948709872045956,32.02110503626726,28.471265662376506
1670,331789255636672.9,-0.30197525350576043,0.36320701404227684,9.673451297754786,-2.2353467645036336,0.5855041900415896,0.9958713443218054,-14.05835449520467,3.5994429538062223,-28.031127046579545,1021.1087100799383,1488.3231288077743,1.0,9.684976427375192,0.4723435071845224,9.678163517101973,9.680267524458364,2.5162174088449594,2.3107553557512577,2.4471483183530545,1.1552380235248396,31.564812753951667,14.511833815563993,31.358912841715746,28.261282226381528
1671,331789288970006.2,1.2794776178957579,0.6383447022139812,9.096707930427677,-1.397241335292104,0.7240525265139794,0.5983408957388981,-13.243426175947144,5.897824486947322,-27.496163050406228,1021.1169021010392,1482.2263109589035,1.0,9.2084006268758,1.4298765448600306,9.18624831725128,9.119077756568942,1.6836113677787299,1.5737011819910853,1.5199655182149654,0.9392890336126063,31.08394526200177,14.49733322223772,30.51929421484525,28.121580968597055
1672,331789322303339.5,0.8036260314995435,-0.7877509533080852,7.393331675802272,-1.5631394796006561,0.7017182860678058,0.602117573403613,-12.919117606810518,7.705352990055481,-27.46678178741782,1021.1188151546305,1565.50962036901,1.0,7.478483778906171,1.12532944640292,7.436878919743479,7.435180215224042,1.8161385293775374,1.713421601850563,1.6750971926690301,0.9246372938635962,31.316132682653933,15.042475342840303,30.353380396526326,28.52711984163463
1673,331789355636672.8,0.1393522870309885,-2.474898044816832,6.868161330017004,-0.03261983777711516,0.7798556093606349,0.4413355363541336,-11.762393101868533,7.999587846280835,-26.452980277463695,1021.1262313469388,1770.7516831252776,1.0,7.301792892658616,2.478818144224974,6.869574886049478,7.3004630255470175,0.8966693264056953,0.7805375232926682,0.4425393874736983,0.8960757931672063,30.035103841224384,14.224883029158745,28.950199602813928,27.63609182337921
1674,331789388970006.1,-0.4121258522096174,-0.21409184059041966,9.21389284930841,1.7685728552730278,0.9635045159815551,0.08387024840443813,-10.793665129792961,8.358072256357216,-27.73302748974735,1021.1287851328805,2087.442543022103,1.0,9.225589654477568,0.46441687551907185,9.223105179742674,9.216379807426776,2.0157443080145017,2.0139987330496116,1.770560409298709,0.967147957080132,30.91086204756637,13.65139475572356,29.75943582598956,28.965120154930663
1675,331789422303339.44,-0.5033579598035418,1.8693800609133426,9.029130615333504,1.7726662721760769,0.8757569130878073,-0.11795901225585743,-10.93942323361082,4.164603647586178,-27.56618257976459,1021.1208111037623,2447.302803487042,1.0,9.234346252799423,1.935962563645784,9.043150386035299,9.220617196310297,1.9807095223439735,1.9771939417598148,1.7765866263942793,0.8836653775007046,29.94844447123204,11.705336570366198,29.657467907847103,27.87899470143077
1676,331789455636672.75,-1.2316130958086335,4.259372405378251,8.475101803266108,2.2822265094790835,0.9743152335265626,-0.02922926063479139,-9.242558751914174,2.182249113090281,-29.027087133936686,1021.1287535306332,2778.0061459691105,1.0,9.564856228986898,4.433861083239419,8.564124087931688,9.485230828157118,2.481673299314045,2.481501161565515,2.2824136764062595,0.9747535708881383,30.541101665711427,9.49668907957761,30.463037927359412,29.109002021243118
1677,331789488970006.06,-1.6346902558078633,3.534256579618046,7.295750491067802,2.4315310641520353,1.2925225961747402,0.22187541396565116,-7.8904374588344215,0.506158560813432,-30.20453122729284,1021.1287872301862,3007.2262519173278,1.0,8.269894620303376,3.8939930409550847,7.476642793416659,8.106722198181552,2.762641250122978,2.753717120104863,2.441633063189217,1.3114279854207473,31.222250182217334,7.906655410504629,31.218147125546796,30.208771956986155
1678,331789522303339.4,-1.9724263640866895,3.023806379659587,7.997774752019474,3.010340655029781,1.583494689330611,0.386948859498572,-8.139018043986308,-1.8469901479151047,-29.72766350585498,1021.1441056948834,3076.038014277278,1.0,8.774865911650982,3.610245252529841,8.237406554601053,8.550310287101292,3.4233515318077727,3.401412396411729,3.03510795181858,1.6300873752671954,30.876997341778107,8.345956345849777,30.821706510796524,29.78498531347359
1679,331789555636672.7,-4.515080065827105,4.100374499850811,5.843451607313396,4.67491387465846,1.3960720590084061,0.06669171489843354,-6.699395010201845,-4.879757295890293,-30.066742280144666,1021.1487420109626,3011.363836654704,1.0,8.446593735161505,6.099099854884824,7.384570040824504,7.13855711793639,4.87937339360847,4.8789175981377415,4.675389558134197,1.397664115150727,31.188185521285952,8.288179822464757,30.804072536652622,30.460154671429912
1680,331789588970006.0,-6.201617383012502,9.34278079031587,8.772544771652983,3.7520346337192896,1.3747111702440913,-0.0810658374941896,-4.260504470734944,-9.758321494575492,-30.24359126061687,1021.1487365314555,2873.985134811585,1.0,14.237455981734735,11.213724227979663,10.743258348189293,12.81581424126268,3.996769491005399,3.995947283714204,3.752910279055133,1.3770992962028967,32.06324295943733,10.647851273221583,30.542211948128667,31.77891833796039
1681,331789622303339.3,-4.902053039854167,5.391675658693372,4.185297337452786,0.461112564708785,1.408937710468793,-1.207678389039263,-2.520078130824972,-10.373408380728874,-30.62855017318486,1021.159543125244,2724.7657260088154,1.0,8.403392423121716,7.2869946077988885,6.445683657179652,6.825458241864497,1.9121237827781516,1.482474373914557,1.2927149293965716,1.8556919365383668,32.435574311705054,10.675129751850248,30.732049711933705,32.33752753604824
1682,331789655636672.6,-7.745215722527234,4.301653160734085,5.163830397935434,-1.215987004394747,1.486802289594971,-1.4040020929378527,-1.1428857466458222,-8.415363289886274,-30.646110910752842,1021.1586325084621,2623.8963181370923,1.0,10.254644356698998,8.85960419565889,9.308786761287696,6.720815746164714,2.3791652570125574,1.9207304452217542,1.857376179407602,2.0449457022910704,31.80107924402592,8.492616035748451,30.66741433156781,31.78053576098002
1683,331789688970005.94,-10.023179518068009,-2.4401224708868954,4.055798078619999,-1.9110051957834688,1.4095238336840095,-1.8401585311955821,0.4367079331366689,-8.216442696248269,-30.83308017459357,1021.1499014968682,2594.931951697291,1.0,11.084575922374427,10.315925810335454,10.812660436079351,4.733254242850773,3.0041440904135346,2.3745943434689387,2.652946339118697,2.3179604952749195,31.912058496006036,8.228040131136698,30.836172701419667,31.90907024082097
1684,331789722303339.25,-12.369526423917097,-3.6727258908140232,5.743665495143321,-1.137252324007137,1.7142171448868755,-2.5651734997785525,2.2500878336403476,-6.695690025334521,-30.417306826850442,1021.1288811156103,2606.700150619283,1.0,14.123873149428203,12.90325925574771,13.637993887375199,6.817522188387482,3.2881603294623414,2.0571541673593026,2.805968270031894,3.0852318395527845,31.226714761133984,7.063650626585414,30.500417207931086,31.14554253041881
1685,331789755636672.56,-15.42418087801968,-3.432128844525396,10.381312607845059,-1.7102032676590186,1.5780574465121255,-3.353980088659584,5.932612866690912,-2.722494111020194,-31.097969328922098,1021.1387795607978,2623.5532498045995,1.0,18.906520452613538,15.801419688220776,18.592391110873038,10.933945302004487,4.082186051165344,2.327028259648764,3.7648343458692226,3.7066761039531526,31.77564422624891,6.527470383737194,31.658799595193216,31.216913213306647
1686,331789788970005.9,-18.526676455145882,-1.567605246632077,14.48954266989827,-3.0505867557262225,1.101002561931061,-3.919714137647205,5.302973840560221,-0.742014255623193,-28.862824037054175,1021.1281262498227,2609.8435841547744,1.0,23.572059168976477,18.592878386170476,23.519876429447063,14.574094585670531,5.087479249732855,3.2431907430169753,4.966914381694496,4.071408302080513,29.355318565860706,5.3546350677907135,29.345939121923127,28.872360425664894
1687,331789822303339.2,-17.799833110504014,-0.09208388895741791,11.896642646006304,-4.055857674594129,0.4390430983327745,-3.526785875380073,6.570322370554888,2.624094598752036,-30.065256406164764,1021.1270053449933,2535.2426197365467,1.0,21.409639054668258,17.800071297733627,21.4094410251312,11.896999020315224,5.392676416172041,4.0795514849990235,5.37477442199619,3.55400864559641,30.886480072754242,7.0749564321071,30.774807535083713,30.17955458968258
1688,331789855636672.5,-14.990411655622475,-0.06742641920300288,4.235054843905429,-2.8785285102826155,0.8415846682079988,-2.2013606274697826,4.997464158643502,6.197956262055307,-26.35450028371945,1021.1364063169068,2402.878616925653,1.0,15.577312908775875,14.990563295854786,15.577166980420701,4.235591558790032,3.7202392060789284,2.9990317001113245,3.623798421088569,2.356746351633311,27.53087348864626,7.961740377786567,26.824137138433642,27.07349898020053
1689,331789888970005.8,-16.573540348115728,-0.8500598444386861,5.968139233484657,0.6197303512800566,1.7982344463177309,-1.108655157933861,6.2016902953656,6.445454491574661,-26.06077443961896,1021.1287822751941,2228.8559895954286,1.0,17.635859131893913,16.59532589043515,17.615360501019524,6.028373549257375,2.2015515191416015,1.9020286097273453,1.2701110059798146,2.112525356803319,27.55301817433598,8.944542812385205,26.788522298035193,26.84600245838581
1690,331789922303339.1,-13.13822390078512,2.0638685624347777,5.93107872831984,1.5924685789342647,2.745154466935999,-0.5794586436166241,9.295997231338772,6.064862661872037,-25.894073597423823,1021.1287839980475,2029.3076860137776,1.0,14.56194271351512,13.299341363773168,14.414944403246563,6.279908305424107,3.2260814530779602,3.1736145358615286,1.694617506859567,2.805645267492077,28.172702587810583,11.099465015595468,27.512153895939512,26.594841728729484
1691,331789955636672.44,-11.629518530750236,4.573068240625716,7.3543051977169505,2.526027645468906,4.030242000591792,1.2488546656575417,12.981318361233884,2.437752419122705,-25.90457156263444,1021.1287839988374,1820.2864286129968,1.0,14.499808941211924,12.496345641445851,13.75977856646791,8.660182334950353,4.917652308260713,4.756434194752127,2.8178810552625877,4.219299534196256,29.077553045197863,13.208227104825482,28.975186871517447,26.019021209503396
1692,331789988970005.75,-16.162561800012934,8.331388875113925,14.811114418678033,1.798752354625886,4.9519857538485725,1.6341463791876492,16.102473241477934,-0.5435002407305461,-22.380026801427704,1021.1287082959743,1613.6234797473653,1.0,23.452282508335554,18.183521235657558,21.922534394143614,16.99356204306632,5.516167811824029,5.268555109286738,2.430214892120504,5.214652173916427,27.576269447421804,16.11164290208131,27.570913008551877,22.38662529601763
1693,331790022303339.06,-14.97889123194953,4.286061145747727,13.192736309315288,-0.4627529034182819,5.488216730857265,1.6328401544530315,19.470061758433037,-1.0229296543836304,-20.09682457332892,1021.1373846435879,1414.9263220544792,1.0,20.415332326729068,15.580035387753869,19.960347538700333,13.871503576477004,5.744634897404522,5.507691270803371,1.6971467878814284,5.725966281323686,28.000215139997962,19.496914883001722,27.981523596980093,20.122841325443446
1694,331790055636672.4,-16.0598692368959,-1.9662338479041157,11.058195328148487,-1.821901851257086,5.548897701471785,2.6422751621321083,23.372386206314726,-2.172171482767336,-15.05175039408971,1021.138707342872,1229.3027335529005,1.0,19.597682499885646,16.17978601375306,19.498796983959814,11.231640995870944,6.410242592089094,5.840341775702245,3.2095084340182463,6.145883478705003,27.88443931395534,23.473107291700398,27.799705518280415,15.207679601981607
1695,331790088970005.7,-12.508969113023218,2.15463688444523,7.620899300237493,-2.804328246426444,5.7311171173304425,2.6976706012265934,25.72104817028862,-1.6623195266428383,-11.34769337243527,1021.1488196837491,1061.8604922611903,1.0,14.805231322702832,12.69317802500149,14.647607805199087,7.919631699023141,6.927292905528498,6.380435747365787,3.8912316284728496,6.334282128645696,28.16213362055114,25.774709022353008,28.113030143567215,11.468803384986133
1696,331790122303339.0,-13.062875770997882,0.5755906521676616,0.2526311430666369,-5.333591412404563,6.130816476371015,2.837126788783798,25.832644174826918,-3.731786859584252,-4.321133340847455,1021.1398256112476,917.6154351941562,1.0,13.077991072861057,13.075550772620874,13.065318438636337,0.6285913563754671,8.607171221548498,8.12613733710045,6.041232140061361,6.755456985473075,26.45607551353693,26.1007995706757,26.19155776987315,5.709503175824423
1697,331790155636672.3,-15.958002609548132,2.981974035349959,0.2042784799622138,-6.041966112918232,5.908105280067774,3.149861272341445,25.356753978983164,-6.070369615830182,-1.508805226597321,1021.1096730270095,800.9957759576563,1.0,16.23550880419896,16.23422361660225,15.95931004096733,2.9889628376540567,9.018463757481838,8.450506642208913,6.813734698727909,6.695321802225878,26.116869123906874,26.073249886108805,25.401603602183975,6.255068383687076
1698,331790188970005.6,-13.438209087369623,1.0707281980978536,1.998314873805423,-6.92482036371843,4.8227685900930375,3.0427989144662755,26.21111484511616,-8.4539095020816,2.0761239929907123,1021.0687602038962,716.1984492152703,1.0,13.628102754416602,13.480798283116078,13.585975335276283,2.2670953242141936,8.97055512090721,8.43873414342207,7.563845735050828,5.702431245308016,27.618859826711276,27.540717624877797,26.293208861950276,8.70510635797503
1699,331790222303338.94,-11.593321701620196,-2.8867337631489836,4.6538117728284405,-1.5237210375429435,4.375898747384059,3.8338164183928924,24.37253079872226,-12.82765766032229,4.069505251516275,1021.0429482233963,667.4198337337962,1.0,12.82171220677951,11.947315175241762,12.492520646137608,5.476421809559676,6.014013965526455,4.633596405343081,4.125515013933394,5.817786364013059,27.841155356364233,27.542132426249974,24.709939913459596,13.457699433504363
1700,331790255636672.25,-7.059578277973168,5.221188671140485,5.637184753804621,1.9282097706302577,4.113858996885213,3.381833224525234,19.268811683124948,-13.350292185503795,9.200027450962219,1021.0466378599175,658.7101581172652,1.0,10.434381081358088,8.780572680780926,9.034129587921454,7.683662088364701,5.663799495419144,4.543327939496268,3.8929152158834297,5.325470101761548,25.182492136730918,23.441787583673225,21.35246142200451,16.213291045829717
1701,331790288970005.56,-4.981719392895303,14.6666252185521,4.886160647177095,0.8972126922438104,4.933554091939971,3.210476173177034,16.314323613447947,-16.05226755499407,13.246827279777278,1021.0288033643419,685.8979401527032,1.0,16.241982307619956,15.489590808378948,6.977972053510335,15.45912226394146,5.954166931801499,5.01447371049256,3.3334888440882535,5.886179850857013,26.444486790287158,22.887386233937256,21.015127597627306,20.81234553425843
1702,331790322303338.9,-6.926870830603382,16.472418685727348,12.956595575370248,0.3295080087721104,3.6084476200513462,2.779604443559099,14.39592670420898,-18.16876853830031,16.647119119347387,1021.0288078552499,732.3731602305866,1.0,22.07250519912652,17.86958636515584,14.69200151128388,20.957431766836397,4.566800917179626,3.6234610187635776,2.799067057163592,4.554897923039298,28.53898090060382,23.18074321222873,22.00839114171453,24.64205196756294
1703,331790355636672.2,-6.349831492713049,11.84450053446398,6.719425293776586,1.2212187665716483,2.7203043889989806,3.398122592121715,10.904572006004628,-17.249687857695633,17.866088728467364,1021.0296471984769,780.4907001009735,1.0,15.025419434259149,13.439216974837782,9.245054692347416,13.61774097233319,4.520914553021534,2.9818503055374688,3.6109018855287083,4.352848851027924,27.123026163677615,20.40738645250959,20.931001339821474,24.83442887689187
1704,331790388970005.5,-6.689408124840635,17.357000337401246,4.548743328345073,1.976800338856938,1.6872045619824203,3.962524620933386,5.185037569182785,-18.405508710485943,21.37912200825635,1021.0188159949096,812.6054415139213,1.0,19.14953544189505,18.601441927260126,8.089452820052028,17.943147064540007,4.738776232866717,2.5989226255660625,4.428243551478191,4.306769160923019,28.682995368850897,19.12190799804274,21.998897073211374,28.210452118597548
1705,331790422303338.8,-9.995175312408817,16.56470072145182,6.311419512579042,1.1075870271082342,-0.7038586425642764,4.887836091292264,2.763709438504859,-16.94766576979786,23.734429076922947,1021.008853000477,814.7527906589701,1.0,20.350107021360273,19.346649309817273,11.821063648824083,17.72634554145411,5.060939405552107,1.3123132291228654,5.0117552492073765,4.93825461515014,29.294787736263668,17.1715306512046,23.8947946939907,29.164130342807475
1706,331790455636672.1,-15.55274500282554,12.544967596004918,7.034768826021041,-0.6347615637774813,-3.017169582107689,4.911937641436244,2.574222664168187,-18.185435448926434,22.95512930864423,1021.0085807009664,796.4646332589981,1.0,21.18376882292869,19.981593757949547,17.069734900064272,14.382773877815463,5.79942806864637,3.0832182099301892,4.952782413573958,5.764585299963401,29.3985483717881,18.366727656057495,23.09901694664287,29.285628284939484
1707,331790488970005.44,-23.468717901157266,6.285299346688685,2.876674307713969,-2.714594732029112,-5.522303031873454,4.68021816040126,1.6640333492364716,-20.093151568730914,22.44079225841438,1020.9884136347206,776.5110028100236,1.0,24.465505571605224,24.2957960931842,23.644364550496192,6.912325437227826,7.731060558807486,6.15344255965707,5.4104959650765805,7.238803271590443,30.167746089767387,20.161938075278496,22.50240351990609,30.12181762691794
1708,331790522303338.75,-24.20772023878918,0.8469710600660791,1.0717114067562676,-3.8670222777227305,-8.970431840190537,5.230755980700929,2.875171254060602,-22.988425744662656,14.574703390482384,1020.9683839149496,773.6839991785877,1.0,24.246229489870053,24.222532467437684,24.23143174677994,1.3659887686071785,11.080763368358094,9.768444538200956,6.5049726691234016,10.384096278884492,27.370719882359392,23.167527445932706,14.855591158237868,27.219289063794584
1709,331790555636672.06,-17.241946566027092,-0.5740657974531788,1.3905860766194316,-4.379366808105911,-9.846277180171324,3.468868604744515,3.8731011590919384,-23.619868931842262,10.006287334870763,1020.9713250010419,806.7224107517744,1.0,17.307455115123854,17.251500599238867,17.297931986865404,1.5044205450250199,11.320824941040494,10.776271523523445,5.586761408626819,10.439455144103293,25.942723588204107,23.935311172950453,10.72971103136307,25.651978375661447
1710,331790588970005.4,-15.766473435127523,-0.3324916169020298,1.0688455612139787,-3.796054048301198,-10.554541386407717,2.372295337403311,2.7613831799914355,-26.606419528604395,4.833278423578513,1020.9781779322765,891.485243962275,1.0,15.80615911882513,15.769978923761819,15.802661656009366,1.1193665659813818,11.464560845618236,11.216433043308253,4.476361413636012,10.817861574509946,27.18248291673648,26.74933264959784,5.56649058083899,27.04185904208383
1711,331790622303338.7,-14.825671152323709,1.3254947233305454,-0.07053359153644417,-4.7048574775761,-10.389651927881829,0.9094118120524259,3.5421571955645437,-25.142434184215233,-3.596003737469009,1020.978838565981,1039.5421528001878,1.0,14.884973509078058,14.884806393716397,14.825838934251864,1.3273700498022958,11.441485083272312,11.405286101928453,4.791942583984518,10.42937663652239,25.644104920733252,25.390724178441314,5.0475856087817625,25.398292060441502
1712,331790655636672.0,-16.111329682747648,0.06372001945054112,-2.510811226675847,-4.37887099204319,-8.97904796931633,-1.2576066268198385,3.7727957026874233,-26.583044562552995,-11.952820131605339,1020.9982984583504,1262.1134613940003,1.0,16.30592461049252,16.111455688021,16.30580010800411,2.5116196481315094,10.068733188840698,9.989885564922204,4.555884721190658,9.06669051325261,29.389830804674684,26.849436597979018,12.534109322673334,29.146666487150608
1713,331790688970005.3,-12.146627427798464,1.1815965768168926,-0.9832713737233316,-3.6609685503960834,-8.195445912433138,-1.6358954782538926,3.4836979057066673,-26.250593498877915,-13.344657592326683,1020.9985645463945,1570.4194938721998,1.0,12.243510564150915,12.203963632365156,12.186360427302718,1.5372030004944586,9.12382477069665,8.975969275270847,4.00984348108012,8.357121975859187,29.653156600908424,26.48074413874271,13.791883024252606,29.447810534906896
1714,331790722303338.6,-14.287646540647803,2.928132731297248,-0.3124034026850204,-2.886019209525213,-6.885604015755877,-1.3099958690810578,2.189595638108343,-23.762192071267293,-17.919765916597914,1020.9988177346444,1967.1365879365374,1.0,14.587953963753401,14.58460849534808,14.291061526579972,2.9447507837002878,7.580022342747509,7.465966082131769,3.1694157276630612,7.009110631086008,29.84215326674477,23.862860287279506,18.053042390801817,29.761716726987753
1715,331790755636671.94,-18.931863536385443,5.476810455671636,2.6933272171561766,-3.2945038590617335,-5.907306587547523,-0.18276580261348851,-1.4306934252235932,-22.820127748226437,-21.258561477681884,1021.0014405253497,2400.458587361272,1.0,19.891327789424945,19.708143233893825,19.12248593826114,6.103233918672,6.7663454046671285,6.763876610099789,3.2995695197976365,5.9101332013658805,31.220691059339675,22.86493197283456,21.306649661017993,31.187892948157852
1716,331790788970005.25,-24.287553610155207,22.85024549971063,5.159454669970708,-3.044537653934904,-4.6937720896069415,1.3489391358045693,-2.339653686426745,-22.076139456645464,-22.0282000047645,1020.9996439688541,2797.1807971706758,1.0,33.7437246351776,33.34694858248966,24.829523411810502,23.425492351037757,5.755027606146276,5.5947033840410665,3.3299919396798288,4.883762199501353,31.274134810280135,22.19977280698316,22.15210091215542,31.186495935888107
1717,331790822303338.56,-16.029938601308164,21.430597518737194,9.452013936745233,-3.7534693914131525,-1.8338702839597292,1.5173821115736215,-6.523492887731568,-18.55788749351433,-23.240593947512508,1020.9690245797993,3084.0477285681313,1.0,28.382565229947776,26.76246329417033,18.60912407992745,23.422448152798435,4.4445541017282695,4.177512739737122,4.048577644654854,2.3802371081289695,30.447928578334764,19.67107388218091,24.138789664965376,29.74088760032374
1718,331790855636671.9,-7.780553031026481,14.041975007372587,-5.734542631354601,-2.17384367209888,-2.827022780102959,1.901290305559166,-8.974589181941445,-17.593171413925088,-25.367668360027853,1020.9746472388626,3188.8464128439914,1.0,17.046965910892034,16.053475249188,9.665504883835025,15.167796191223685,4.041356076363313,3.5661820074058763,2.8879925790655365,3.4068992684308013,32.14936281497239,19.750010921120303,26.90839736976133,30.871318054532576
1719,331790888970005.2,-1.92562618386964,14.732848160173322,1.9103000447102585,-2.4626927920111314,-0.8193778279586376,2.6496842980347863,-10.385187937474996,-14.69164787363783,-23.76386272685757,1021.009050504608,3095.5375277018707,1.0,14.980457181659938,14.858157729366276,2.7124310978943535,14.856179225209369,3.7090514544861595,2.5954259405295685,3.6174138092117247,2.7734828112325327,29.806338544688337,17.99157151945441,25.934018203849682,27.938605708658717
1720,331790922303338.5,1.2213457211421745,9.288280972284674,1.0712302594672496,-4.1267100268445995,-0.1500217916213095,1.828012238924003,-12.047723698282176,-12.150839852681747,-25.85341515557979,1021.0397089263505,2871.6693116952224,1.0,9.429283273900309,9.368236162194986,1.6245675237891988,9.349850142590725,4.515957365750586,4.129436061209935,4.513464787867044,1.8341579222131374,31.003058407880207,17.111123733865902,28.522740427892142,28.56644857752328
1721,331790955636671.8,-0.5878417613641003,6.0623001128624185,4.002669048495651,-3.0754544788538394,0.22714307947784493,1.5633426247929838,-12.98506213602113,-7.58871351263357,-28.738384271775637,1021.0593767439763,2591.5882651129614,1.0,7.288237105542082,6.090733994750989,4.045604707356952,7.2644918728151096,3.457463577906705,3.083831096227032,3.4499942628933105,1.5797576209815527,32.436016124138895,15.039960487087622,31.53579821771713,29.723447029728376
1722,331790988970005.1,-2.11295739755713,5.818324533299715,6.599900337170776,-2.0055754689159784,0.6489288280412828,1.7886217243675848,-12.44985591001361,-5.885488188047185,-28.98033623938351,1021.0573795702198,2329.640888244004,1.0,9.048545396873228,6.190112223432524,6.929882641465029,8.798385353880805,2.76452695017796,2.107947244449106,2.6872849931477716,1.9027023668305838,32.085787693922505,13.770907137576078,31.541382352836504,29.571926886142677
1723,331791022303338.44,-0.3308563124945693,5.878251739878813,7.651859737404277,-2.690339922339007,0.6458495961581029,1.5416468160035868,-13.004877289933502,-0.46136883964655456,-29.03532124520018,1021.0582807376503,2149.9198086074675,1.0,9.654753588663693,5.88755547038886,7.6590092923579975,9.649082907628939,3.167289930505674,2.7667762104276954,3.1007424599642346,1.6714654068067283,31.818069934306163,13.013058615576314,31.81472478488854,29.038986570095208
1724,331791055636671.75,0.3428879465094084,2.2665500090928554,6.244642630378784,-3.3087212469426257,0.6897743621992782,1.2757991587884159,-12.109449069330806,1.0270469389811345,-27.038919824553425,1021.0780302070657,2054.1155345619404,1.0,6.652096110905518,2.2923396536247114,6.254049386198153,6.643253007741229,3.6126290225100908,3.379855760341998,3.5461669142236936,1.4503282953568308,29.644506530826508,12.152924840448378,29.626709942910384,27.05841848101065
1725,331791088970005.06,-0.6953821201787846,-1.766755768383021,7.417623872095826,-1.8693355667011653,0.9044747165848213,0.9504943024950924,-10.266491401172745,4.349862674640777,-29.189717603252944,1021.0842942011985,2020.4433731910196,1.0,7.6567699551485084,1.898679077195254,7.450147663029922,7.625127530277808,2.28384092987029,2.0766535517209315,2.097106311089068,1.3120647590789203,31.246788070716033,11.149984348804573,30.942534793516977,29.512047015513645
1726,331791122303338.4,-1.5600328771001206,2.234049650082002,9.043638916490345,0.16228846276136885,0.9103069181705123,0.7914793693301865,-10.133719231009987,4.818396843799497,-28.37958782647288,1021.0787947146345,2027.0761792036114,1.0,9.445214940303023,2.724826676444723,9.17720586178015,9.315491543170987,1.2171424824110997,0.924660062084734,0.8079462464921524,1.2062745447635068,30.517375686611164,11.220927483825863,30.134585954571026,28.785724818819908
1727,331791155636671.7,-0.864584302812376,2.696815796541627,9.075226135804247,-0.04964828997827165,1.002670327218172,0.6108282472591134,-9.278311099186533,4.8438074593228135,-29.810756356742527,1021.072603995179,2052.437630383314,1.0,9.506842318726575,2.8320172063647515,9.116316988381548,9.467446585878418,1.1751271784071728,1.003898768692124,0.6128426391394508,1.1740779074377632,31.594789477338576,10.466591018869485,31.221278824134558,30.201716263551255
1728,331791188970005.0,-1.1585975325489324,0.3890927270009551,9.872403316268977,0.15607882088344285,1.1964342059179005,0.25364188521709885,-7.369357783350411,4.098203635674522,-30.960696518369886,1021.0881410094876,2086.338403993335,1.0,9.94776802261252,1.222187134866635,9.940155707105758,9.880067833232914,1.2329434753285518,1.2065717580893243,0.297816729323337,1.2230245357419782,32.0884314992348,8.432242120485107,31.82565259412018,31.230754104601075
1729,331791222303338.3,-2.1820529058278546,1.735374300189382,10.209605211536559,0.2768194728264317,1.1287463199024312,0.2950793643244831,-6.408757648616123,5.051587415631646,-30.787781901018,1021.089598951846,2134.404327348075,1.0,10.583426544414811,2.787988315181678,10.440181677502851,10.356039906122042,1.1990701007361189,1.1621950246104071,0.40459961911257974,1.1666790843858574,31.850874782352765,8.160313107746765,31.44772947262405,31.199455921576895
1730,331791255636671.6,-2.4034887312237814,1.9363312418709966,9.29183826687173,1.339690436425361,0.9098054940714817,-0.24248886036010617,-6.421421675319995,2.5675346579227054,-30.311273831063446,1021.089418513856,2203.4277482683774,1.0,9.791036468988725,3.086444031464912,9.597656821267446,9.491450735053494,1.6374728547035429,1.6194185692686827,1.3614592586075858,0.9415661869679667,31.090194785713635,6.915698847687319,30.98399550726118,30.419821752951577
1731,331791288970004.94,-2.3621049761078603,3.804551407383882,8.708059527188087,1.671510394758793,0.9413025906326378,-0.272461882475402,-4.807266527179289,0.7714754342041618,-31.219530537767824,1021.0787806510448,2300.2010145750833,1.0,9.79206066457063,4.478186165132061,9.022740196149101,9.50288967317194,1.9375843321828476,1.9183319751592558,1.693570924758906,0.9799418577312407,31.596899734112153,4.8687766234362115,31.587480090408544,31.229061166551233
1732,331791322303338.25,-2.423232339347156,2.584896114883556,7.2692987238788485,2.1565916536846084,0.8763810436730239,-0.3062259668659009,-4.2392332009571625,-0.9974049595030559,-31.422059329344776,1021.0778018803813,2426.650590516206,1.0,8.086806961476492,3.543126147231847,7.662555638130437,7.715205237822696,2.3479151682363844,2.327859809879352,2.1782244841900638,0.9283415731789536,31.722416794472043,4.354987346174361,31.706732891122048,31.437885252511887
1733,331791355636671.56,-3.105190414873101,3.5867911818604146,5.6537679474684905,3.7680351198297797,0.9880486701657928,-0.6335557410710281,-0.18782902018495623,-2.7472741989102274,-32.02373040933983,1021.0887972685799,2557.447458254846,1.0,7.380539986932764,4.744183648942293,6.450372044808102,6.695533062131326,3.9466088881381536,3.895424089734905,3.820926790886562,1.173726139974931,32.14190573993549,2.753687575746652,32.02428124206537,32.14135692303724
1734,331791388970004.9,-4.434459808994146,5.408750605749916,5.433912763842537,4.5088255460610815,1.1620276995584424,-0.9034836156273148,-0.5568742096769702,-9.666756190007257,-31.671095178289907,1021.0837113317143,2657.7783167803586,1.0,8.856998635984727,6.994213101756658,7.013689594117723,7.666941439730118,4.743005252270031,4.656158951255218,4.5984552241508245,1.4719344476735678,33.11819067996839,9.682782870768454,31.675990571372846,33.11350849773158
1735,331791422303338.2,-7.417648523299826,4.531937726235078,4.609996582448514,4.592677674389227,1.2575002132424222,-1.2806664313415124,0.25440501151892814,-12.9047394008056,-31.303076160590578,1021.0791593265834,2692.8202661497594,1.0,9.83931083256708,8.692523751459348,8.733474572322237,6.4645593851909,4.930933128273287,4.761721853189031,4.767892063501254,1.7948296004550799,33.85970463586953,12.90724683705206,31.304109938243254,33.85874888590006
1736,331791455636671.5,-7.958072875045281,6.68097965315113,4.602506155279521,3.8341411117408435,1.1611856247101466,-1.8566172432142327,2.694506513318334,-15.964000143895312,-29.641381668098997,1021.0679082056387,2628.7066610965853,1.0,11.364395096956844,10.390688764964086,9.193148905240104,8.112863368454153,4.415429504314979,4.00611908457235,4.260007705690417,2.189835528717605,33.77456399627565,16.189801294166784,29.763599791426948,33.666909685746404
1737,331791488970004.8,-11.1512610930314,5.849551222307409,3.6436955992058313,0.5002413031054863,0.8235604642576833,-2.32455470329256,4.386340770517357,-18.227089972162943,-30.506847256816194,1021.0788013075635,2468.80471963444,1.0,13.10894317201146,12.592373623243313,11.731459482290676,6.891572180719726,2.5163560495725896,0.9635835197952515,2.3777712105945428,2.466131871349927,35.806906090294085,18.747447671841247,30.82057291657338,35.537227500243134
1738,331791522303338.1,-12.712244213926898,1.1501839582708906,8.927281261557223,-0.8617374278634521,0.29948311536429406,-3.1323003619912906,8.985418398548498,-15.294173302615874,-28.49734525865836,1021.0787959570132,2264.8841933940676,1.0,15.576277694472845,12.764171578773984,15.533753689223627,9.001070706355685,3.2624510860240945,0.9122946513977934,3.2486761845883456,3.1465847667143936,33.56706969037661,17.73836184114593,29.880368648799365,32.34208440718727
1739,331791555636671.44,-16.455595568973603,0.8911051198477407,8.959748329525082,-3.815604261191749,-0.19311640355946688,-3.1190639017808555,7.989358635393814,-12.707438537068068,-30.66590367968412,1021.0785235325708,2071.9531223024824,1.0,18.75787258706781,16.479705515094697,18.73669436314878,9.003952380096552,4.9320066349043765,3.8204881655815104,4.928224376123417,3.1250365707805976,34.142444172466156,15.010291322233035,31.68954874870587,33.194527299918384
1740,331791588970004.75,-15.160372970347936,-2.182750395288581,10.327538638154602,-4.21096053046593,-0.5932701350414222,-3.5707825779046742,8.946581919951194,-6.790841421100615,-30.988797721877063,1021.0687932136035,1945.0195462866998,1.0,18.473206603369242,15.316700293737837,18.343799031897195,10.555683474352035,5.552895304338227,4.252547241627537,5.521111917703666,3.6197317126825324,32.96152968999386,11.231956875671017,32.254409191578915,31.724140830823913
1741,331791622303338.06,-17.06986079165889,-0.3858018586196324,12.307143368120714,-4.14722684601714,-0.49384534502373395,-3.6193301334491252,10.29567065282343,-3.642381619335565,-30.928945224739422,1021.0753198603105,1926.0169693273688,1.0,21.047440899173598,17.074220056000446,21.043904707303994,12.313188902863143,5.52656533047604,4.176526515793583,5.504456478819515,3.652866523662543,32.800418149273874,10.920978804680614,32.59755338835019,31.14268126824993
1742,331791655636671.4,-15.72033555047937,-1.106252477669398,10.433103808700864,-5.548501184460722,-0.4820700465254174,-3.101095237632733,9.402177478583717,2.894191590155422,-31.698035977397986,1021.0795595728123,1978.3863736765757,1.0,18.899798926103518,15.759211413139148,18.86739528665242,10.491589470975223,6.3745626200224486,5.569403641658508,6.356308446482947,3.138340835955431,33.189497904061916,9.837544729215375,33.06306740402656,31.829888937678426
1743,331791688970004.7,-11.429329657530452,-2.128659153184295,7.6691063594873174,-3.379767872641371,0.5581411494407333,-2.3907631253335517,7.217576662041279,8.982919448450872,-30.8962229446753,1021.069852298361,2036.4121420453482,1.0,13.927525213190938,11.625866256367328,13.763893663263822,7.959044047092847,4.177331772446672,3.4255441050492696,4.139876712462996,2.4550498699932097,32.97518532073596,11.523291833924882,31.728063368562594,32.17560308781232
1744,331791722303338.0,-8.233793641816897,-0.8453027519015449,0.6824648607632496,-0.5810948155890343,2.301985875244511,-0.6386470654808819,11.861655077968614,9.090492359922717,-29.052985427257873,1021.0511307808412,2034.3302668385102,1.0,8.305158202260406,8.277070404339732,8.2620285658064,1.086413838529741,2.458593140146826,2.3741967388002387,0.8634473110455528,2.3889347090434634,32.6712698677442,14.944427474296628,31.381122086776262,30.44196139512485
1745,331791755636671.3,-8.893322362964081,4.663516188877102,2.761835860819082,1.8184799760205441,4.212337118373249,0.5840146974875892,13.265442533073994,6.572750315848037,-27.563958672558233,1021.0583735486962,1907.4723745878125,1.0,10.414763713960204,10.041890553850697,9.312299392400533,5.419974221896732,4.625119089158056,4.588099107692937,1.90995879276732,4.252629441381716,31.28809406172366,14.804492977227186,30.5899294425598,28.336775829599574
1746,331791788970004.6,-17.90866766295386,10.540657000782398,13.41183975405393,2.4171384864308068,5.645263187405915,1.7071313420861398,17.737164111794776,4.165072651377482,-25.85122504010043,1021.0688417027382,1643.6725778141067,1.0,24.732635788744666,20.78041932854754,22.37404351141185,17.058220762921447,6.373841254439761,6.140973450330607,2.9591985201601188,5.897736334748546,31.626581493957083,18.219627354037545,31.35112161953151,26.18460743003737
1747,331791822303337.94,-15.224623698467514,4.253323456458003,15.369841241070306,0.1729764439297478,5.57869301284028,1.8512676904460743,24.118403674132473,3.727220116511246,-21.60863898347718,1021.0483360563625,1305.3282187439643,1.0,22.047946547488273,15.807590809013071,21.63379732122043,15.947500750931521,5.88038507611169,5.581374076485785,1.8593313077136424,5.877840402154733,32.596362439750585,24.40470375942582,32.38256744772805,21.92773240704966
1748,331791855636671.25,-17.324188661153375,1.2073689877533624,8.245061873811807,-3.2463451481229884,5.862049949311381,1.8644530883261112,26.533591275539635,2.2954022510517413,-15.67871651851592,1021.0555118169854,960.5153239378151,1.0,19.224107207951395,17.366210082796528,19.186155374910843,8.3329937702829,6.9554706345100765,6.700924296614851,3.743653581637922,6.151407556550804,30.905056044917803,26.632693019511308,30.819695288003366,15.845851922888759
1749,331791888970004.56,-15.335942658198084,1.0102655008682335,7.838264666877911,-2.971213476303191,5.824434277571996,2.488804665827518,29.48671985001732,2.248802156893566,-8.97323518590204,1021.0588394203982,677.3099199560901,1.0,17.252540873326772,15.369182593677005,17.222936166739004,7.903102515485372,6.996162722533413,6.538512382455303,3.8758558005181922,6.333891640879282,30.903765277968397,29.572347871859186,30.821836369932857,9.250732989464108
1750,331791922303337.9,-10.329868538317877,1.8697081661475026,4.165229017011071,-3.5349442322068305,5.6062480204402005,2.7743661284435395,32.682224202340436,0.7561470986777696,-3.2974112217314673,1021.0504236190293,512.8199952753928,1.0,11.293853434928184,10.497713686583769,11.13801224559753,4.565626067770954,7.184911621318442,6.62765777567777,4.493655320501021,6.25516780601004,32.85684796221461,32.690970270808506,32.8481460599719,3.3829985515869523
1751,331791955636671.2,-15.144971500303098,0.3338127717077554,-0.08651840876474602,-5.570733764597171,5.816824519520471,2.235348955983588,31.830172617776512,-3.41733565159867,4.762065955858986,1021.0522683500233,458.5677736124545,1.0,15.148896928377441,15.148649864312935,15.145218624372784,0.34484257511275734,8.358546950393619,8.054099711756587,6.002487786829715,6.231551367509657,32.36534170993855,32.01309219418107,32.18442419937633,5.861352670129863
1752,331791988970004.5,-12.344305276449274,-1.7445351033108831,-0.910802714707131,-5.1353090848127465,4.6826706145798145,2.5691489322581376,32.2819327147154,-6.05661944578559,7.554177596035018,1021.0488305574098,481.80314058504166,1.0,12.500193481301608,12.466967373217004,12.37786065292752,1.967984835257069,7.409408189412482,6.949734058308247,5.742118566581802,5.341154399638006,33.70269155514019,32.84517953838098,33.154016030487924,9.682367389409759
1753,331792022303337.8,-10.552088642782433,2.253255133523528,1.898904901197448,-4.0365318857082695,4.054508068042968,3.228749588443403,29.356442074536997,-10.286508534235962,11.893264551935598,1021.0291091741175,549.736716576287,1.0,10.955800894762547,10.7899830130491,10.721586382104547,2.946692810684857,6.569432946840886,5.721243338485532,5.168985738925287,5.1830357493170895,33.30259285405392,31.106477606771154,31.674128764308165,15.724566751654468
1754,331792055636671.1,-7.362487583495202,2.2086149611772994,1.1659326057165216,-2.2833689989813064,4.188610011296109,2.972519667980876,26.813519590367132,-13.874974454626484,13.437008730763946,1021.0182125636635,629.845687589105,1.0,7.774548366621057,7.686624972239587,7.454235189353361,2.4974745019337274,5.620863011030603,4.770558438195562,3.7482858965188384,5.1361782487821745,33.04592187502364,30.19072289527926,29.991966198527706,19.314971388722377
1755,331792088970004.44,-4.264134488694406,7.78195558509051,0.012308926279075844,0.9099326840928291,4.56612580715662,3.7121746426260795,23.037015387896286,-17.28245731728212,18.244753745205895,1021.0088408462043,702.3506543343852,1.0,8.873659176217027,8.873650639167314,4.264152254239903,7.781965319762581,5.954638776090295,4.655908329892468,3.8220698668308564,5.884704365058432,34.0919117699353,28.799086945697578,29.386648621531762,25.130745515143055
1756,331792122303337.75,-3.4349183695878485,13.144919218572209,-0.4565575061676011,0.04152804083148556,5.149144067199005,3.0755835215168275,19.06049379546407,-19.043038094630944,22.201383873305613,1021.0197903809634,765.552673809914,1.0,13.593969627189809,13.586300654281175,3.465127553520941,13.152845548368116,5.997884893924846,5.149311527082627,3.0758638747514735,5.997741126673988,34.91190584156591,26.943268613894816,29.260961529259404,29.24959394185567
1757,331792155636671.06,-8.660044480895683,15.966628019090907,6.700935080392796,-0.8451874666687357,5.027288100392116,2.750382563273184,11.378680632502233,-22.290735289360086,25.231156223161253,1021.0293348523566,819.1278929440796,1.0,19.36058138751906,18.16396379403765,10.949835677430533,17.315765684821958,5.792458177882277,5.0978394931733675,2.877315780058054,5.730465067400843,35.53818364849804,25.02701046223469,27.678251702267076,33.66731536814142
1758,331792188970004.4,-7.303884695398785,16.294665868109625,6.406903509995813,0.4970723644746293,4.009212705389948,3.666851516071887,5.8377030440216515,-22.751981286263618,28.028350104598594,1021.0153403836977,862.7524586652692,1.0,18.971327839226596,17.85673171095476,9.715716351874281,17.50898478895146,5.455883749999011,4.0399093371738655,3.7003893006605524,5.433193035221451,36.56938390056116,23.488963989087928,28.629830359541632,36.100430219547825
1759,331792222303337.7,-6.990432986126192,17.392570514256853,10.50962742305772,-1.5264860455161102,0.9710459732363278,3.853225744529074,0.36884975876515014,-23.821741290280215,27.310103859790857,1021.0086501157768,895.5937828404534,1.0,21.489996067901103,18.744803611319007,12.62214014757434,20.32126417487071,4.256810844704699,1.8091682976699264,4.144575766644525,3.9736983932402477,36.241594626590945,23.824596706882204,27.31259458522944,36.23971758904317
1760,331792255636671.0,-8.331229207358486,13.946891569016044,8.870844360379671,-2.4970102497411717,-2.2225546575833635,4.192391269517259,-0.9475897645091226,-25.23919603464075,23.95149486477301,1021.0017894739846,913.7197454344871,1.0,18.509917455502432,16.245773744067527,12.1696860999626,16.528994648918324,5.361991602938455,3.342874420802847,4.8796726062346645,4.745091544182265,34.80788774249417,25.256978101840048,23.97023221871349,34.794987034517966
1761,331792288970004.3,-11.929933363494413,11.506473833948274,8.063241336948261,-1.4191627737777792,-5.07620032451234,4.492738876278809,-2.2552168443466702,-25.743898360422236,21.464067200315462,1020.998943587248,912.0309758227336,1.0,18.431986084158826,16.574747363044583,14.399276749729076,14.050437749380176,6.92578770418808,5.270847437846767,4.711552354469132,6.778828242772209,33.59375666082068,25.842490317436045,21.582219158248833,33.51797254565688
1762,331792322303337.6,-18.041485646735445,8.436177517147863,7.017648796205555,-1.9470572722203432,-7.721707076083955,4.679654489947173,-0.9468250354666577,-25.73300217429162,19.840906205009876,1020.9882572012326,885.4259776714384,1.0,21.116621180223824,19.916432799128266,19.358269524114142,10.973444569856648,9.236609677551275,7.96340330450186,5.068549907674665,9.029060101368676,32.50762122312064,25.750415114127456,19.86348500852219,32.49382956713623
1763,331792355636670.94,-19.25042752040843,5.978874004956376,5.7925576377644274,-2.6938156358812897,-9.302663498230453,4.276262284009363,-1.577940333402692,-27.544841986602957,18.75743072390441,1020.9689036160405,829.26203911758,1.0,20.97330727549817,20.157526983378723,20.103051601817103,8.324701697596502,10.586907478724312,9.684843356576696,5.054014424371926,10.238455317231708,33.3623953445309,27.590002097910467,18.823684630216587,33.3250585510213
1764,331792388970004.25,-20.11446600248218,1.3998510705917828,1.0715446767582493,-3.731956535803432,-9.23690891395609,3.287516898550407,0.07587901633165697,-30.64172023292055,15.742686302451688,1020.9511864150493,761.7142656621576,1.0,20.191570854669465,20.163117952956792,20.142987627442473,1.7628927971166883,10.49074607585666,9.962328335778109,4.973456237203705,9.804501702941153,34.44928081216054,30.641814183525298,15.742869168055721,34.44919724536368
1765,331792422303337.56,-12.94594250870556,-0.5341480998328719,2.7963192197274553,-4.330510977752261,-9.632905075230791,2.273516654311134,0.7677174017527078,-33.13287109295098,9.01986872637052,1020.9248812352866,733.8545382796498,1.0,13.255268492561056,12.95695726747853,13.244501825939954,2.84687817989675,10.803474602842831,10.561542762155534,4.8910329487607145,9.897562233491499,34.34726435557885,33.14176423896381,9.052481529940334,34.33868341539995
1766,331792455636670.9,-13.799047826818073,1.3477347946832594,1.9956382584728558,-5.358930342700431,-9.138922198644321,0.32764905852640264,2.042698000600771,-33.84616530346521,1.841924294081813,1020.9189294931367,799.3142677604908,1.0,14.007593728485029,13.8647073536953,13.94260710862546,2.408103223593312,10.599310698170072,10.594245295007536,5.36893735514474,9.14479375701974,33.957741473429586,33.90775015938319,2.750509085021748,33.8962474450288
1767,331792488970004.2,-11.535023529874788,1.9711634669612959,-1.3886751559211454,-5.19521437936318,-8.218041016786158,-1.404832373819667,4.347640859274251,-33.068453217750886,-6.711903347624405,1020.8981046983918,1011.7248648951153,1.0,11.78434011461484,11.702232831739758,11.618312550600352,2.411203869886471,9.823441586310441,9.722471424546416,5.381803270844611,8.337250874965408,34.02167288367316,33.353029536397585,7.996976152839437,33.74273617776766
1768,331792522303337.5,-10.091214619546143,1.0205625714859363,-4.188162344683759,-2.649459539833258,-6.865279760232779,-2.771826702406251,5.553398902401887,-34.11406466804912,-10.694639946798668,1020.9089068889624,1406.5308731318044,1.0,10.973370689331823,10.142690001181137,10.925809641540015,4.310713605395858,7.8635059170606345,7.358784005491349,3.834404663228148,7.403721324741643,36.17989733452401,34.5631255465277,12.05054201938072,35.75115007615138
1769,331792555636670.8,-13.169903486748783,2.0872228013016305,0.14918806894630465,-0.9918262223857779,-6.380099275691294,-1.6510070111447404,5.16521422019387,-33.291123525479506,-15.131675028701153,1020.9189489540918,1908.1821921188014,1.0,13.33510832173729,13.334273766221811,13.170748457479313,2.0925477538611523,6.6644737357076975,6.456731837631838,1.9260174989498748,6.590257272559674,36.93163864091933,33.689439644037236,15.988965792530516,36.568654538592924
1770,331792588970004.1,-14.593844747988026,2.3262043280727513,2.882057135193563,-2.2605106738647547,-5.639837689740599,-0.8318667224514642,3.4423434134268445,-32.693161523944354,-17.130732902551664,1020.9287739763438,2399.263165104473,1.0,15.056486457166633,14.778076028506623,14.875703608868315,3.703711639216062,6.132673146124551,6.075991908591967,2.408715581088525,5.700857076838598,37.06959061529066,32.87388840108026,17.473171948862902,36.90941370720052
1771,331792622303337.44,-20.55590674427353,17.5550042605218,5.2507536684150855,-3.535195142372454,-4.762345214124703,-0.3011506210471745,2.3342123456169013,-29.533287339190572,-23.697769705196873,1020.9190445648833,2762.2810892648167,1.0,27.53713657504322,27.03189739300977,21.215930716460317,18.323443690346885,5.938705947401956,5.931065387698086,3.5479989277353083,4.771857461728457,37.93742080498055,29.625387901825427,23.812451286563864,37.865543044564156
1772,331792655636670.75,-28.30477597998112,23.372156873769647,3.429929531806502,-1.6662265079188745,-3.7661947015932498,2.5130433497097258,-3.220958747580264,-29.906194883139165,-24.479011924527388,1020.9061757216059,2881.5271548704436,1.0,36.86709205785252,36.7071935757695,28.511835434957085,23.62249211080948,4.824512429616165,4.118316804958137,3.015244211206085,4.527649435173768,38.78114351644452,30.079146723966637,24.69001012666394,38.64715406326128
1773,331792688970004.06,-10.582195592006844,20.60346802984446,-3.7865695991347894,-5.675055612096825,-1.9834839266237776,0.5814405758269688,-5.620992078402758,-26.341975563550612,-29.248247838730624,1020.9089333466986,2729.2683557788487,1.0,23.46963714532893,23.162162213496213,11.239260334941124,20.94853226805913,6.039746503851345,6.011693994837607,5.704763741261304,2.0669498374157214,39.76122772465627,26.93501862884383,29.783477862420252,39.36190643536601
1774,331792722303337.4,-2.763698644393988,15.500162596301143,-1.3095357034185091,-2.518945055026573,-0.3644196284692338,2.4296878969512195,-6.428551669228401,-23.70863660171783,-31.813913337144058,1020.9256212417235,2404.177266340077,1.0,15.798985868318447,15.74462037360057,3.0582534158491472,15.555382485503236,3.5187027627305665,2.54516912126807,3.499781059842753,2.456864860387094,40.193915060610436,24.56472523917688,32.456915417014784,39.676498476246955
1775,331792755636670.7,-0.9135594246578388,7.5935877417290545,-2.6024799312543063,-3.6219921259620977,0.36262666409305766,2.54871043011752,-8.912285616212163,-18.617381331686218,-32.323986726407064,1020.9397327537316,2014.714208307422,1.0,8.07898925647883,7.648343978517109,2.75816834420283,8.027171144551435,4.443675271060266,3.6400995945224763,4.428854458787427,2.5743781684323483,38.35199917140306,20.64063280411627,33.53012008320105,37.30210457250848
1776,331792788970004.0,-1.5341141451787812,8.7847487088475,3.856527601699756,-3.0161897268643894,1.0547790337238192,1.7330335605261948,-9.78152013612408,-15.88642546105704,-37.76528526814926,1020.9490597651526,1669.3395034341775,1.0,9.715869556077187,8.917696792784303,4.150459173767367,9.593988483434297,3.6350192021962875,3.195302689640785,3.478621248476525,2.0287839046811897,42.122125082761606,18.656276426530624,39.01147148670622,40.970663715815164
1777,331792822303337.3,-3.760423606878763,6.230050480646993,8.271703632129515,-1.7750820772723752,0.7960089321749905,0.9957375120871877,-7.507921476452729,-12.56452892770334,-36.97033727034732,1020.9689204676329,1460.933481909956,1.0,11.017050225553369,7.276971533170988,9.086356072758523,10.355414524257078,2.1854152452414075,1.9453911177847962,2.0352910293201787,1.274803284071684,39.76232022851416,14.636812223693866,37.72498804214273,39.047064230980624
1778,331792855636670.6,-1.7885370643760443,6.715518067611125,5.864247152731349,-2.7850630359045447,0.5461220914836329,0.7281541711395726,-7.899635249095341,-11.336670782022088,-37.02848759024118,1020.9766258580986,1386.3140977965886,1.0,9.093208587477584,6.949607740517326,6.130926479657427,8.915580608391648,2.9300228582241905,2.838102438737597,2.878677580228428,0.9101965918165237,39.522566145296636,13.817537461092801,37.86176343343498,38.725043546012934
1779,331792888970003.94,-0.4941328703602623,4.062744049149947,5.290481538387743,-2.860878205733911,0.7964616060923151,1.0653989212719912,-8.449939032587633,-6.636320371401462,-39.95178514025638,1021.0087851139464,1405.7208215383491,1.0,6.688740644582904,4.09268328880623,5.3135075234342155,6.6704635608722755,3.1550039713873503,2.969675941583935,3.052818201185718,1.3301977114048396,41.371334926728395,10.744404019131357,40.83560463061198,40.49920843627797
1780,331792922303337.25,-0.1927433210600713,2.829272326505293,5.616172571805287,-1.1340855553373461,1.085043563828998,0.9832061178761622,-5.711043545318273,-3.9817227810093825,-39.82786573991901,1021.0286820065018,1479.321503929228,1.0,6.291528132468292,2.8358300170041817,5.619479010024976,6.288575057501237,1.852070153223323,1.5695443868306336,1.5009478062390877,1.4642451316756515,40.431782350996414,6.962049603481047,40.235244596914484,40.02640385672717
1781,331792955636670.56,-1.8796268753168317,3.573231492480814,7.185386043416845,-0.4269342301686659,1.2666880733568677,0.9549846315923171,-5.806625828977322,-3.9977104129699157,-37.87459818877896,1021.0184502202812,1567.7186547382528,1.0,8.24201147064232,4.037447273868723,7.427164316436179,8.024821237372596,1.6427924880068567,1.3367017289112202,1.046072886307271,1.5863462174954266,38.525105840544725,7.049722835949983,38.31712530291391,38.084995424805115
1782,331792988970003.9,-2.5508182850628747,3.5181738877030555,7.717426558594695,0.661757871885151,1.2865270064945356,0.4790508641501865,-3.985849072030469,-3.7746826607997863,-37.90123144051873,1021.0175845186557,1652.4648360487959,1.0,8.856799315488045,4.34559793670868,8.128059215502423,8.481522280311381,1.523996374629807,1.4467464254117772,0.8169536164587341,1.3728224462336092,38.2967174405655,5.489555721071488,38.11023927414746,38.08873289960573
1783,331793022303337.2,-2.8425697744417104,5.0706306482118215,7.748419388399934,0.9713597108228947,1.2820363561530035,0.3619584171622003,-3.544383911891884,-5.792587878134655,-37.73467810729456,1021.0161071151161,1744.9360074084473,1.0,9.686562915280456,5.813045509296709,8.253375427126867,9.26009169442274,1.6486875998995607,1.6084641451732793,1.0366067641900196,1.3321528118998347,38.34087457925192,6.790930101303544,37.90077293639291,38.17669454244367
1784,331793055636670.5,-3.3437555671049966,5.653057622839959,7.624776946969169,0.46667752134270285,1.3929010003672484,0.11684909195930857,0.06437290346849228,-6.8655007449728345,-39.4096894233206,1021.0287208099777,1858.7871310047867,1.0,10.063547350250165,6.567934361707235,8.325738692967617,9.49180088171794,1.4736399886140323,1.4690000359940942,0.4810837964619925,1.3977935853035657,40.00328567496064,6.865802527740184,39.40974199754787,40.003233880797815
1785,331793088970003.8,-4.185676886732786,3.647450144872255,6.4557230786028885,-0.5565111215806156,1.7464467088057147,0.26776868741084336,0.0042988494878911584,-5.521485019573493,-40.283519991547536,1021.0179413156759,2007.6731690253937,1.0,8.514701640519394,5.551917106681052,7.693910024671138,7.414867026921966,1.8524256544053135,1.8329704676129475,0.6175797101594583,1.7668548827382624,40.660162299367315,5.521486693045762,40.28352022092306,40.66016207211654
1786,331793122303337.1,-4.8492749390865475,1.0065928294105262,6.604334292324977,0.24097403791839334,1.9077542036232225,0.11092775520621341,3.3861822884537656,-4.512398660178754,-40.336984121486026,1021.01907081049,2198.5434932171097,1.0,8.255054694176968,4.952645410189743,8.193454636454181,6.680603308758898,1.926109954096043,1.9229130475382321,0.2652799536824916,1.910976469849162,40.72959931273615,5.641628502393701,40.478865084234435,40.58859482275038
1787,331793155636670.44,-6.202045592591686,0.25672925293387383,5.82004202864367,2.3401623803608254,1.7531317126363497,-0.4957498356090633,3.693576987124678,-8.679092451598232,-38.60584297830016,1021.0187957515312,2399.479134111941,1.0,8.50906391191632,6.207356880500584,8.50519010650348,5.8257015993346855,2.965737457667775,2.9240093652906287,2.3920969599835327,1.8218777953961878,39.74141754905547,9.432346301064566,38.7821302022592,39.569404315058335
1788,331793188970003.75,-7.301494759603981,1.689196020382201,4.354184422228298,4.115857810113134,1.401630961103147,-1.526375576131574,8.242496707193128,-11.797691766315701,-37.31117664350888,1021.0236284072182,2564.5905062011734,1.0,8.667417775933906,7.494345129482594,8.501220365765139,4.6703645658610675,4.608109944825884,4.347971350433696,4.389773104897368,2.0722914250978133,39.990601214587976,14.391813053992983,38.21076621177874,39.13194901274553
1789,331793222303337.06,-10.431341326923333,3.9820633625222985,3.8754686506368294,4.48304837799013,1.2138088554788895,-2.484010186138716,9.166166225022245,-15.49439543568805,-34.4635547949144,1021.0088035357445,2647.969736565557,1.0,11.819008747098458,11.16555912177805,11.127988998055645,5.556625404434893,5.267006863663632,4.644464952719409,5.125234566753099,2.76471310310489,38.88227748324777,18.002635728753976,35.66167708292483,37.78641156579357
1790,331793255636670.4,-11.592694623317334,6.0798937229082926,6.114469188539339,2.977073065758247,0.9612678453439387,-3.2027818923703584,12.64701970035032,-19.12771357409154,-33.10247321010782,1021.0088504195463,2604.7519504514416,1.0,14.447920603635223,13.09028938990083,13.106384020281396,8.622751367136628,4.477143258758964,3.128418116133997,4.372730941752381,3.343926990917659,40.268973993627405,22.93068978189568,35.43615159589081,38.23144202352812
1791,331793288970003.7,-12.670327623502368,2.661111741030679,7.677937780844084,-0.8878538780408362,0.17208359418853653,-4.2342722596211075,15.289549645579406,-15.74209623648434,-33.877847507376075,1021.0094219640936,2433.4938111466904,1.0,15.052223966964199,12.946764761326998,14.815125063711076,8.126022659626559,4.329775841858079,0.9043767313133376,4.326354825641211,4.237767611843019,40.36449521567685,21.945020443904166,37.16825096904164,37.356688098006785
1792,331793322303337.0,-12.183318713140912,3.2804778018357825,5.649239870903394,-1.4960569287894916,0.1016303730183075,-4.144884182609928,18.172260986412237,-11.571181445594352,-30.42559595211245,1021.0089621512027,2190.880078242046,1.0,13.8242070511589,12.617241753818734,13.429339744938101,6.532644619703564,4.407786287259043,1.4995049406050271,4.406614485228883,4.146129956956224,37.28056059726501,21.543521286111684,35.439356066377414,32.55163788641162
1793,331793355636670.3,-10.66383573278424,0.10356799215088722,5.333259541926377,-3.3232244812549907,0.6488184693525514,-4.247935649695168,20.111640679123838,-7.464052061855145,-32.0793160242224,1021.0227184584836,1937.6584963715807,1.0,11.923580678904843,10.664338651074624,11.923130875628042,5.334265054395677,5.432287146583527,3.3859690428273987,5.393401360622406,4.297199400786994,38.59109587158941,21.452043352284015,37.86239040773999,32.93622002847346
1794,331793388970003.6,-11.135690813516716,-5.070098542487518,6.598625633855559,-3.75360439629078,1.3009205932928285,-4.20041250729572,21.07572634202307,0.24272931010825646,-30.961160614439496,1021.0187990085574,1734.5768101693702,1.0,13.901488027565621,12.235583726360366,12.943935651493955,8.321523868037016,5.781470884243313,3.9726490348263632,5.633206120434418,4.397255919491118,37.454487380752525,21.077124053386193,37.45370085101023,30.962112074454886
1795,331793422303336.94,-12.878532541106681,-7.194600846073321,10.405759810304133,-3.6864673552052007,1.294717473158775,-4.403855758550089,21.42864500105118,5.87349148801896,-26.19026672721578,1021.0234924290409,1629.256377949647,1.0,18.05266514884723,14.751911121839862,16.557066094030198,12.65077541354915,5.887298229103997,3.907215747344427,5.743168733644207,4.590232987269537,34.34552081543695,22.21901727891913,33.83957591081457,26.840789360645434
1796,331793455636670.25,-17.79315144405667,-8.726040144145973,11.997953827719225,-5.3946731619386155,0.5693915691154434,-4.419195374734271,21.980651215097833,13.874935424037101,-24.01430768279141,1020.9988503577692,1599.2521793687183,1.0,23.16659040429699,19.817669260243065,21.46036193458112,14.835588045282515,6.9968559398627965,5.424638723741935,6.973649423667177,4.455726037252798,35.38855513219996,25.99351574645072,32.55512250512285,27.7344696452803
1797,331793488970003.56,-16.998765611664602,-7.862377025695568,11.626878280304673,-5.324288287872963,-0.2631871250668356,-4.155286181733475,18.16078866772393,21.192962064456225,-20.420037410359264,1020.998840371871,1598.835831507142,1.0,22.04448464717461,18.728988355340938,20.594716090913504,14.03571412644209,6.758973034957849,5.330789175645775,6.75384697964696,4.163612699916517,34.582276008667826,27.909781190457416,27.327498474507355,29.429909427416735
1798,331793522303336.9,-17.95719531455679,-7.6311141330908425,8.098733172200243,-5.054047198730246,-1.059756029149264,-3.277665235555423,16.397283724077912,26.191553990828616,-14.660190432525788,1020.9994669502814,1582.2634099838947,1.0,21.125440716631115,19.511400935796466,19.69899344026585,11.127595513261408,6.1163359394885966,5.1639593267483495,6.023826232832554,3.4447310835080875,34.20218702802968,30.900945195614984,21.995274425335797,30.015307494217197
1799,331793555636670.2,-16.24206495341622,-6.549704356493631,3.1900129142878226,-3.5904507858517265,-0.7238219013106866,-2.5510296288006975,12.58196085078932,30.60043285663288,-11.169097643763148,1020.9898133448859,1504.7299899933853,1.0,17.801109052578333,17.512946671204798,16.55236709187887,7.285246018549733,4.463519593040824,3.6626841237595547,4.4044396933823835,2.651729683025033,34.920495014246406,33.08613349825108,16.82422304377562,32.575070731914195
1800,331793588970003.5,-10.21528530827967,-4.615579538249518,-5.599675715887749,0.10088308729803289,0.17567003587839247,-0.34419351975440965,12.480511041124704,30.15177789973529,-9.753618123074991,1020.9899220118332,1354.4569173221682,1.0,12.53044279052281,11.209622134731488,11.649395780582676,7.256717067449344,0.3993826959812198,0.202576797309806,0.3586733560549371,0.38643128826020917,34.059153437121395,32.632696277853,15.839703985189008,31.690105348605936
1801,331793622303336.8,-4.922513758700629,-2.3360460197766266,-8.27835916216586,3.1060084118991673,2.1920137301493816,2.0496604129661837,14.435836684747361,28.993850420460316,-12.96005560833391,1020.9789864527697,1160.65800430224,1.0,9.910574308733407,5.448692752496806,9.631322449301157,8.60164759940383,4.31894897590056,3.801606561435809,3.7213433143515653,3.0010051652145004,34.88552399439963,32.38883670329523,19.399907787404683,31.75856425556946
1802,331793655636670.1,-13.83605310663294,1.7498776265724187,2.4446222622916234,4.819142877172632,5.473213117711677,2.7629861689503277,19.512624543570926,25.415060080119076,-14.815160183151026,1020.9985912403721,955.1026587467751,1.0,14.15890586460824,13.946269654554431,14.050357418046662,3.0063681932309185,7.7983519074420915,7.2924755674938595,5.555018509457418,6.13108101411994,35.30094569139547,32.0416571895779,24.499622197715418,29.4179239602064
1803,331793688970003.44,-20.049251593608073,3.754396590890202,12.724272187423832,2.968090243402114,6.283836785258955,3.0762496622388977,25.551676912835784,18.909550659442534,-13.254763593106473,1020.9888027566725,769.560288468947,1.0,24.041112410309374,20.397744562217753,23.746148996488746,13.266597018879244,7.599965553946765,6.9495441891358904,4.2746779618356925,6.99642170885936,34.44050024475704,31.78772246009407,28.785012610160276,23.092420056182167
1804,331793722303336.75,-18.122076985343018,-0.575308573371107,14.195397596900179,-1.0316209608194848,6.746877733826395,2.3049383937992998,29.740102139373953,18.22532554333277,-5.4273437684381785,1020.9988275291839,631.367373565951,1.0,23.027157166080503,18.131206639859723,23.019969313549886,14.207050816009412,7.2039809800702965,6.825291273052345,2.525268858163862,7.129733526185427,35.30003154108588,34.88031201725198,30.23127082411852,19.01627070540548
1805,331793755636670.06,-14.334700993083443,-0.36835671508726975,7.701893429019682,-2.8634324973975636,5.859337975897237,2.49412535575697,32.38833731922766,16.415175520958556,1.9362331478445305,1020.9964051678737,542.2952943524822,1.0,16.276931578852135,14.339433016359376,16.27276297845833,7.710697054192081,6.982245231526448,6.52158624745115,3.7973552582530754,6.368084704683298,36.362224636162786,36.310637307653415,32.446161454121,16.528974141993476
1806,331793788970003.4,-10.59476161416802,-0.11954801174613572,2.2674124586288005,-5.8563915207115675,5.183612678233721,2.071635354457125,33.6719718088363,14.05073220759912,12.514311050391044,1020.9987623857937,494.9702731045583,1.0,10.835332235132695,10.595436064087243,10.834672718573147,2.2705618213687897,8.090663451389164,7.820943807610927,6.212004079658918,5.582249854653773,38.57243500390751,36.485952928006824,35.92227256954946,18.81571302490561
1807,331793822303336.7,-10.157323989469452,2.384187954448669,-3.392112336329445,-8.139931618781656,5.026366582266839,2.5554508124581043,31.120909543154717,9.948460982146251,18.98118774675029,1020.9896246399388,482.0069888662066,1.0,10.9709620786633,10.43338788837019,10.70876541573911,4.146176347481681,9.90218039790545,9.566757432786208,8.531636162737728,5.638678025408225,37.785822407139534,32.67235661390994,36.4526610698122,21.430290809755004
1808,331793855636670.0,-12.433624509189872,4.446836548364809,-4.5304402902823595,-9.460210980647412,4.988243344777009,2.5729323863277456,28.917556397653065,-0.39984599721919656,27.69257233610265,1020.968864872469,496.04150605505646,1.0,13.960453536587336,13.204899610500647,13.233287862785303,6.348168595089985,10.999915660117043,10.69477271684976,9.803855000099505,5.612713490935228,40.04077306225762,28.920320621198822,40.03877658722509,27.695458822914812
1809,331793888970003.3,-15.131881062961318,-1.1053066393642994,1.8857502378547133,-5.038998470363754,2.6477126288960076,2.364230553094067,28.19385326269037,-7.091921064895367,27.0335252550381,1020.9491094739452,530.6530332888971,1.0,15.288936563090294,15.172195861859619,15.24893040390625,2.1858080260150725,6.163722402714705,5.692265607782517,5.566066087688119,3.549643400878303,39.698868924738974,29.072129371424158,39.0602720102267,27.94828853625011
1810,331793922303336.6,-3.332151086979315,0.7970280727312058,2.0984839319952178,-2.8869397405521835,1.8051092979960888,3.128775678617322,24.003654789703123,-11.88565257644558,29.676161428557492,1020.9486252715495,580.7148618422757,1.0,4.017725653652967,3.426147196951563,3.937875782614218,2.2447468814019387,4.624075895830293,3.404826081210528,4.257189015381722,3.6121540422328637,39.97647730309674,26.78514850493096,38.168704463172986,31.967847820924245
1811,331793955636669.94,-9.09541780202962,5.157210181117962,3.411215506426561,-1.5846701219626182,-0.24577389326117874,2.959193349050957,22.906037645629393,-14.936775889369056,26.442546520006882,1020.9463744433843,641.1940652261032,1.0,10.998174079227384,10.455785089877475,9.714062807330533,6.183300743414619,3.3657702653504433,1.6036159771122813,3.3567848713476467,2.9693821046938664,38.03948081999747,27.345819325670746,34.9842082529492,30.369648342250603
1812,331793988970003.25,-4.5196087640219,7.103497353912378,5.532936899746558,-2.115833126103634,-1.7160782743772955,2.5948989308421266,22.98831751756612,-19.20715062232467,24.227161064934712,1020.9486894473908,707.05771695129,1.0,10.07471730488954,8.419414352368205,7.144246224508266,9.004058273557385,3.7623363648925445,2.7242750340792012,3.3481711842143147,3.1110167317253965,38.52703869470625,29.956257732185176,33.39787531497664,30.91714683302706
1813,331794022303336.56,-9.448911726212454,8.136720683755671,5.937673571445958,0.4066358782803417,-3.3645430616580456,2.479881669584347,23.14734389740634,-21.53436757000508,21.568852563437826,1020.9405064899939,774.0467853278979,1.0,13.81101458026384,12.469489015000278,11.159655023825918,10.072844232216895,4.199442325642367,3.3890268147738403,2.512999369805984,4.179708495683849,38.271972996544086,31.615320908459573,31.638819990766297,30.478589001845297
1814,331794055636669.9,-13.443821562531145,8.854848207071885,9.706294764659807,0.6149694735300801,-4.651021096959782,3.7706492467152275,22.131373667785088,-22.932131148057717,18.04887909325448,1020.9144339326057,842.3353119297726,1.0,18.79778798247081,16.09797114469589,16.58157098298107,13.13851189552099,6.01896838665007,4.691501326626566,3.8204689758101655,5.9874696647347685,36.625706490629895,31.869740184301,28.558006529624052,29.18295179577689
1815,331794088970003.2,-15.423967110597358,8.73811169329629,8.005459749158538,-0.47075525286532954,-6.734832272643273,4.109997366411106,22.807705927521816,-25.29450282904513,12.373860522889208,1020.8986680035445,913.6730567892948,1.0,19.450983090546035,17.727192597625557,17.37774862357568,11.850821986677499,7.903901226650285,6.751264788818289,4.136869451651396,7.889869713280668,36.23693898889366,34.058821515796545,25.94809962051614,28.158911513204625
1816,331794122303336.5,-16.19209006346825,8.227740785723347,4.52608087827803,-0.5310608317970924,-8.392555115649296,4.58452114481802,20.860893583411087,-30.045643798802043,3.0341584090868152,1020.88891185932,989.811673054862,1.0,18.718036947747397,18.162585142553983,16.81276862209735,9.390480634864728,9.577830709694327,8.409340460243014,4.615177107582389,9.563096543300956,36.70318391685285,36.57755585578256,21.080393695323483,30.198457386693182
1817,331794155636669.8,-14.871151394939915,3.48066141392308,1.3088549706421762,-1.853795242469259,-9.501810982981278,3.886397627712003,16.929705005505163,-32.33725703959806,-4.950422381643077,1020.8888854078328,1072.7376020386675,1.0,15.32903287959717,15.273052991775952,14.928638422354467,3.718616034568203,10.431924811749305,9.680959082513741,4.305884731583875,10.265890047969007,36.83503476549375,36.50086443385226,17.63863921423927,32.71398591736731
1818,331794188970003.1,-11.614260605592166,2.820903634390279,-0.2433941963809009,-2.001695906241174,-9.809585536615321,2.33887899701941,12.554942677519433,-33.79157201290676,-12.252481766850826,1020.8872429014584,1174.593174016663,1.0,11.954404521512492,11.951926486099484,11.616810670293376,2.8313844757199944,10.281299035819048,10.011730864402777,3.0784966239645604,10.084558659796224,38.07387863333961,36.04853568092971,17.54280180252889,35.944313160088
1819,331794222303336.44,-9.347142719377073,4.827327751401922,1.9835549841044575,-1.58594524101705,-9.140889697083086,0.28189105674334336,7.492602073338174,-33.710174162237784,-18.25543704795459,1020.9096861380009,1321.3414812076587,1.0,10.705450042423466,10.520084136348862,9.555290021311205,5.21896384298845,9.281732022075202,9.27745044512469,1.6108025562981043,9.14523520868171,39.06118162177929,34.53280944084619,19.733222434291477,38.33584254793726
1820,331794255636669.75,-7.861255835064195,4.13654742449595,4.1612853102621,-1.1484585338403908,-8.746801897113759,-0.7321074785563095,6.203287146356213,-32.36125388174278,-21.77644044971431,1020.928642692987,1539.9352618872276,1.0,9.809519016385975,8.883150786710473,8.89469722574827,5.8674798703112065,8.852202087134124,8.821876242121268,1.3619612197521989,8.777387127585916,39.496137569118254,32.95044042526231,22.642750055593996,39.00594969307331
1821,331794288970003.06,-5.243536271056698,2.334802068603584,3.9926919290404035,-1.2613922433747502,-7.270292373389019,-1.5007007757286754,0.9041052116244213,-30.925965525235156,-24.507666068447016,1020.9178220066849,1857.327254330943,1.0,6.991964113585476,5.73985830186101,6.590619202025828,4.62524480863229,7.529964435804273,7.378906530523646,1.9604114899476164,7.423560736791421,39.46971555540056,30.939178235721126,24.524336940194647,39.45935934338699
1822,331794322303336.4,-4.3450859847468415,0.5593231656841614,2.644003993817527,-1.0426213693190631,-5.6105754277163555,-1.7148720136688302,0.14098189713223855,-31.241512162114187,-25.134627923826343,1020.9287709686336,2285.6979565711868,1.0,5.116968999108497,4.380937641477493,5.086308025883456,2.702517256743051,5.958724861337358,5.706629123208843,2.0069492626933414,5.866800035228672,40.09739990248792,31.241830261219455,25.135023309408528,40.09715205653289
1823,331794355636669.7,-4.774529601097003,0.11690764302128204,2.3960606026634848,-0.7842570812120935,-3.9776423693175307,-1.7905684069209213,0.29055723220955343,-31.474486892827603,-25.715393895753824,1020.9497876665944,2749.7950044165386,1.0,5.343304850032833,4.775960668676857,5.342025769629682,2.3989109630482104,4.4320236018645724,4.054219775446478,1.9547875560517154,4.362083680771531,40.644916433494345,31.475828006137757,25.71703534078068,40.64387787084974
1824,331794388970003.0,-6.298363307277611,0.6016688671660171,1.013963678563521,-0.3273643599742193,-2.833958228751814,-1.1407910917052395,0.10663133806684179,-32.372960262342524,-26.721294141073905,1020.9406423397079,3142.3171480256756,1.0,6.407769355838572,6.327036097271597,6.3794594357129535,1.1790367963566302,3.0724405578311003,2.8528032996495654,1.186832649995509,3.054950663631763,41.976749361560344,32.37313587512748,26.72150689643173,41.97661392633997
1825,331794422303336.3,-6.527529575734216,0.3402920762296133,0.3499735065734064,-0.10034578873712838,-1.986377931739391,-0.5547863027117426,-1.9305931205272473,-30.87338316479004,-26.593410534427953,1020.9494118216244,3355.914681600677,1.0,6.54575606897575,6.536393582032035,6.5369047581702,0.488139480525748,2.064837622355594,1.9889108992155826,0.5637881862843896,2.062397907625448,40.79341198881986,30.933686780546676,26.663395763661665,40.747702657850105
1826,331794455636669.6,-11.59599386014666,2.876179799911155,3.0024797236523275,0.9602673985579713,-1.5944934832683695,0.7889162506987795,-4.240510618863732,-31.02834775806488,-26.779932025307506,1020.9277970789835,3285.386824098625,1.0,12.318862298805007,11.947363049894149,11.97839547249557,4.157799265520202,2.0216111880218737,1.8613229018412125,1.2427800800422868,1.7789880041197348,41.20564347494402,31.3167733795183,27.113588651980148,40.98686526041605
1827,331794488970002.94,-11.16587642432838,15.803363945380928,5.745701010513082,-2.712302116076843,-1.8081524577332508,0.7572098245270926,-5.115576081507803,-30.66404243712328,-26.34419539606326,1020.9183750036079,2922.065622423136,1.0,20.18504863545662,19.35001571868969,12.557462977273051,16.815450992833256,3.3465452032868264,3.2597542973791316,2.8160165992471122,1.9603015147591827,40.74885579126551,31.087821043479263,26.836276748305743,40.42647807627642
1828,331794522303336.25,-10.653274915403317,20.026150569611325,3.1871324182869833,-1.5789008762276566,-1.4332376507924875,1.00762395177451,-6.868758281850523,-29.034865129027473,-27.570347910912986,1020.9091297878896,2390.764572917534,1.0,22.90626084963675,22.683451524402223,11.119805730086178,20.278178411495443,2.358474966751038,2.1323925859469757,1.8730280310615062,1.7519920638629756,40.624220821131935,29.836273785365787,28.41309423950996,40.039324132527504
1829,331794555636669.56,-4.194857978300579,13.601956870491493,-4.286190104438259,-2.4065278291646783,-1.7707081951180101,1.9604419442658412,-8.802197437796556,-27.112242272717094,-30.494823189304235,1020.9086080958189,1826.0799784913056,1.0,14.865446168084134,14.234116205961744,5.997354339164602,14.261299250702764,3.5735299525313864,2.9877723649572334,3.103982733421836,2.641730517879315,41.74310244981064,28.505304081669784,31.739768762246513,40.80450860384714
1830,331794588970002.9,0.3924042592769932,13.227329702665779,1.255984455575221,-3.014286979107903,-0.6368129806868217,2.4873114851603892,-11.049448882324768,-24.64744800939274,-31.490079168984234,1020.9277387997722,1362.6081420539385,1.0,13.292619347531534,13.233148989024611,1.3158563961714478,13.286826107677896,3.9595675507562014,3.0808207940077725,3.9080230829193203,2.5675375745219418,41.48749329674813,27.01086844177407,33.37237490308418,39.98902073625476
1831,331794622303336.2,4.121484528479517,10.999095692091995,0.38880133937900874,-3.5041680021902835,-0.6571486531608676,1.7444549382237868,-14.345283693135658,-21.032694811318994,-33.51962988607175,1020.9602411946175,1111.9070280307876,1.0,11.752357518549017,11.745924432001626,4.139782747922762,11.00596531546868,3.9691511399062067,3.5652542321586806,3.914373055684345,1.864126439875927,42.091887614620745,25.459014420488252,36.46029006927644,39.57195773177414
1832,331794655636669.5,0.08265587861209997,9.24740999510203,3.728119146519383,-3.2960322834061397,0.7534871380814994,1.78790598594717,-12.896836450865282,-16.272122441827598,-37.92376911397012,1020.9895161106956,1051.6180505223847,1.0,9.970972669826473,9.247779388144057,3.7290353129078238,9.970630069767775,3.8246803127968043,3.3810607330407034,3.7497248736195585,1.9401934650544441,43.23566378595234,20.763197229766824,40.056717966529426,41.26735068515476
1833,331794688970002.8,-3.4328901933661284,8.118392266977857,5.655827480386461,-2.5769720769318067,1.135372581917359,1.879639908582451,-14.08090549141291,-11.76761646591853,-37.49358193528642,1020.9996259624501,1111.1204958065805,1.0,10.472889408760595,8.814364871063326,6.616125721871071,9.89427498548633,3.3856907967195946,2.8159999973465766,3.1896443800558822,2.1959319401351065,41.74347114322305,18.350713793938894,40.05047547528167,39.29688898153381
1834,331794722303336.1,-0.4888628793393473,5.607009966044655,6.542146847518909,-2.0536713357109226,0.7967966788616113,1.7662734829624545,-12.356037739718296,-9.034302249601856,-39.46622983748003,1020.9888160193333,1219.729200394875,1.0,8.630019295958824,5.628281058557758,6.560386596024472,8.616161914322738,2.8235036602033827,2.2028279330364366,2.7087428766379813,1.9376808209974143,42.330527794338956,15.306543886929667,41.35522900686371,40.48705860793002
1835,331794755636669.44,2.0386782334882128,0.6771269319101162,5.122145326794916,-1.2884645091850626,0.810493803153039,1.4915345003120677,-13.250325426602574,-5.939196309900675,-38.75171598730787,1021.000806683697,1307.6878213989964,1.0,5.554375083699662,2.1481875666748995,5.512946733690216,5.166708200655908,2.1311302545832693,1.5221829707295313,1.9709936471360514,1.69752035939798,41.38285476715424,14.520508831249973,40.95444561792826,39.20420315181154
1836,331794788970002.75,-0.5008424585251345,5.404466771115997,6.827011690020383,1.3370514572261003,1.0363796606465527,0.9034787362524439,-11.707995254377886,-8.58226054136684,-39.994828146202465,1020.998829331219,1346.8677665513915,1.0,8.721650810714301,5.4276241808325745,6.845358411649201,8.707258448890324,1.917827736563588,1.6916824170843363,1.6136853553684967,1.3749024066682614,42.54783927910683,14.516623191239669,41.673293982127255,40.90527440861595
1837,331794822303336.06,-0.348350456885143,8.79273704291241,6.115065623511192,0.9025293849798206,0.9967058271926715,0.9178417027063216,-10.887497047270287,-8.255914009028976,-39.35560015583656,1020.9876721512532,1366.6458237928994,1.0,10.715764103714887,8.79963480757106,6.12497964246906,10.710100479717845,1.6280095785770796,1.3446121361611612,1.2872422778866817,1.3549375990010268,41.66006447072404,13.66373697341983,40.83381999740414,40.212229231299325
1838,331794855636669.4,1.2328678270862627,7.784711751029719,4.150117024288457,-0.9940748252057512,1.373378931952467,0.9508600134798625,-9.513995228784614,-9.502545901627418,-40.99978110755838,1021.0072010740556,1400.6074193882057,1.0,8.907590664201711,7.88173205112205,4.329368821705224,8.821859688405222,1.9438336384767263,1.6953921224421045,1.3756160522990306,1.6704204428723397,43.1485403541484,13.446727625183476,42.08916910656514,42.08658253505785
1839,331794888970002.7,-0.5524254960620032,4.232492998993581,4.563684765194484,-0.25284046472491056,1.9549879586654109,1.1700618219320629,-7.399138884644045,-5.755734643578878,-41.26845627105962,1021.0070711810206,1482.3379796019958,1.0,6.248711031188533,4.268392076090132,4.596998212395517,6.224244180830143,2.2923679648503286,1.9712702044948223,1.1970684891622898,2.2783815715699878,42.31974976908424,9.374205967523094,41.926515944335414,41.6679008864576
1840,331794922303336.0,-2.366133501923076,2.845325409531141,7.334874213221995,2.3385402191867173,1.8014491011866318,0.6804689595255382,-5.029197654800479,-9.468820806526962,-40.12036569937214,1021.0079517358031,1635.3217071568824,1.0,8.215524582084536,3.700603252855717,7.707072561791003,7.867417391362462,3.0293608609404314,2.951946683278677,2.435530406632532,1.925683481012363,41.52824509136553,10.721538906200385,40.434348923933555,41.222594669883094
1841,331794955636669.3,-3.2343951803640736,4.626818328886855,7.097252620527331,4.300367081363879,1.035191135372634,-0.2434160058957674,-6.311012874103394,-13.975509643285728,-40.25768465819537,1021.0083325551544,1824.886452110503,1.0,9.068613719354671,5.645242247351808,7.79950683968829,8.472215920767448,4.4299017001687995,4.42320898457581,4.30725067605826,1.063424674662165,43.0792865229378,15.334397715158921,40.74935652910114,42.61450508721498
1842,331794988970002.6,-4.345650097199205,2.600314186663256,5.366699479077896,4.026985257822785,0.6105648680249316,-1.3916065529612776,-3.139395564807463,-18.190304951405192,-36.322498601568796,1021.0182431421927,1995.589482388775,1.0,7.378873351358228,5.064218462571461,6.90551504712157,5.963480289905983,4.304180354380275,4.073008682140064,4.260654769512171,1.519657282518355,40.743918606319845,18.45922530166012,36.45791696152291,40.62279038773781
1843,331795022303335.94,-6.44683438953929,3.9931613495493967,3.0695931956459046,5.151584903397003,0.19123582276257295,-2.631390546827314,-1.093269996129595,-23.578368040278235,-34.081211282041494,1020.9984898424365,2091.962167930579,1.0,8.18103988478465,7.583337735435603,7.140313440802306,5.036639747916342,5.787885137660192,5.155133185167537,5.78472499146157,2.6383304095279327,41.456768339782634,23.60370053036708,34.09874193772535,41.44235034230041
1844,331795055636669.25,-4.876032610417062,6.351008117687795,4.36381484623093,3.660295099057093,-0.11364916119782478,-2.7301613440735286,2.3871623673971567,-28.53406357543025,-31.651350523021758,1020.9965437580574,2059.7825137596415,1.0,9.118874828671155,8.006934377699551,6.543590301205914,7.705724114132412,4.567762834112091,3.6620590306577996,4.566348779589087,2.7325257723422016,42.68136968545178,28.633744573405213,31.74124342396666,42.61456058740821
1845,331795088970002.56,-6.594227273802166,7.066011705452915,4.407911592795275,1.6614366144523338,-0.06754408973923173,-2.959608381132042,5.358026583083846,-29.052858569194967,-29.41457741333858,1020.9998181179219,1899.934168878603,1.0,10.622713371359172,9.665006712887164,7.931804205126052,8.328157421152447,3.3947335090649697,1.6628090172661245,3.394061489353111,2.960379025348904,41.68926005954012,29.542800136525287,29.898592162011933,41.34351164870896
1846,331795122303335.9,-5.0656517769018246,7.895321596130197,6.9951436973576975,-0.5229962876770486,0.4372784682637899,-2.5540277886977183,6.629037714061674,-27.873186638776346,-28.386692879072672,1021.0091647878777,1688.984099520217,1.0,11.701665111334865,9.38066794163126,8.636716000396895,10.548371364955019,2.6434438751695217,0.6817166388838551,2.6070257118724647,2.5911909239280853,40.33191053031467,28.650631309179076,29.150445513323586,39.78339937726357
1847,331795155636669.2,-6.243430212432059,5.209955551373423,8.836390914734212,-3.8380692529888383,0.7253038873149218,-2.248892354983737,10.815499103174163,-25.532373709846073,-29.32183236819909,1021.0277402293569,1508.9917751873472,1.0,12.00857452251488,8.131670041559493,10.819529805657302,10.257945274044118,4.507145232183753,3.906000680964154,4.448403355704449,2.3629605483922993,40.35649862833454,27.728633722381637,31.252917852250675,38.88022583123723
1848,331795188970002.5,-7.542457899948439,0.9422249029430796,7.5447583939008735,-5.133662765480197,0.6776866817856239,-2.4573399382077,12.592598168614582,-19.94512959370167,-35.235429063563316,1021.0383591746514,1442.0166653828583,1.0,10.709801032818415,7.601082747886693,10.66827307462798,7.603365504174042,5.731690169597273,5.178199747822345,5.691486006447561,2.5490741084912054,42.401853549569644,23.587745189944492,37.4180302785916,40.48880901931985
1849,331795222303335.8,-9.396579617821248,-0.3953553231177885,10.905850608085506,-4.571390959930349,0.6246895554249215,-2.697426914436038,13.794798145913257,-13.920919832201289,-35.367760940940315,1021.0284828394667,1550.5625481809823,1.0,14.40102745749241,9.404893106546787,14.39559953596698,10.91301440104413,5.344526574722388,4.613876065651298,5.307892921608049,2.7688172564076727,40.43472491357608,19.598175039045522,37.962810352527846,38.00882164642938
1850,331795255636669.1,-10.142975019135637,-0.37467869940152243,12.508909514030643,-4.798044903697123,0.058442346104502635,-3.0800211028850817,14.101101273364659,-7.376752575908147,-36.54282939859989,1021.0188182448635,1788.7026999355564,1.0,16.1087908794174,10.149892923898005,16.10443291361158,12.514519621543272,5.701857627118514,4.798400817534122,5.701558110912434,3.080575514743249,39.85769582079514,15.91406722644635,39.16911331108815,37.279952508303225
1851,331795288970002.44,-12.708936648086333,-2.2807281444884677,12.290970198441876,-5.1761753038122515,0.0070442863823321974,-3.5961343950981495,15.528404662502709,1.1358481050122635,-38.107664352524516,1021.0078085856002,2073.142315048658,1.0,17.826573984170935,12.91196311929885,17.680074070660964,12.500786746763106,6.302778989094764,5.176180097114714,6.3027750525783315,3.5961412944402738,41.16570884467755,15.56989088850965,41.15003564721547,38.124588303643726
1852,331795322303335.75,-16.428521589986868,-3.791959976491476,12.913078567995692,-5.598486586069532,-0.07566328823560534,-3.9535034349474056,15.612626521993162,8.678003779609327,-32.27226830930826,1020.9974335561451,2320.551747097513,1.0,21.23729926801446,16.86046506167543,20.896026410202833,13.458326737248688,6.854120395625396,5.598997855651233,6.8537027557767205,3.9542274015700665,36.88578531551335,17.86230266550643,35.850431081693095,33.41866322022615
1853,331795355636669.06,-18.359407337147744,-2.580853287162272,13.191409544265046,-5.432111794984656,-0.2790221501707015,-3.8960447068935538,13.386526228476681,16.338400375340967,-29.094980638983433,1021.006662918827,2448.9134077439685,1.0,22.753943113792335,18.539920211833994,22.607103386675643,13.441506219705559,6.6906543978605395,5.4392731052501215,6.684833798332214,3.906023261374561,35.95358549120598,21.122083497861567,32.026816620583986,33.368566424222706
1854,331795388970002.4,-16.283662294928906,-4.961686278998319,7.472804378216365,-5.732875245150605,-0.21291505231996766,-3.627446116285162,11.643314738682534,24.163887040398684,-24.647310427308323,1021.0088481573968,2425.775728230991,1.0,18.590825526091603,17.02280789019513,17.916485788523904,8.97001315530194,6.7874558357691965,5.736827642169932,6.784115557905313,3.6336893298762787,36.4273266423062,26.82275554459626,27.259066187309564,34.51642142808621
1855,331795422303335.7,-17.795676532676385,-3.3859474706513537,4.082848935126308,-2.892930325602975,0.772037884177593,-2.306131049301158,10.861554426902336,27.598640809502285,-22.392722828018073,1021.0088484904218,2282.2541253644035,1.0,18.56934029406326,18.114931507727523,18.258032716662303,5.304177193596791,3.7793291441669394,2.9941757402328193,3.6996332636281934,2.4319298738155,37.16305120348608,29.659034696032954,24.887896661248885,35.540385622336274
1856,331795455636669.0,-12.247946425327669,-7.0831327913406685,-1.0217107159217405,-0.22098226066702115,1.5300642126063733,-0.8552108906579627,8.125191107115898,28.52890237958046,-18.979717167534066,1021.0197379766545,2053.6307115089226,1.0,14.185445166243165,14.148602820683823,12.290487558462688,7.156442057810206,1.7667244611790074,1.5459397317580876,0.883299964354971,1.7528497260742995,35.215716168642295,29.663394976145042,20.64578393490406,34.26555026178945
1857,331795488970002.3,-6.542883830922464,-1.4093174642062887,-2.1584676476865585,2.796347463665183,3.3702921188213733,1.3383199647709194,12.401644247571019,25.344156442351128,-20.442817358202106,1021.029227832469,1775.187599029262,1.0,7.032388436795355,6.69294438493728,6.889725060628774,2.5778204555450306,4.579249767357159,4.379318223620677,3.1001063636028907,3.62628863913146,34.843016909539976,28.215723379308912,23.910448795121365,32.56125070256328
1858,331795522303335.6,-16.41792404461776,7.112416695922334,8.104054441331389,4.727753036547002,5.809520137795566,2.5578832358758077,18.098349945817446,21.752002279752883,-21.257307847017692,1021.0288275175392,1480.0918675406215,1.0,19.642056908056645,17.89230843662362,18.309121451421447,10.782493665404946,7.914855630673633,7.490138383636954,5.375352585919726,6.347699652616427,35.39170822159514,28.296640682944062,27.918155520452103,30.41418649382644
1859,331795555636668.94,-20.79282790238415,5.517134208001313,20.687656368657724,2.498548732789718,6.094925430634391,2.6174619463867344,24.812284992597867,16.97085654113774,-19.354999156998648,1021.0387066293271,1190.766557301904,1.0,29.84559579024898,21.512332789524784,29.33122599220546,21.410695829345734,7.088156940693508,6.587174035587561,3.618542912680149,6.6331910153241065,35.752978206873806,30.060929098977876,31.468483899312908,25.741522179298098
1860,331795588970002.25,-15.690618300172273,-0.7314751332282603,11.065942884489607,-1.8447798400645683,6.6547573225057155,1.8675208672703059,30.175489632515152,15.447396909584203,-13.064773817548073,1021.0388181485491,926.2314809509076,1.0,19.21420439245452,15.70765923084125,19.200275898134567,11.090092325734599,7.153785142806718,6.9057228209472825,2.62504225642154,6.911832550860407,36.330022856419326,33.89959064419895,32.882343126147795,20.231420765381785
1861,331795622303335.56,-15.538415534430397,-5.732821311333156,9.53199963993787,-1.376019586024656,6.399176252734924,2.5046691549505646,32.36332844321108,14.531662581680369,-4.438622446427654,1021.0388180693263,705.5050956359881,1.0,19.109333181565475,16.562234073587522,18.229135318396306,11.123140623198617,7.008298951275611,6.545447778012599,2.8577609201758363,6.871886516039636,35.75270080053948,35.47610809137559,32.66628838948629,15.194426169149684
1862,331795655636668.9,-11.471414323597388,-0.8004847557402045,4.455095089786978,-2.1633821729509513,6.1284933923442155,2.9627175832021244,34.638244049043365,11.662045263871383,3.6406375067794357,1021.0388011526234,547.1980513595045,1.0,12.332152881263346,11.499309650053249,12.306145572139124,4.526438788188403,7.142573007261721,6.499127148029087,3.66850349653057,6.807064472870942,36.729626897008394,36.548751696024766,34.82904236778349,12.217100359428752
1863,331795688970002.2,-12.318505497620455,-0.00206120786981464,-1.3942478478560516,-5.781815633074334,6.746099993906652,3.176392454076133,34.11936553617491,5.68320131515957,13.185216149729534,1021.0336958423924,456.74968860632765,1.0,12.397157295313086,12.318505670067422,12.397157123960177,1.394249371464486,9.435503492922987,8.884776707529014,6.5968826757169605,7.456496104075904,37.01729064497887,34.589447549502026,36.5784230046377,14.357879443139227
1864,331795722303335.5,-12.722171174852287,4.803047840583575,-2.6515128685240534,-6.4219254977673295,6.519266060443618,3.3700628007185274,32.429290401633025,0.5612117643487121,21.353839276200524,1020.9977402969388,423.89706488129536,1.0,13.854725852687436,13.59863625372695,12.995543847572947,5.486327464787641,9.751885989208088,9.1510631658691,7.252478912734663,7.338811432898304,38.832464336321685,32.43414612099247,38.828408772279765,21.361212757665413
1865,331795755636668.8,-11.356530134977383,-4.476435958121212,1.8251276565643313,-7.163182247349191,5.029807404024224,2.6431941437257587,28.614725399231432,-7.046147281129543,24.517331270503153,1020.9497772458666,437.4583286187306,1.0,12.342623163516175,12.2069347337409,11.502254894993651,4.834208296082885,9.143118598801049,8.752722001201427,7.635290118270866,5.682027613713528,38.334713169767966,29.469487630102932,37.68158757670664,25.509757429951406
1866,331795788970002.1,-10.873094844238869,1.2949079245488866,4.005845082556652,0.046039473477776385,3.9330607484115516,3.4111563959593076,24.769040440079955,-9.725247992007382,28.412044946898018,1020.9388803192254,486.25162825295604,1.0,11.659664354101995,10.949930503198336,11.587535817302019,4.209938403172048,5.206445470905063,3.9333302027434396,3.411467073095123,5.206241908362474,38.92724124431261,26.609881864231564,37.69283303742065,30.03039704317272
1867,331795822303335.44,-3.06610035158403,15.298914760978253,4.975315211305085,-0.8697816789240004,3.891370107261699,3.2204290536057743,19.48426309307455,-13.505393118421033,30.7437280496114,1020.9488217094919,558.7582875736022,1.0,16.37716476321545,15.603133154263023,5.84420506295146,16.08759007171435,5.12547019989288,3.9873903095485623,3.3358182591832,5.0511310219591525,38.82278926032626,23.707217288480763,36.39798514572764,33.579345700468274
1868,331795855636668.75,-5.223378589060806,13.31740283100645,9.61509530973876,-1.366480179169539,2.650598914015641,2.881465122151313,16.901709352296983,-16.623226892361725,31.584439931968152,1020.9582239282739,641.6066262235747,1.0,17.23621071649212,14.305135513093104,10.942291428216448,16.42568951303594,4.146779947527792,2.982103734453936,3.1890608853136837,3.9151648564467085,39.491471195190556,23.70652761043804,35.82240395123738,35.69185506710239
1869,331795888970002.06,-9.358667309933788,12.017031072332298,3.0035543703950847,2.0649702734674156,1.5401949665294927,3.615188975614694,13.33350796859571,-18.72279156192545,33.397313492126784,1020.9587005535334,720.7911283489509,1.0,15.524658723055481,15.231339061665695,9.828834756670942,12.38670152418792,4.439132133045028,2.5761022427743194,4.1633752604959975,3.929604542995237,40.54264307012193,22.985329204079548,35.96057540195928,38.28738006657939
1870,331795922303335.4,-9.153351334888061,18.037824055661986,3.2490884350722506,2.521973705466202,-0.5179436383395603,4.467032162245648,8.266378256308991,-16.91645632521349,35.58493282848579,1020.9588618635137,782.3057244686255,1.0,20.486666712323785,20.22738088144175,9.712899480526776,18.32811153179559,5.155869792973478,2.5746100643707868,5.129788271420172,4.496959189389364,40.258998354244724,18.828157214109762,36.53245753962117,39.401192101390805
1871,331795955636668.7,-14.217009490758231,15.447031738153253,6.231171457196314,-0.5938415819195175,-2.0740076666694596,5.576967593216864,6.800213832267436,-18.398076832994267,35.952173441549704,1020.9590413732026,812.649258252481,1.0,21.898896002054567,20.99366924527067,15.52259181287995,16.656478837031912,5.979692564138349,2.1573492127656038,5.608494928250161,5.950132379804234,40.954742271055665,19.614589960468756,36.58963901620011,40.38623535716138
1872,331795988970002.0,-22.20940907783657,9.39788508475798,4.445835068279277,-3.2806998298570886,-4.411252587946917,6.043871423159941,7.51219214770743,-20.409847906407737,32.04321467703567,1020.9312146106987,818.3663560912829,1.0,24.522307091857154,24.11593032941101,22.650017683018067,10.396426959328783,8.17009929853867,5.497466759180332,6.876872338011932,7.482481618711652,38.72676760672607,21.74844643708542,32.912013577152514,37.99117658616656
1873,331796022303335.3,-23.9139018934191,6.204752577203856,3.6563903270576477,-4.709931923745105,-7.763098767427294,6.21895903130213,6.790595931432721,-29.006990615597154,23.89969158431217,1020.9077710612772,832.2858355590716,1.0,24.974844314553643,24.705741403819307,24.191814607256614,7.201954232575949,11.005662752972162,9.080152047138002,7.801212095522566,9.946916804007436,38.19310088880679,29.791235249269743,24.84567268015162,37.58458144503652
1874,331796055636668.6,-22.08775201351662,1.4918185515241995,2.7304348497826396,-5.515790196533542,-9.260984167774586,4.860334962571687,6.917057975550539,-32.01160056369504,13.694901517051663,1020.8975791841793,889.0178929954345,1.0,22.30581955612003,22.138073800610552,22.255877054825657,3.1113979269099135,11.82423888444173,10.779135830294889,7.351652701302766,10.458904517403735,35.498430799803415,32.750393305832034,15.34262098205099,34.817996757586506
1875,331796088970001.94,-21.24470225284181,2.9672641757731126,1.5299383153644035,-5.630782636518754,-10.194597236192024,2.5992089127330678,5.513087777043889,-34.95386209733401,2.393729277633909,1020.8978807122097,1023.1727247399601,1.0,21.50541191769059,21.450921437102146,21.299720304753347,3.3384679027431967,11.932787305568057,11.646266608140788,6.2017416966326575,10.520727150734643,35.46683735845974,35.385966319387606,6.010330830494482,35.03573055288051
1876,331796122303335.25,-19.254414130642786,2.903569711690249,-0.4570347957322539,-5.402427427841441,-10.170650278108084,0.4636064035802029,5.501128948738581,-37.21588700836934,-7.820487223625862,1020.9098137779529,1260.10144013321,1.0,19.477475744804604,19.472112894725665,19.259837598453593,2.939319287718675,11.525765922059762,11.516438216422365,5.422283007233582,10.181211027035076,38.42453234517317,37.62026934420278,9.561508255790244,38.028703188967796
1877,331796155636668.56,-14.88293003316818,2.9236952166336208,-2.4990856581260608,-5.071244108511037,-8.921989720841154,-1.6430478153537371,4.229956310776451,-36.34934549722948,-17.621521327799762,1020.9043403234056,1569.4779099735733,1.0,15.371890879738807,15.167386066555625,15.0912900541614,3.8462218925092815,10.393220074184988,10.262524903107574,5.330771326144706,9.072017785605025,40.61632014811455,36.59463688121573,18.12210099014955,40.395456823547114
1878,331796188970001.9,-9.766495477863772,3.0000854430735373,-3.0962837623025146,-3.759529359126661,-7.345027259558025,-2.893104011485783,4.134424511381604,-33.59100221829524,-24.196644572166612,1020.9094505495141,1900.262858023526,1.0,10.675763191527501,10.216895153855463,10.245555478149134,4.311320656416077,8.743771341192593,8.251271807775199,4.743849894696337,7.894268570610301,41.604404870417135,33.84448102822421,24.547323165511816,41.39846662113557
1879,331796222303335.2,-9.144106565199648,3.9387771515996746,-2.301933296594368,-2.102567229886237,-5.810835727098115,-2.364704356647169,2.949759961811855,-33.162698982681825,-27.910360917863784,1020.9259710844755,2201.3822700754977,1.0,10.218979754733873,9.956337194254269,9.429399863071728,4.562111611078083,6.616526845548008,6.179530791533558,3.164271740944128,6.273566652364983,43.4448378315962,33.29362833408631,28.06580357655427,43.344582710892304
1880,331796255636668.5,-10.671479385152145,2.752687976684546,-1.0869599502950118,-1.8650096010815866,-4.420647069855595,-1.2913408538381448,0.00029991003832428517,-31.1759014646567,-29.569166024556914,1020.9385736543668,2422.3739776042917,1.0,11.07426048538936,11.020787783308,10.726693535347811,2.959522432847738,4.968696260503432,4.797955953148106,2.2684404362728876,4.605397020563404,42.96827215064321,31.17590146609926,29.56916602607786,42.96827214959655
1881,331796288970001.8,-25.82109521219901,17.6805819529648,3.72658094557599,-1.1842198843918785,-3.675301954254523,0.14620370296561377,-1.961271871911567,-31.159395616019737,-30.067024963072384,1020.9285197919605,2541.5068085686316,1.0,31.51538262018853,31.294279607508958,26.088625174611572,18.06904490390775,3.864142429090456,3.8613755566554557,1.1932109022926214,3.6782088001781483,43.344901806800756,31.221058958837087,30.13092394012453,43.30050721741777
1882,331796322303335.1,-28.892384614174524,18.624183585581054,-1.2916176462278268,1.1637079817750788,-0.812590747001216,1.570267028690792,-3.9287647100831418,-31.467772115168742,-31.2894510783617,1020.8986594826715,2577.5155329811128,1.0,34.399104335241965,34.37484695126388,28.9212407209206,18.66891776117389,2.1166621200258744,1.4193378699094241,1.9544704674771722,1.7680617250269866,44.54981058124239,31.71207773135318,31.535138194280755,44.37623722982134
1883,331796355636668.44,-5.729985104398032,20.268591144889626,-3.943094602062865,-0.36564501683731715,-2.324051428398535,1.4054840356780702,-8.336282363184472,-31.126427221710774,-31.83833219171389,1020.9085818026924,2552.1803948328857,1.0,21.42887097670194,21.062965515219396,6.955625373569268,20.648578208668884,2.7404920533957307,2.3526392243986822,1.4522677621168476,2.715989767356863,45.2993098399647,32.22340880830577,32.911593707820735,44.5256540472836
1884,331796388970001.75,-3.9879675730613746,14.458529870552876,-3.020962001691577,-4.010239163833844,-0.48028190384414055,3.197346823940421,-9.244859006471978,-25.310912888799223,-33.7689754027752,1020.9397264890938,2487.2816381150988,1.0,15.299646492554107,14.998432297458917,5.003008772674041,14.770758187491058,5.1512829053420095,4.038896985354654,5.128844398469178,3.233217811982677,43.202470173210756,26.94642331208223,35.01158547970632,42.201729952901445
1885,331796422303335.06,-1.7556483157007674,11.449909970249896,0.990995265015051,-4.655232534478118,-0.30354477279720504,3.0627658770477684,-14.635118146249937,-20.888772491502046,-36.41707306970177,1020.9593058855304,2402.1107156628645,1.0,11.626040209397745,11.583727350695497,2.0160289243225638,11.492715516452595,5.580668794756077,4.6651183671109635,5.572407448102816,3.0777709867208594,44.46043983498617,25.505440583460363,39.247801137371916,41.98266341200533
1886,331796455636668.4,0.4457841859345342,5.757353551816562,4.370783979342517,-2.936373852217166,0.11132334011270262,2.341198016792369,-14.798778570355607,-16.13435553609363,-38.67939378731723,1020.9705594017543,2302.2595970662223,1.0,7.242209335218177,5.774585999103667,4.39345833421765,7.228476500251764,3.7571122474409853,2.9384833309104423,3.7554626284676567,2.343843219988566,44.4456609748786,21.893407129533117,41.41375799089925,41.90958043597466
1887,331796488970001.7,-0.5524031453388313,7.892320332960754,7.685062437336698,-1.4952296511449292,0.43113661058729047,1.4221382635019473,-15.867212093753244,-14.363708179571551,-39.42437924440388,1020.9661543719186,2188.6317231763433,1.0,11.029689666477903,7.911628749697876,7.7048902588384545,11.01584789763499,2.108095758538501,1.5561460364155042,2.0635379691634754,1.4860538407154134,44.859404934780656,21.40290943530902,42.49764815180638,41.95947796951809
1888,331796522303335.0,-2.0211648148547976,8.17463161131304,8.31466056037342,-2.882842299312716,0.6879020933019212,1.5319770692092063,-15.898805323073965,-9.387700867893914,-40.77334116231334,1020.968787011951,2062.126420248522,1.0,11.833988736842482,8.420790294828953,8.556791889664973,11.66011072910149,3.3363067534713626,2.963779514855279,3.2646184253737003,1.6793341033135707,44.75897996854326,18.46350287150467,43.76342491441227,41.84010369398541
1889,331796555636668.3,1.0953569926885673,3.2378062876442852,6.651818712472837,-3.9470031922488378,0.5039087157618799,1.4265104891160845,-14.746202480280003,-4.676018167400926,-40.82490452441474,1020.9686311122191,1923.969811745205,1.0,7.4786287968680725,3.4180691183386873,6.741401866454449,7.397978219751167,4.2270190878444724,3.9790398582375754,4.19687578743769,1.5128966155620143,43.657627774752704,15.469829782233534,43.40648934222849,41.0918237041074
1890,331796588970001.6,2.0377561086171285,0.9906814125528574,7.324616625937069,-3.2988387858977317,0.5207348720468035,1.170035438342665,-15.548642148999692,1.6794990742619245,-40.9385887838822,1020.9786276665511,1788.887401264738,1.0,7.6670664752783955,2.265811029054309,7.602792820744241,7.391309652431798,3.5387123462195307,3.3396859346814067,3.500188603821362,1.2806825266018558,43.82406920213939,15.639085325494468,43.791875094513316,40.97302489146063
1891,331796622303334.94,1.3095839835859266,-0.21786197398457818,7.6669270821650475,-2.008650478192165,0.6766197208937756,0.8044113413811856,-13.827171542388038,4.019299998582059,-41.13744824470372,1020.9876888569967,1689.615253959269,1.0,7.78101824525615,1.3275820312783846,7.777967671140106,7.670021820239126,2.2670616657662097,2.1195497140298416,2.1637362015006105,1.0511383604669031,43.58480346894895,14.399494621035396,43.39908202886672,41.33333304446036
1892,331796655636668.25,0.7756518318454555,0.5642578356450839,8.51615699561222,-0.43096253208380536,0.7029769763997323,0.43420796151408453,-12.11679510142987,5.10735345018243,-40.60729942780482,1020.9986660345016,1660.1420443490726,1.0,8.570003071367422,0.9591781217959913,8.551407237300781,8.534829633859239,0.931902294905647,0.8245637230731139,0.6117722271420154,0.8262645963553845,42.683188137890106,13.149212249983847,42.37652050781698,40.92722597592571
1893,331796688970001.56,0.7746292467749302,1.7689345848272326,8.352184959462749,0.16761837185809075,0.7197348963091259,0.32549244243381914,-11.217007164898826,6.3659178395458005,-39.74450413391797,1021.0062380454107,1734.4564469544239,1.0,8.572524344230978,1.9311084991157255,8.388029808425507,8.537454138235452,0.8075020554964542,0.7389954259327086,0.36611644140340144,0.7899136984801829,41.78482701326238,12.897525331521512,41.29705629446746,40.25109338627797
1894,331796722303334.9,0.7430212205285673,1.643191391543135,7.989000815261135,-0.31338939674254795,0.9998498140425156,0.30184333887215425,-10.397292826224026,6.663111480444328,-40.37521813673132,1021.0192792544308,1935.7350422834822,1.0,8.190011752716861,1.8033741939478969,8.023478956188447,8.156237611514548,1.0904228381013492,1.047813229841803,0.43511184218790033,1.0444180445886326,42.22154654088024,12.349119511733562,41.69246859689274,40.921330552530506
1895,331796755636668.2,-0.8387633337355018,0.09811256648805962,8.267899584127251,0.0836694405354667,1.1104439233974626,0.1262683527417003,-8.854206420041258,5.723658420239031,-40.82916558008896,1021.0191470225287,2227.3722719127845,1.0,8.31091532497676,0.8444820931920148,8.310336182323232,8.268481699134034,1.1207274330513954,1.1135916137839166,0.1514736682846905,1.1175998406918517,42.16844790843735,10.543113251799632,41.77819686505177,41.22840074121108
1896,331796788970001.5,-1.4638084767254633,2.0046391750481964,8.57176139915491,1.5850203030901175,1.0858770079383466,0.06227118586638545,-6.769614213798109,3.855217278402957,-42.94671028967934,1021.0197941232262,2552.2149912892714,1.0,8.923923294309144,2.482199322913298,8.695851237261104,8.803049000555436,1.9223152546255857,1.92130638826217,1.5862430651691102,1.087661057939624,43.647569251597545,7.790402869387057,43.47697783090847,43.119399636003116
1897,331796822303334.8,-1.4906725997308288,2.444404805860069,7.196110738169381,2.340327317228258,1.131746441903225,-0.07446791817831729,-4.593247009391488,1.797785451202193,-43.866261646589216,1021.0188002969386,2853.09133569502,1.0,7.7447549612945625,2.863078702114224,7.348885259383557,7.599942408394189,2.600678263715687,2.5996118865179523,2.341511781435795,1.1341937575204788,44.14271017353672,4.932539976304107,44.10608607591823,43.903085806986034
1898,331796855636668.1,-2.6933819472690654,3.8910393849313314,7.249519951978739,3.056430248475731,1.2546020399164897,-0.14156938207751224,-4.094917602961441,-0.7693145823191361,-42.27218029467712,1021.0296368554011,3073.541330716603,1.0,8.657368730919314,4.7322820931303005,7.7336825541272844,8.227741307869652,3.306937258597726,3.303905589201973,3.059707135289132,1.2625641245118704,42.477022282256335,4.166556744076858,42.47005506284083,42.2791801220442
1899,331796888970001.44,-2.838440865564517,3.4531385148012266,5.796248482102222,3.5661682885146866,1.3844517189905476,-0.4135374879963078,-2.1995676016359393,-8.08194463250931,-44.660297608536744,1021.0199091311888,3186.123248553633,1.0,7.3196590505284185,4.470001359027787,6.453932368221638,6.746900182207821,3.847762476843126,3.825475503022291,3.5900653916030647,1.4448943962083107,45.43894925237802,8.375913483143945,44.7144303342583,45.385680688142365
1900,331796922303334.75,-5.087585107779895,5.1566089875133825,6.347720986372059,4.659053367832743,1.299033800627193,-0.8049767369555911,0.8087394314555038,-14.493183011355278,-41.42675931103441,1021.0200676503521,3201.887289311418,1.0,9.63159904687876,7.243903538770209,8.134929867536169,8.178274755162732,4.903290185836978,4.83676204701922,4.7280826802577485,1.5282265415217735,43.896273193552595,14.515729856560029,41.43465272549496,43.88882250431212
1901,331796955636668.06,-6.356861910601044,5.9377030695747015,5.980385725006644,3.6313022456476727,1.0353152564618793,-1.5622965146292613,2.821062927783783,-18.0171221170503,-41.31625120847762,1021.0188244179689,3134.537815841139,1.0,10.556089451721714,8.698621217922252,8.727812255675165,8.427415449727162,4.086441493418362,3.7760076376390654,3.9531160366056253,1.8742059865141463,45.16201611249488,18.236641286794537,41.41244993917341,45.07382059802265
1902,331796988970001.4,-7.478649362713688,5.628410703642808,4.04949191834443,2.4164434923043028,0.8079338355490415,-2.1424246543589067,3.0659521125516687,-20.556431630278347,-39.18665466736743,1021.0279035249283,2997.779190993981,1.0,10.198411059377614,9.359978810835994,8.504621160707554,6.933786256124267,3.328954735908808,2.547931756174957,3.229424492243888,2.289703142817834,44.357196121331626,20.78381446527004,39.306411262998424,44.2511105554405
1903,331797022303334.7,-9.478452531955801,8.347369636659515,4.877712507490426,1.0499492503034886,0.6869166737479033,-1.8862392066480287,5.998701236218778,-21.19206667419657,-37.589539594044346,1021.0282557740295,2808.46588659368,1.0,13.539265916485027,12.630108560561329,10.659884694792336,9.668022504977621,2.2654240860337667,1.2546903780956247,2.158770894029527,2.0074244347843004,43.56674871203075,22.02471580849582,38.06517967136948,43.1517922781409
1904,331797055636668.0,-8.664639624877484,3.426315910142481,5.435740980070861,-3.8539738963487107,0.8286898801779917,-2.496559212380084,10.3414117499425,-17.000517708518846,-39.97223181030339,1021.0388183051264,2601.046565769605,1.0,10.787163693367884,9.317490034611925,10.228551208818322,6.4254899205054565,4.666117188001877,3.942060592031365,4.591941059580047,2.6305008683574465,44.65133497708822,19.898803967563268,41.28830479540761,43.437275677168024
1905,331797088970001.3,-11.795273393774044,-1.167480950347045,6.788392687178871,-3.68013741121896,0.8672738182014808,-2.1395976452561665,11.094472299457749,-12.46055285025729,-40.44913955049682,1021.0388233800333,2416.0755536958645,1.0,13.659200616384572,11.852910452850688,13.60921561697137,6.888053937417071,4.344358793283181,3.780948986853851,4.25691078706603,2.3086883634054005,43.754834970698454,16.68390520644044,41.94305909180923,42.3249130856712
1906,331797122303334.6,-14.06685707798833,-4.040223578504728,7.290299964833415,-4.194566439908975,1.0065725045725242,-2.8545693853166734,11.718308450442539,-6.512630198146439,-40.096660144907915,1021.028046361995,2294.113214979255,1.0,16.350790445544398,14.635568817673466,15.843766649057933,8.334979312605139,5.172633971330203,4.313649942423708,5.0737514714851635,3.0268390414008826,42.27854372863106,13.40645758720483,41.77392617071036,40.62211844394696
1907,331797155636667.94,-17.52881500659167,-3.308331789827399,13.003304873601236,-4.214042388514032,0.791623060218842,-3.0731606792499506,14.371825690291455,-0.12608031482827528,-39.831715036630946,1021.0398937226576,2274.579633074122,1.0,22.074654072096294,17.838285084808348,21.825336037988855,13.417563000314335,5.27533286932221,4.287752362446237,5.215598701269209,3.1734813107939144,42.34537510374988,14.372378714670326,42.345187405790206,39.83191457870383
1908,331797188970001.25,-17.297711249785962,0.9232413751782456,15.602522619355774,-3.915590176902506,0.4530906276538816,-2.7962618398764203,14.315394123507307,6.856421652177441,-38.4293918795947,1021.019260703529,2350.517051449421,1.0,23.31312722920976,17.32233209235445,23.29483905435881,15.629814033581768,4.832827105067204,3.941717588859352,4.811540991263034,2.8327321430055563,41.57834997951763,15.872650275987157,41.00912909520033,39.036248258610954
1909,331797222303334.56,-15.67376624581502,-3.4307235335882718,10.602066531419915,-4.154864442031321,0.6774690136283004,-2.5532548156841717,14.145846864903088,11.62938800587268,-35.718247782252895,1021.02883639865,2453.5080803812843,1.0,19.23124091235459,16.044837558927377,18.922757808128935,11.143324400759887,4.923512257514665,4.2097342904371935,4.876680088489571,2.6416045158654833,40.13901933967543,18.31249979976584,38.41742063387003,37.563757666473535
1910,331797255636667.9,-12.316394583703026,-3.3204518031912564,4.538789262037479,0.30899088676170855,1.7946147501319891,-1.623501449495034,14.879758924736254,13.350659924319194,-33.68555468535372,1021.0278925296774,2510.9035317061084,1.0,13.539556258754274,12.756134826771993,13.126087898024148,5.62370057368836,2.4396463731462323,1.8210209964448758,1.652644040504265,2.4199998053520124,39.17095787101774,19.991181707770323,36.825586487091066,36.23474458133766
1911,331797288970001.2,-11.164211096028568,3.7851994633513115,1.068858062334631,2.2477933666205248,3.2863630936141326,0.4903756336312537,20.13080249049028,10.873706287127458,-32.85894223505376,1021.0388370497706,2450.0542172602923,1.0,11.836798635250167,11.788441134180653,11.215260449677713,3.933216563421445,4.011636282634748,3.9815521347952085,2.300661487720974,3.3227474543107105,40.03993983682349,22.87983167179874,38.53516956907974,34.61137924477028
1912,331797322303334.5,-13.916696881829697,7.286543641571686,9.907998235985621,2.3880023857340498,4.943455034354279,0.7330996545009237,24.366140599620227,9.6717415905404,-29.523615832414094,1021.038893331259,2217.113302656461,1.0,18.572468855420148,15.708856430092458,17.08340952927789,12.298867723689971,5.538748791413414,5.4900184945912684,2.497997297376618,4.997517661810915,39.48284798408826,26.215480028308658,38.27992554251423,31.06745044599188
1913,331797355636667.8,-18.237347982447144,7.256194702009708,13.985361865683386,1.6702062032293172,5.360291567549743,1.5978795638489034,27.448801484665495,5.21785178442545,-27.073355959592163,1021.0388354980648,1857.4292025160885,1.0,24.100696452601813,19.627868528863306,22.98241083844295,15.755719852408674,5.837425250143812,5.614473657472317,2.3114514621491953,5.59338401951009,38.905388869713036,27.940341447248038,38.55390130530708,27.571590091233702
1914,331797388970001.1,-15.879332959933452,3.443674237348565,14.914921077528907,-1.5577969772698474,6.058919538731253,1.434087452132411,34.315721201355856,4.804301575082803,-19.479841357427805,1021.028922873984,1448.9435848260794,1.0,22.0559964239733,16.248449387723344,21.78550173857249,15.307310769756205,6.418243078878677,6.25597613480186,2.117389487731226,6.226324180219255,39.750650994720594,34.65039733096183,39.45925671980832,20.063537398347727
1915,331797422303334.44,-16.08205373843357,-0.08103708005850123,11.65266792241658,-2.541107559283167,5.842932659117074,2.299603072253198,36.01489679346841,3.0291899019326203,-12.9246961785384,1021.0395985886461,1069.617552561711,1.0,19.860102949489608,16.082257909081346,19.8599376171221,11.652949700331703,6.7738662502841995,6.371584550708166,3.42715653534565,6.279174814328175,38.38354535232092,36.14206389383639,38.263828380752834,13.274929859306061
1916,331797455636667.75,-13.994121600379748,0.4967214550199611,6.533509202133523,-4.196308952681485,5.884766731599618,2.9621660364346956,38.05233244353185,1.7950643052497537,-4.1003052334980445,1021.0196563588238,795.9786936165601,1.0,15.452149172993884,14.002934391408543,15.44416335903562,6.552364054159427,7.811140501815575,7.2276890021428315,5.136480940659862,6.588240061863933,38.31468077983816,38.094648708880996,38.27260779462145,4.476020427548699
1917,331797488970001.06,-14.112310745955678,1.9485338253600666,2.5577214099456467,-4.4410426174513855,5.863474297060146,2.989642731612898,39.2791070904649,-0.9738343070132812,7.727038774029884,1021.0097557501547,655.2134821572264,1.0,14.473977942151315,14.246195936424167,14.342219263465138,3.215388449233884,7.939845969852958,7.355487092117315,5.353580408726975,6.581663505146006,40.04377274055339,39.291177216796726,40.03192953180712,7.788162907443404
1918,331797522303334.4,-14.710908427904442,2.747712355053787,1.5208237736516999,-5.650273445651248,5.45723316552735,2.987638475233099,37.74223794740053,-7.434091871960395,12.948643559773137,1020.9888688093532,613.8804879516248,1.0,15.042395251781192,14.965318237855993,14.789311401302433,3.1405139924253525,8.404342180816798,7.85537929278805,6.3915235796580445,6.221525334001688,40.588294091732934,38.46741799547961,39.90167785089062,14.930944109425965
1919,331797555636667.7,-10.92207096221762,1.3417018431613268,2.049612469687844,-4.563152550494759,4.788171506040718,3.521010802834729,32.82268124329891,-12.717311373613029,17.66855332277207,1020.9788174715991,634.8173367779647,1.0,11.193422587196453,11.00417184251772,11.112719981157504,2.449709189239083,7.493094463839751,6.614298720979198,5.763668820531389,5.94340840300741,39.385735858204725,35.20026154125326,37.27608054126461,21.769423168588258
1920,331797588970001.0,-7.394044349072898,1.5095498769130902,3.7554683331849255,-0.2657647118766105,5.1178954579746865,3.4826712292584125,30.892633786955106,-18.264156386438668,20.858465261042326,1020.9775382126262,680.8616544144559,1.0,8.429363859064333,7.546564295554976,8.293095576297889,4.047503333221986,6.1961668547531135,5.124791195828059,3.4927968410978556,6.19046466833163,41.50915325382244,35.88780058464448,37.27506398842301,27.724627708129788
1921,331797622303334.3,-5.420685752864048,11.703572960841612,3.414664800546085,0.10676099749069956,4.946680056337473,3.5359644355369615,22.89890914416509,-20.314011598272142,28.277991353632714,1020.9679301359591,720.4006996004603,1.0,13.342315757811107,12.89796317567414,6.40654116754054,12.191536234200813,6.081454265201239,4.947831999002403,3.5375757801024466,6.080517088961195,41.673299631821685,30.610767831066614,36.38687723601537,34.81815420453619
1922,331797655636667.6,-10.369010944684552,16.134957699627662,8.01490948544397,1.282295123473263,4.934991942591947,2.7443083145311595,15.381417339325145,-21.27390842875321,31.77998062667994,1020.9872234601625,749.1056121252062,1.0,20.786823278212132,19.179500721858272,13.105539364362222,18.015982738353014,5.790479633185458,5.09886519307294,3.029110250368607,5.646713521921605,41.220557345014406,26.251993813831913,35.30658816706373,38.2432523259611
1923,331797688970000.94,-6.379661069886828,15.636861851285158,6.036450707275508,-0.17465273670899928,4.809496913881289,2.2831150394412316,10.122167445222685,-22.329306274172726,35.08351263746884,1020.9896564525006,771.0182848640233,1.0,17.934610702888804,16.88820665206364,8.78287040255044,16.761568712311625,5.326760594056797,4.8126670509265015,2.2897855492955403,5.323896585017066,42.800806668313754,24.51644738690611,36.514533172047564,41.58666586382281
1924,331797722303334.25,-8.733328031401998,18.59894163038455,5.246733812554277,2.0401403544881433,2.5963282904476914,4.762220662574933,2.9084919979020087,-21.029536969905724,39.33547606373405,1020.9780738969674,790.1828249391166,1.0,21.206599538217432,20.54730270070803,10.188190919092174,19.324824590931012,5.794983942759951,3.3019832309977044,5.180822164972143,5.423989881151574,44.69877434596038,21.229713866901072,39.44285743784867,44.60404804868305
1925,331797755636667.56,-10.88815529655385,17.418267172203777,11.849965013435535,-0.5616826166625613,-0.03692424532402713,4.755911587419432,-2.052222408977677,-19.652125969603425,37.88534920731171,1020.9788857000843,810.479548463694,1.0,23.714333806029458,20.54137183939148,16.092656604225414,21.0669813239087,4.789106992864544,0.5628949828819321,4.788964646895123,4.756054922647885,42.72841392447215,19.758989648792053,37.940892205849146,42.67910190813667
1926,331797788970000.9,-15.53913719766332,9.65262975397696,8.793179159319473,-2.3728008794488415,-3.9485979964910554,5.480385477832529,-3.558859277925157,-22.3237350445297,35.2684661613899,1020.9690745383132,830.9853026409011,1.0,20.296749634930602,18.293114716066402,17.85454520775296,13.057306800992754,7.159345999254684,4.606691888047905,5.97200209302968,6.75470585025957,41.89127989302239,22.605632610003138,35.447569518052696,41.739835310114344
1927,331797822303334.2,-20.53974856401283,6.944089121737454,6.884244776989202,-2.543546479379127,-6.785149927547355,5.2226020614867075,-0.532838917643453,-25.17010423031824,33.050195388986666,1020.9483319852081,845.3157009461064,1.0,22.748504806975834,21.681827524530757,21.662735220243313,9.77820023726941,8.932158782998824,7.246232692375938,5.809061971214213,8.562349667698761,41.54676256373576,25.17574356950038,33.054490353995035,41.5433455828401
1928,331797855636667.5,-20.215649633935225,2.0197112343138395,4.688697573690292,-3.2287063237729257,-8.667343717008688,4.871858534174642,2.239049613986124,-28.025566754061128,28.762936478970968,1020.9288447419141,846.7903332926855,1.0,20.850314350857357,20.316292072916234,20.752261926343227,5.105205030901576,10.453822134078596,9.249183295510003,5.8446171903882265,9.942728633819806,40.22129100306884,28.114866797838964,28.84995421256696,40.15892063763237
1929,331797888970000.8,-16.649530969697313,1.1118462194812908,1.9266372302866985,-3.909897689406649,-9.787412147291944,3.8569269348422885,5.907545422588243,-31.811160020112574,23.00414824195528,1020.9359313297012,828.7287895940142,1.0,16.797470480516154,16.686613902367515,16.76063282003507,2.224439936905836,11.223039778210593,10.539484640274654,5.492102085935711,10.519948760410852,39.6993681446318,32.35504589310842,23.750577451038904,39.25736540017762
1930,331797922303334.1,-14.048410171128506,0.24132757925815185,0.00937962078584507,-4.8505010777456405,-9.861960689833758,2.018276115368004,7.8598278141640705,-35.77366665338459,12.476452066348655,1020.9390421666833,791.0688262750747,1.0,14.05048594583346,14.05048281507712,14.048413302346743,0.2415097882005734,11.174035431790205,10.990251560043472,5.2536462750242885,10.066365139696218,38.69359088091571,36.62693160907405,14.745804468804094,37.886898553343954
1931,331797955636667.44,-13.8936696992755,0.14335596905110878,-0.7323134168990026,-4.99967929320969,-9.295314564384247,0.1937405125587184,10.795536968392266,-37.78953184349123,1.2175760341728405,1020.9398595954207,768.1999546815912,1.0,13.91369439031198,13.894409258634523,13.91295585607661,0.7462130221544482,10.556382016202813,10.554604013690122,5.003431664483513,9.297333393885605,39.32015802085686,39.301301955357175,10.863982227291986,37.80914186211094
1932,331797988970000.75,-14.319160898857948,-0.6520700172160222,-1.6707292081590677,-4.330039744692606,-8.066663585342543,-1.5107456508107857,12.237378372203391,-36.05802239729599,-10.018789839836439,1020.9188617060108,805.6864969493847,1.0,14.431039471976034,14.334000284454248,14.416299973792796,1.7934690948962373,9.279151793733774,9.155343007758312,4.586021872174327,8.206912563231992,39.37398326919923,38.07800426267599,15.815485426608985,37.424018077415326
1933,331798022303334.06,-11.049167232451468,0.8975201728010165,-0.6032820667714087,-2.772776749255963,-7.544063310147919,-2.031138641620808,11.987862600333807,-36.501742133488094,-15.884812721938534,1020.9188642078082,949.0985952596479,1.0,11.101963260763926,11.085559931336983,11.065624509387947,1.0814304012153297,8.290157194542193,8.03748605776299,3.437123082273849,7.812708583391882,41.57419035549823,38.41986502454351,19.900656394590165,39.80834653675935
1934,331798055636667.4,-15.740545016083876,1.9411634878942856,0.012631717842267597,-1.8312850529412257,-7.017167593507327,-1.3871120843957465,9.405640188855537,-36.37235242647946,-23.023314115124318,1020.9095104120285,1242.343889905204,1.0,15.859792957362101,15.859787927021499,15.740550084531945,1.941204586598114,7.383652613386688,7.252189047487342,2.297321240010343,7.1529519060347475,44.0623090775089,37.568791415192486,24.870445516835783,43.04673058293404
1935,331798088970000.7,-18.477257926042867,3.8083740095207825,-4.191568227290892,-2.0901500416652716,-6.3513295530346845,-0.09661356544638622,9.479179482749862,-33.51286400878717,-26.362937920897902,1020.890593058984,1669.3161242988522,1.0,19.32568284087116,18.865650613268215,18.946722794972974,5.663299109214337,6.687110621857049,6.686412662102534,2.0923817476028606,6.352064331560255,43.68033188471402,34.8276743084813,28.01534114529578,42.63937792572236
1936,331798122303334.0,-13.82431895997896,15.314569361163162,-0.3669455420811476,-2.4578542660105427,-4.635001531237557,2.5043320215211295,3.9940477376473864,-31.630281127699963,-29.64700941585498,1020.899678190059,2138.518818669027,1.0,20.634497291089126,20.631234316567472,13.82918810842079,15.318964839333326,5.813429767489827,5.246359384136844,3.5089494819621345,5.2682936581582664,43.53587335579398,31.881453880711568,29.914838870273062,43.352276197693776
1937,331798155636667.3,-14.79099523979638,28.864062887129222,7.14376611512068,-1.6983845817299088,-1.740736343123667,1.844407999439686,1.2859287667680959,-32.49931436229977,-31.36763024087182,1020.8891928095343,2553.667480525213,1.0,33.21055646693346,32.433126067892836,16.42580087822891,29.734954525939617,3.0522965242791433,2.432010115877283,2.5072596706075307,2.53613956332625,45.18614028372906,32.52474514600823,31.393977762004894,45.167838789869506
1938,331798188970000.6,-7.111103046926006,16.820439676459994,-6.889563044676022,-3.4026347436878943,-2.147767531122534,1.342943973446939,-2.829639296645996,-28.767092584537355,-34.74485983379303,1020.9034240430008,2818.477617376894,1.0,19.51822369991684,18.261844853503437,9.901205254440788,18.176723298108357,4.241972074697524,4.023782867737295,3.6580625629927974,2.5330621554872352,45.19687775926996,28.905924553912254,34.859893049449354,45.108213228161326
1939,331798222303333.94,-1.1322645466268801,17.01375420477555,0.304003645212457,-4.102394794488139,-0.7300787085637261,3.0153010330168972,-5.698515017335157,-23.777109181443183,-38.0369621204658,1020.9296489369917,2858.4559151987046,1.0,17.05409843293888,17.051388657351808,1.1723656510878488,17.016469973435154,5.143413097375538,4.166852285663778,5.091334144362963,3.1024273142832604,45.21763463277147,24.45043955492547,38.46145552051488,44.85712215891719
1940,331798255636667.25,0.09470740444914956,9.762462239672457,0.1580982668134024,-5.159585010580355,0.333069535650479,2.4104915281624653,-6.6235004795924475,-16.952416374732586,-42.158367882445226,1020.9686778514697,2711.791113387469,1.0,9.764201633285614,9.7629216156583,0.1842947487773229,9.76374231752354,5.704622880114594,5.170324244859689,5.6948912973601615,2.433393663779341,45.91931142838546,18.20041701570222,42.6755051653141,45.43910654330574
1941,331798288970000.56,-1.9847784867343936,5.047048050212626,2.5039563451803306,-3.8060752787899896,0.6231566652709963,1.5539650363479451,-8.674195482326457,-12.36834524241769,-42.35738196354594,1020.9795264441334,2452.986118188311,1.0,5.973427578963989,5.423286795160177,3.1951749592115464,5.634047514862109,4.158045284924135,3.856751645787938,4.111084572470891,1.6742555252002422,44.97071756273159,15.10687364418095,43.23643687992038,44.12622543161111
1942,331798322303333.9,-4.141863127627741,4.490380484171569,5.960624317171859,-1.4461455537752874,1.1016024248259442,1.381944107063201,-6.433463533593771,-11.074593784107684,-43.18216120955773,1020.988847026124,2156.561462678441,1.0,8.535079924118557,6.108890820814459,7.258379462281008,7.462744745942298,2.283557395848228,1.8179287293748434,2.000276600310752,1.76728532428386,45.041482294095395,12.807657105071067,43.658773456961804,44.57965538461719
1943,331798355636667.2,-3.1242850776927957,6.182635673953094,7.41652721876736,-1.3178649894131818,1.1372034487069644,1.5213767065120323,-6.820793995833598,-9.463884774260864,-44.160490821812665,1020.9984164552119,1896.2599360855475,1.0,10.148449000228972,6.927202979813086,8.047734664699812,9.655561084864749,2.3118362608950958,1.7406894651465032,2.0127978570731844,1.8994259045481117,45.67534669137703,11.665690967708954,44.6841379054917,45.16319369402353
1944,331798388970000.5,-0.9596273995763895,3.134984861055326,7.044502693897939,-2.3847579982426135,1.0340703857144948,1.1842390391754003,-3.808551762434064,-5.491122788266044,-42.430071959092096,1020.9986617339443,1717.8075746970387,1.0,7.770072910172667,3.278569020939444,7.109564188496582,7.710586766477723,2.8563603369849746,2.5993022665311245,2.6626101502265014,1.5721716396496914,42.95309654095602,6.682626430001476,42.6006581284946,42.78391562175613
1945,331798422303333.8,0.2805195331033894,1.3074429581028335,5.529433840546512,-1.9355519349067214,1.0645161364128382,0.8237025648044799,-4.8348019923670105,-2.503290006199629,-45.73412771140672,1020.9988598004762,1631.7692387049372,1.0,5.688825616427892,1.33719792743828,5.536544933930681,5.681905110583389,2.357549959739973,2.208971683250935,2.103532079143703,1.3459868201244745,46.05705384285664,5.444425696116621,45.98897419848214,45.80258615382323
1946,331798455636667.1,-1.8894688467284353,0.5096327713063341,6.460003227768055,-0.6000901028703488,1.400429720005148,0.31446671498598144,-2.6455398933715495,-1.6247651674713495,-44.96399614783487,1021.0088884445618,1646.4800105852576,1.0,6.749922946754307,1.9569921012478966,6.730656299762377,6.480074634166112,1.55569947196453,1.5235850918923575,0.6774935028448762,1.4353023080549172,45.07105160476464,3.104632534914326,45.04175652558334,44.9933418566785
1947,331798488970000.44,-3.6148136440208924,0.9421574376079453,7.83340421335358,1.15366237951842,1.3033591139545866,-0.3995073016802881,-0.681962748980223,-2.6787654159059513,-42.85855450113856,1021.009923322311,1770.2749728140147,1.0,8.678522909344952,3.7355773741470775,8.627230103039167,7.889859454199776,1.7858577630764587,1.7405981345056614,1.220877950497906,1.3632135063974204,42.94760239258433,2.764210076034462,42.8639798329327,42.94218762569646
1948,331798522303333.75,-2.8655620248203424,3.4807545335621604,7.017112966388403,2.506189759048323,1.3083170660922767,-0.5854542791137813,0.693536506334868,-5.007405259378792,-43.18843554621589,1021.0196971516746,2002.6293584957946,1.0,8.340681760147802,4.508558288522617,7.5796649069169755,7.832976861064367,2.8871157522204807,2.8271329388245956,2.573663501954233,1.433335361442304,43.48328489485262,5.05520526954876,43.19400372523093,43.477753763980246
1949,331798555636667.06,-4.847141282327388,4.26982472699359,5.915474364325995,3.065929578541695,1.4831611743634023,-0.9341544633951018,4.461605840943029,-9.774491459073277,-43.110920172238096,1021.0090024105771,2295.8314703781043,1.0,8.758939363021433,6.459580621842898,7.64771963174909,7.295494510603371,3.531619431818337,3.405831946781268,3.2050848260315745,1.7528296068414686,44.42969781644389,10.744608413685135,43.341174012444824,44.20511419938401
1950,331798588970000.4,-6.077715347225981,6.209611362981984,6.056832088402478,2.5268574072510392,1.7096782399236716,-1.241159214623607,5.314923158087484,-12.466629419149696,-42.768562833877944,1021.0025808238114,2586.5228213903065,1.0,10.591652943156848,8.688952590570466,8.580433484912527,8.674358087280977,3.293703726307671,3.050902823861807,2.815223712713527,2.1126939863864793,44.86440932550153,13.552315567857152,43.097544884270846,44.54847714512556
1951,331798622303333.7,-7.655530048560465,2.779502558184599,4.142956458682348,1.3518894021787018,1.8066953522993476,-1.6997656285251157,8.206571742674058,-15.500374167337299,-40.65064542398029,1021.0181828764256,2811.3346984371465,1.0,9.137661791394159,8.144493526019092,8.704667055261217,4.988960080968028,2.8250586265878685,2.2564913143513654,2.1718213894421585,2.4805949463657795,44.27284034802018,17.538797538460663,41.47074623338512,43.50559243032587
1952,331798655636667.0,-8.604481795564476,2.8239298925475933,3.6740291222626085,2.2564488492187094,1.821801507874201,-2.1760423013951073,11.943558430498872,-16.17908067289362,-39.14385946982543,1021.0187976269605,2908.0346095862346,1.0,9.772930829564798,9.05603042222277,9.356046011079371,4.633904404415095,3.625697483339456,2.900090023298096,3.1347601992180123,2.837978300049813,44.0074195289406,20.109978602741986,40.92542390954775,42.35568894037071
1953,331798688970000.3,-10.62255172604673,4.447845609532394,4.014660253335782,2.793546417609831,1.9605332425689541,-2.4363697858348616,16.587980461077915,-17.45791590134443,-36.94465835863277,1021.0188993805549,2861.117159504185,1.0,12.195877692420874,11.516159765250523,11.355884030856096,5.991729926820026,4.193267212554868,3.4128568945325934,3.7067235290306897,3.1272333345222174,44.100427488082374,24.081941852672873,40.49776385201036,40.8617988940099
1954,331798722303333.6,-11.20640343063449,6.580004249733922,7.674570313621017,2.6029809189675164,1.5521088095599958,-3.046228068738172,17.76018445754232,-18.258005373659238,-33.04848261272126,1021.019627339123,2717.2989350639914,1.0,15.092347838403603,12.995381247837747,13.582433778555648,10.109178276458946,4.296982297844735,3.0306024848572144,4.006870987600832,3.4188517375695078,41.72506579016786,25.47113880827666,37.518346911468086,37.75654861382206
1955,331798755636666.94,-13.537380520924163,3.6852209571799768,7.63511660096915,-2.7410845530503543,1.233353355533664,-3.4502136053938313,22.400772157346395,-15.172020010476395,-31.830188348881315,1021.0102001001703,2527.611615445853,1.0,15.972993782692402,14.030022269103334,15.54206153889154,8.477963140615392,4.575880128393019,3.0057786057155655,4.406531339933482,3.664032535670344,41.77494075123149,27.05521732390338,38.92242905537378,35.261183779384886
1956,331798788970000.25,-13.371419688248567,1.8657875008885,6.675058894339711,-4.522329386123998,0.6817902369725075,-3.1618016329231367,23.65545482004865,-8.044796081518983,-33.898862679141544,1021.0188006805836,2343.0868798299666,1.0,15.06095743041115,13.500963946242992,14.944941476037473,6.930914387104737,5.559972173472372,4.573434268012571,5.518011656616545,3.234474840400902,42.11213812757411,24.98598180453564,41.336587107339405,34.840373633652646
1957,331798822303333.56,-12.323744540845425,-6.769167361968844,6.231459273945856,-5.047172709347209,0.5651463355612011,-3.035221062352427,24.119877993448892,-0.9833758079530391,-32.794083057283146,1021.018797012291,2205.311233881506,1.0,15.37944703054071,14.060451851998272,13.809625780261506,9.200690814128581,5.916579217413158,5.078714673869512,5.8895262335205745,3.087386804070078,40.7208475595304,24.13991595674118,40.70897195934633,32.80882368430257
1958,331798855636666.9,-13.785384218068732,-9.052378596667985,8.210351008450477,-3.8313610576194783,0.7845343038430124,-3.636285243525284,25.640762963042476,7.566905941346274,-31.325736186190632,1021.0282738723564,2103.909579576738,1.0,18.42260133583623,16.491888196843657,16.045145113763922,12.22110559398684,5.340167787628888,3.910859448733678,5.28222471370944,3.7199548984075297,41.182624229873035,26.734000651831224,40.48148308713187,32.226694108021604
1959,331798888970000.2,-15.800549759532647,-6.550477857482889,12.273568541390249,-4.366063944101704,0.3991653055232494,-3.9811744066941204,24.08216673984594,14.112582185809629,-27.966116096049586,1021.0288796719686,2010.7329167891758,1.0,21.052472956995935,17.10456467919721,20.00744505037241,13.912197702073458,5.922127739388495,4.38427272248413,5.908660086728734,4.00113516363166,39.51226873180907,27.912644640681634,36.90602124834734,31.325207508473984
1960,331798922303333.5,-19.418322823096613,-6.774810382037476,10.839216867186353,-5.366658271055411,-0.3783785585883877,-3.9679861185336978,20.402078276756903,23.092417889634014,-22.878383830286015,1021.0188806382578,1897.6167206549917,1.0,23.247751273369534,20.566217857801604,22.23870238021751,12.782279843848668,6.684991037298629,5.379980607017732,6.674274105486197,3.9859859721875024,38.37870514603505,30.81403190107398,30.653959690337047,32.50661795197067
1961,331798955636666.8,-17.979477946896775,-4.563338380291762,5.562296783540499,-4.397733042007738,-0.44407135491657873,-2.8261080619697796,17.84718960995419,27.924283959872596,-18.36818805676845,1021.0052398688026,1737.0296784284665,1.0,19.365557826310514,18.54954674421969,18.820222441595437,7.194664876227997,5.246345590499606,4.420096749735698,5.227517832269654,2.860784183783885,37.89034367928148,33.1404256406772,25.61078892698286,33.42388318493842
1962,331798988970000.1,-17.981378542633948,-8.57952646667626,2.653429965164796,-2.8311271245883316,0.6445108714876374,-1.7232601851463654,17.9351095386723,30.97669788724439,-14.728604349101914,1021.0087806433261,1524.7596003474487,1.0,20.099227330072402,19.923309180100954,18.17610147621131,8.98047687889863,3.3764331364261064,2.903562477207189,3.3143485726897346,1.8398423653064517,38.70601700296957,35.79418899991708,23.207756036216814,34.2999649864252
1963,331799022303333.44,-9.281219494475755,-4.323127847624015,-2.672634726612433,1.544322482667768,1.917749412214462,0.42935272793209556,18.565117275529172,30.79661654511925,-13.936530693000298,1021.0194725379235,1286.1569841414384,1.0,10.581750614781742,10.238675192208172,9.658364855736787,5.0825594702666255,2.499407630520637,2.4622539955337777,1.6028960338886207,1.9652243060352288,38.5658146269232,35.95963250759474,23.214014457027698,33.80323177425573
1964,331799055636666.75,-8.868599245228324,2.7749193374493917,1.9712131894911684,3.88864292142248,4.124747183302648,1.3184999742361303,21.82521917993709,28.611210605332367,-14.602783982037275,1021.0281003005615,1048.4763253213632,1.0,9.499363733442305,9.292590053468137,9.085028013764644,3.403800635726851,5.8200966726123164,5.668781447232932,4.106091322948119,4.330355817738746,38.835330107790014,35.98529650503073,26.259883706489223,32.12230801683976
1965,331799088970000.06,-17.86999446885799,4.354980543187544,7.924623377749994,4.0913186936120765,5.984194210211593,2.1938335004703764,27.03831490744559,22.264271408941987,-11.983191457270278,1021.0292549174466,838.9721193981529,1.0,20.02753638188529,18.393002958966683,19.548308315457806,9.042428391241138,7.57379524584707,7.249101254516285,4.642390987463867,6.373655605170086,37.01844313186093,35.02525166797843,29.57477557878994,25.284276910218868
1966,331799122303333.4,-17.128333902193702,4.916622164861025,12.183050528635736,1.8447028448374425,6.239879033435295,1.4733742786540163,31.239106812841186,20.869802383111836,-10.018694259461952,1021.0234718797083,680.6915657314103,1.0,21.58656331981384,17.82001671651968,21.019194619402754,13.137727874152905,6.6715703325870725,6.506844007478336,2.3608812657036773,6.411468015743713,38.881932573353616,37.569009116214936,32.8063412944613,23.150008340705114
1967,331799155636666.7,-15.50838604155519,3.2687351277812797,11.270884045594238,-1.439729644574863,6.34185683571208,1.8952815744287423,33.24349163422981,20.12192956510644,0.2218640055921959,1021.0388502020947,574.4483563113708,1.0,19.44807173266095,15.84912196146825,19.171407480493826,11.735308112905347,6.773777514836517,6.503227627427453,2.3801079168467876,6.619005995694303,38.85963212763586,38.85899877066073,33.244231975969676,20.123152662047815
1968,331799188970000.0,-13.819060361350576,-1.9272134513117392,3.943218339185006,-4.84918909548103,5.8982431044637895,2.6783259175070975,34.30537644003358,18.66969805466222,7.401768990523934,1021.0278242765258,513.7389781225233,1.0,14.499294873477558,13.95279831996319,14.3706436926512,4.388977393129505,8.091806740368742,7.635699483550068,5.539680911760385,6.477862412844601,39.751763009126414,39.05658047172933,35.094800710097964,20.08342126335401
1969,331799222303333.3,-11.419505362740422,-2.1268152722579194,-2.047568712330926,-6.355645893508409,5.779010136742978,3.0359505304467085,35.88391979997858,12.285868259581532,19.152644175088973,1021.0068026298129,492.0554827258478,1.0,11.794955852553382,11.615870433676797,11.601622315925207,2.9522670668532096,9.110882970797508,8.590180026300287,7.043524000597282,6.527936410834418,42.49025815408348,37.92885786710546,40.67529322707907,22.754479510403275
1970,331799255636666.6,-10.913294248231479,-0.36317240252451805,-1.3711569837355453,-6.575696686505903,5.037999708889725,2.128169150146152,33.102730833884216,6.902140072765866,25.962548429547763,1020.9893936306687,502.8115500253726,1.0,11.00508777868148,10.919335398385641,10.999093727327221,1.4184377561254455,8.552796730387755,8.283793091313765,6.911504238916338,5.469053391438663,42.631962741601306,33.81464662309321,42.06952233645162,26.864352933593864
1971,331799288969999.94,-10.009421336034519,2.136186072992654,0.9755192140497342,-5.104957859390561,3.7423248257192747,1.9704134917769927,29.805170288580204,-2.09178574853429,31.24962907806557,1020.9786574031347,536.4633483808332,1.0,10.281218028895752,10.234832994275521,10.056846087081341,2.348388527358279,6.629337762999036,6.329738529145438,5.472031073991655,4.229364542076221,43.23497497473217,29.87848295260379,43.184343151748244,31.31956074299977
1972,331799322303333.25,-8.997750167131308,4.9319866959205,4.460223478182453,-2.0238106699056893,2.054242261233355,2.4158725036231212,29.041601188280975,-5.8955685315925725,32.8075345558,1020.9784976321702,579.6759480673729,1.0,11.188279327679403,10.260799230023375,10.042564490479585,6.649668130370626,3.761935784835181,2.883699168682691,3.1515471726417745,3.171175053761519,44.20980266320896,29.63397252968065,43.81493949795177,33.33304744455141
1973,331799355636666.56,-1.469025955201669,12.799059640142694,4.152761484402297,-3.249014696203668,3.2109742791768334,3.154687847664547,24.517957136369965,-11.070875643854334,33.49557583966431,1020.9785816519449,618.8661014573988,1.0,13.535855823527413,12.88308833040377,4.404936458496461,13.455904117459548,5.55144195087051,4.567981208113996,4.528592707712826,4.501378815178473,42.96100686079489,26.9015707657111,41.51004484424919,35.27772510171809
1974,331799388969999.9,-5.192960334486424,7.412479849647888,7.9155691389033525,-2.933691086398848,0.9013674633492818,2.6196332259515818,21.37597338011706,-15.921110613433271,32.2676442758264,1020.9486375889056,640.4505609233175,1.0,12.02364043664582,9.050507972317648,9.466946277882245,10.844403732533898,4.035032209649666,3.0690400281522514,3.9330677122222983,2.7703684849662524,41.85229824303467,26.653592649259323,38.70572444818396,35.98169854629503
1975,331799422303333.2,-11.984713892995261,15.270194790305817,9.718273530286256,-3.253451843408329,-1.2635427970477888,3.71721316119158,21.330622921475626,-22.567266906601958,26.58315470369034,1020.9382555491278,636.7878340722677,1.0,21.708455874158783,19.411651553405665,15.429783132190034,18.10037815470565,5.098937436670929,3.4901990340592906,4.939901070174681,3.92609399858272,40.87714671858014,31.052810015391415,34.08312761790671,34.87041223780049
1976,331799455636666.5,-16.104660738811194,7.664433017337797,6.660132215727105,-2.8478301544116134,-4.485149622723035,4.6396649111798896,17.97154815909696,-26.750903179409033,20.63145455808325,1020.9363467416784,630.3192519578732,1.0,19.03840833999603,17.835459932097756,17.427491461572224,10.15386106898375,7.053594418069594,5.312880925316193,5.443953258102972,6.453143236148294,38.265445003698986,32.22712156164211,27.361167014895315,33.78265439684055
1977,331799488969999.8,-12.086801891590195,12.034534496975905,6.839659623778209,-2.0142476255181028,-7.330693069820042,5.1782132868681305,16.475372355599973,-32.30357962388709,11.621919286014165,1020.9171278756452,652.9841962497999,1.0,18.376663034800234,17.056400573551603,13.887826458293976,13.842361226613217,9.198377423497611,7.602384782475359,5.5561755138946936,8.975129733224207,38.07923526888518,36.26236548782333,20.162016321447016,34.33060244748759
1978,331799522303333.1,-12.970875004999638,8.032915386894555,4.948103696890612,-2.5278924713081676,-8.439276014380274,4.227253777568308,13.421467318589169,-34.00244925493989,3.708952470590373,1020.9113814714896,736.7256876152344,1.0,16.039172615927363,15.256845283620452,13.882626862035401,9.434588481125704,9.771453038998665,8.809745739429188,4.92543549815263,9.438805758508845,36.743144513607135,36.555469362582656,13.924514835823027,34.204135477510036
1979,331799555636666.44,-11.883118402093821,6.223915075676641,4.146390660189096,-3.777439904334975,-9.182471280079223,2.89544361540902,10.780919922829543,-35.88887137582384,-4.05495258351568,1020.9089369376817,912.635575872094,1.0,14.040590348497428,13.414381157079733,12.585748228257396,7.478614469013517,10.342650761306546,9.929090141616301,4.759479589290733,9.62815519917978,37.69193499234884,37.47318138366278,11.518284370383615,36.117222056589405
1980,331799588969999.75,-10.46077938503581,5.9113307783169455,4.260814717850338,-3.5675024123077805,-9.249450565132955,1.2895190361168112,6.408744531926359,-35.955673797576,-15.110564481447234,1020.9191461038406,1184.7477034529697,1.0,12.748579488433895,12.01547905466392,11.295240032962568,7.286863085754204,9.997113011423238,9.913597188642484,3.793406491048575,9.338907596788072,39.52482313257283,36.52235595786763,16.413444654412757,39.00179017924264
1981,331799622303333.06,-10.397055358744982,6.356631624775839,5.101509148050785,-3.065635696134531,-8.470306239684671,-0.5897407891171587,2.645251127169341,-36.69608868795563,-18.226053564223616,1020.9297303067634,1525.0849947471806,1.0,13.211015151514811,12.186284328945721,11.581198371518104,8.1505926901512,9.027292186132222,9.008008104761858,3.121845034552929,8.490811621534752,41.05836464164207,36.79130710534889,18.417013385772922,40.97306375559745
1982,331799655636666.4,-8.759798513940208,4.532358931712289,4.827159436463667,-2.425593649709513,-7.976690756760901,-2.1661093994516896,2.433898177236447,-34.00065097373218,-21.891377021636316,1020.9398840988973,1903.8198388162814,1.0,10.980793036741083,9.862877241996943,10.001776753650788,6.621460995196784,8.614123862175354,8.33733170639779,3.2520046869437436,8.265568665215222,40.511733052020084,34.087653585641675,22.026262693443513,40.43855406095749
1983,331799688969999.7,-7.622970768398065,2.120647721322915,3.013330436488641,-1.9988395840983226,-6.668442278288239,-2.8182490834720735,-0.4954950284526191,-33.009374453779714,-24.23436504404716,1020.922369453225,2291.1246247218232,1.0,8.46681701782153,7.91244779406496,8.196941115765087,3.6847397570820246,7.510393464946533,6.961571812588045,3.4551248283455025,7.2395200334934655,40.95325098500974,33.013093117020496,24.239429952277266,40.950253368178075
1984,331799722303333.0,-6.171138810509623,-0.009467115214301394,1.3084720653684134,-1.5686861097648332,-5.405535031921598,-3.281650430576958,-1.9910576146978236,-32.02537410769468,-26.6745901214378,1020.9276116498552,2659.2285460388325,1.0,6.308339162624192,6.171146072233958,6.308332058827246,1.3085063133664898,6.515352226918104,5.628550887422158,3.6373074738706186,6.323688680654478,41.72676185986104,32.08720768722089,26.748795647126865,41.67923157742364
1985,331799755636666.3,-5.235930587316172,-0.5948306019390985,2.4477846693459853,-1.0193799533369847,-3.855051978653983,-2.805755413672345,-0.49403927507810597,-31.85896523927921,-25.976918453794976,1020.9289526652229,2989.90793444038,1.0,5.810373683996714,5.269610285419246,5.779845923783636,2.5190222770925357,4.87573837369695,3.987550783048324,2.9851966318179084,4.76798586401802,41.110072163376636,31.862795560385482,25.981615945903627,41.10710350380716
1986,331799788969999.6,-7.896165927538267,0.5764342892103436,2.782151343722835,-0.2078458143802326,-2.92159636991845,-1.8811822235474003,-0.43772119872836845,-33.02595437899501,-27.614780153384956,1020.938522476176,3267.7071678871043,1.0,8.39178639768509,7.917178338587157,8.371965268358144,2.841239621917907,3.481059004019724,2.928980237433508,1.8926295043526409,3.4748484725109106,43.05207713236447,33.02885499818721,27.618249089462566,43.04985186459116
1987,331799822303332.94,-7.6675768199929895,1.1502363056185712,0.9677983348158418,0.2738762011468979,-2.519502705155532,-1.167448191751678,-0.4389090745637564,-32.11329315863038,-26.170816910560024,1020.9596922731466,3477.1709153543466,1.0,7.813540264574643,7.753372030881587,7.728413026447676,1.503222264216232,2.7903113330352514,2.5343445020045516,1.1991427996610406,2.776837979016836,41.429070668238815,32.11629241783477,26.17449710962541,41.4267456513083
1988,331799855636666.25,-10.184802274698368,2.8698277800026273,-1.1484073041187233,1.4770489193113454,-1.9685630862336718,-0.17167362218041188,-0.29811246181304496,-33.28403976278577,-24.165358375356227,1020.9582801420746,3602.9097309875406,1.0,10.643540209804682,10.581403917324765,10.249343233146908,3.0910759976144297,2.467060187160661,2.4610798716255946,1.486992045234727,1.9760345283001464,41.13247767129998,33.28537477587705,24.167197116117695,41.131397354577
1989,331799888969999.56,-21.449605969320864,9.221210852202438,1.5496507270311346,0.4737045838974293,-1.699823486398641,-1.287567919087635,-0.6037143830118942,-32.08863571787748,-23.76177437180156,1020.9314837926173,3631.344914344286,1.0,23.399097059409993,23.347726352257542,21.50551123816668,9.350515865799284,2.184405425735234,1.7645951143868295,1.37194284832463,2.1324237456884814,39.93328103959532,32.094314345237194,23.769442407272848,39.92871727880885
1990,331799922303332.9,-8.837403013600113,25.313729335249967,-3.135650790223047,1.5261156682337842,-1.69025164023314,-0.04736199118395629,-2.0463113184979176,-34.62667394577795,-19.18075647553602,1020.9287579989059,3550.889613970072,1.0,26.99475672721111,26.812023140432412,9.377206295214732,25.50719895904921,2.277767064110898,2.2772746079775863,1.5268504154099571,1.6909150675062687,39.63704526744201,34.687086048837116,19.289603650309395,39.58418835243479
1991,331799955636666.2,-6.0031548839662054,15.010477361818717,-4.1113624381129705,-2.1363986246242623,-1.3465990746193157,2.3170854274099995,-4.726333563527337,-34.482181204991754,-22.64811673407335,1020.9388742960597,3350.0591875027076,1.0,16.68099518278468,16.16639413074417,7.276068282968043,15.563345775481517,3.4273040467658857,2.525376833476944,3.1516795460852647,2.679965288148594,41.52464619003785,34.804583744208344,23.13601998084239,41.254793809375656
1992,331799988969999.5,-2.9949696236154892,14.457481507425397,-0.353326128675344,-4.631575324890091,-0.36657797328906194,3.174751597093807,-8.490962712759815,-29.00200992811246,-27.257032942335606,1020.9477369389303,3017.368992580001,1.0,14.768664595593318,14.764437496360193,3.0157391133160396,14.461798328380604,5.6271588838312665,4.646059556294071,5.615205935082027,3.1958452893953417,40.695931891030334,30.219414747142462,28.54894556037133,39.800281716212794
1993,331800022303332.8,0.8010749159631229,13.831863971236965,-0.2697904881200013,-5.1317261894189965,-0.04576834325443008,2.524963830068779,-11.378312860117326,-27.2067727235319,-28.875404374223148,1020.9687100685553,2555.4429553400396,1.0,13.857668232688665,13.855041751643643,0.8452857081870916,13.834494852587978,5.719453712337279,5.131930282497325,5.719270585164197,2.5253786021901456,41.27303554801289,29.490243904936268,31.03634935551565,39.673636836126136
1994,331800055636666.1,-1.5931344090706956,8.120224921559394,2.336989518082385,-5.8251114804652895,0.9280023880667223,2.357567951002235,-12.96181317845957,-17.712702931989448,-34.69666703001338,1020.989267441809,2037.001509670545,1.0,8.598700484939933,8.275030514873,2.8283559275649823,8.449826790197609,6.3522624973861825,5.898568656217036,6.284110947734882,2.533636729259034,41.05614630018036,21.948768667745252,37.03872708213534,38.95636723500441
1995,331800088969999.44,0.716389711790654,3.782803510401301,7.275930555517534,-4.875520803625788,1.0325424800504401,1.636046920093404,-11.601356531824376,-14.109617454471762,-39.072314946836336,1020.9899464318021,1556.4933765476464,1.0,8.23176664308322,3.850041118931576,7.3111134355769085,8.200534607391038,5.245330933739422,4.983658001879399,5.1426989637091305,1.9346300674433412,43.13141051942086,18.26671229559491,40.75827852943834,41.541871647968684
1996,331800122303332.75,1.1602891191040707,4.464132611534328,7.535342442958564,-3.0702523166871996,0.5489218262446819,1.4793076314165015,-13.832917005299919,-7.947272345775364,-37.8262004851769,1021.019518099154,1208.3738808752116,1.0,8.83493840079988,4.61245605001019,7.624149563889997,8.758416849295141,3.451972700908571,3.11893643081274,3.4080493477193397,1.5778676242622183,41.052773033721344,15.953329765708522,40.276184476937644,38.65204497672436
1997,331800155636666.06,1.1201439606434824,1.3548627023723119,5.84187965157591,-2.4606260011164935,0.26743912082248134,1.165710808131253,-13.581678775113817,-5.133627233403973,-37.300453678451724,1021.0289961038443,1084.7781821291894,1.0,6.100650235699662,1.7579463685919634,5.948300627579506,5.996933450170702,2.7358884642672967,2.475116967077889,2.7227857068753254,1.1959955566557599,40.02674070593616,14.519508494502288,39.69616912207902,37.652064660385754
1998,331800188969999.4,0.801271240430561,1.0169035409915126,6.031350560982031,-0.6767148525976532,0.4254206588457852,0.9510134373397309,-10.976545546813776,-3.4480848406998077,-37.643170099296455,1021.0467125548469,1200.2260194520954,1.0,6.16873714806203,1.294653780909092,6.084342625970319,6.116476305941137,1.242317305159908,0.7993282984475436,1.167205872897748,1.041829782149422,39.362191203418895,11.505383140510409,39.21087613489201,37.800761158913595
1999,331800222303332.7,-0.3696592948351072,5.060936815548865,6.78707399175564,0.8919474437071816,0.7610817863937142,0.7342388500399154,-12.248260456211328,-4.080791300383043,-37.19220423310887,1021.044673971336,1475.1405435573242,1.0,8.474320197797681,5.07441912392304,6.797133319556401,8.466253883539267,1.383445848894694,1.172525363442524,1.1552821868460161,1.0575217134830777,39.36918588893798,12.910179775683686,39.15711863659622,37.41541010539057
2000,331800255636666.0,1.3682417546197616,3.942192610540217,4.682293651286169,0.9578944694350958,1.316999018084021,0.7750978993188632,-10.117899512472226,-4.029241430708177,-38.88556480833769,1021.0588178914384,1824.2901465969471,1.0,6.271908952986931,4.172884862739788,4.878110221792833,6.120846053894237,1.803558976506489,1.6285110463882704,1.232208816760722,1.52815678749361,40.381850224015885,10.890669265541995,40.18033151938789,39.09375828659053
2001,331800288969999.3,-0.7675427328271013,2.974290244998176,4.959409004838415,2.7801767830042263,2.0830011191373887,0.8694049583645239,-7.758386362235799,-7.235515549424208,-38.780765449907356,1021.0587688703256,2162.4432207230366,1.0,5.833631972063318,3.0717298559943393,5.018451905118555,5.782917960576967,3.5810810642475217,3.473942516375788,2.9129448890057206,2.257157204085802,40.205634096385225,10.608734335993429,39.54921399758097,39.4499740702917
2002,331800322303332.6,-3.744155171880334,2.784356983564042,6.856934475023963,5.090428040305356,2.039124392573826,0.30052286656722077,-5.195767797080578,-11.211186685315507,-38.43643386854715,1021.068852616036,2416.6724049570507,1.0,8.293906929656991,4.665977042703929,7.812569893824336,7.400688765695663,5.491884914603217,5.483656254901159,5.099291286723754,2.061150717856255,40.37383011834985,12.35664638541442,38.786021341874935,40.038108789304644
2003,331800355636665.94,-3.34382617737725,8.560895706368791,7.332948476804806,5.699005873037718,1.5772189433838704,-0.5031669382490126,-2.8525059651785436,-18.429771993756148,-34.90921042982753,1021.0682790773277,2575.1145965580527,1.0,11.757646114903736,9.19076214466662,8.059361442942443,11.27213682754062,5.934598933713569,5.913229873452185,5.721175133542522,1.6555351289283529,39.578355939290816,18.649216767017794,35.02555871239399,39.47542866867715
2004,331800388969999.25,-4.456183833147143,6.159927762346007,7.0567513077789235,3.4291653226350327,0.9551824629580198,-1.2714288351952454,-2.268395044365051,-21.837773477468335,-31.155330688913544,1021.0580074773354,2644.814704169848,1.0,10.373043112412219,7.60278135895825,8.345975879107339,9.367093949414654,3.779957622840647,3.559711834896917,3.6572812433457407,1.590253068070767,38.114152186111625,21.955271953007536,31.237801561775406,38.046589607858124
2005,331800422303332.56,-4.530370416790024,4.0561681087292785,4.550940526971905,1.3442224414773596,0.6126008967223073,-1.969080357830288,0.07737563511216708,-24.546331426959426,-33.2485833483805,1021.0601011024297,2632.8233017153802,1.0,7.595249536363765,6.080851571909864,6.421473023641969,6.096192205492521,2.461603397468687,1.4772318135067117,2.3841584317667333,2.0621729593460465,41.327916330069804,24.54645337948122,33.248673382002984,41.32784389726061
2006,331800455636665.9,-7.6505888945446765,3.8315402705704327,3.9185101130986206,1.4907402532787783,0.3282565706085237,-2.5720172095759244,3.2479959180446945,-22.859713718435682,-30.251073732347546,1021.0477303136453,2546.6491596317637,1.0,9.41100062611779,8.556413458823345,8.595710089328659,5.4804582245884434,2.990874688991177,1.5264530385483024,2.9728065912703436,2.59287965445803,38.055793918040905,23.08930464029767,30.424939432044276,37.91693517742124
2007,331800488969999.2,-6.598859639547899,4.60203653526091,4.308311311485686,0.7069142828918831,0.2985826055466129,-2.8141226860233632,4.925209501623521,-23.974585265118478,-28.563675679799776,1021.0488314134636,2408.94446342672,1.0,9.126074466659034,8.04510340606822,7.880767405470722,6.30398973893135,2.9168760459921668,0.7673847637864264,2.9015537726100984,2.8299183847465197,37.61544889550175,24.475261536280232,28.985190304285872,37.29161175083777
2008,331800522303332.5,-7.665962265762504,4.78678903000491,6.441548496875539,-0.11597024474070203,0.4617857630588343,-2.798197835821744,6.291716936846989,-22.52859853972056,-29.663943230373874,1021.0489072230075,2260.6150172338957,1.0,11.098372570583015,9.03771689520478,10.013017751791619,8.02539072291031,2.838416163466263,0.4761251816791968,2.8005999760877507,2.8360460538152976,37.77661951726426,23.390670237881313,30.323839301583355,37.248990323748956
2009,331800555636665.8,-7.509495318698676,5.661158444030446,10.920766126403068,-2.2208052336152893,0.689964473973275,-2.510337073129135,11.724283276837902,-22.405364508711294,-29.310696648264468,1021.0485166176285,2143.6536743732404,1.0,14.411952250044656,9.404320011036127,13.253514731162825,12.300888086476109,3.4219612916754087,2.325516471882811,3.3516813849737583,2.6034291225366153,38.711446823004984,25.28753007163334,31.56858812747448,36.89332320047628
2010,331800588969999.1,-7.894237738783396,2.5155943114163333,8.995674047598367,-5.572101542196999,0.7007125364775318,-2.3770115737350026,10.386002629223965,-16.082497402927523,-33.98910409013264,1021.0588279496938,2100.053288164708,1.0,12.229855100805446,8.285360838011957,11.96833910979576,9.340790454253057,6.098319250170584,5.615987326849211,6.057928657406286,2.4781408516157692,39.00993424987139,19.14460167591422,35.54051557679092,37.601940369680946
2011,331800622303332.44,-9.53542182939272,-2.478511757654342,11.721736652023806,-5.75754809949632,0.7702150005766902,-2.6270047332818023,13.128960954324159,-10.693777558912462,-33.898667659683156,1021.061511859759,2158.8205111335697,1.0,15.312295717386347,9.852273341584166,15.110373245021364,11.980906921941639,6.375244711680645,5.808837341940902,6.328547541632178,2.7375874444112913,37.89256079128616,16.93300015412709,36.35229407949128,35.545415282159084
2012,331800655636665.75,-10.601016645314093,-2.753744837434586,12.040191916131937,-5.959227695531939,0.47989176012796575,-3.061831356037935,15.663442630353096,-2.135939069858162,-33.76917369170474,1021.0600999517775,2282.773895354982,1.0,16.276697635614326,10.952838195825048,16.04206268818057,12.351086268299905,6.716956310818965,5.978519116690489,6.699791487801094,3.099210763122737,37.286227518549424,15.808405066435679,37.22499868173115,33.83665656548634
2013,331800688969999.06,-12.625979055292532,-5.367389157878805,11.654814484152872,-6.02862434764019,0.3581673932628121,-3.6408665384133387,13.619896622147904,6.167543243137667,-33.553131212217636,1021.0693432340137,2413.6985432003153,1.0,18.001636429414418,13.719482988684401,17.182841667335044,12.831350943378276,7.051844053656796,6.03925454063304,7.042742411553758,3.6584413391681716,36.73353764338881,14.951259935335516,36.2120725469047,34.11526350184425
2014,331800722303332.4,-19.069812702752383,-6.157348020384695,12.964508117285748,-5.225127837439677,0.3200921803906,-4.134514048251927,14.468156222348258,13.861414883422142,-29.783087189016452,1021.0487949894182,2493.370852849664,1.0,23.86732414589787,20.039228806573156,23.059406480679947,14.352400683067044,6.670729070853259,5.234923105598997,6.663044899501997,4.146886231757479,35.89566338087635,20.036625640177828,33.11132475427147,32.85073979500177
2015,331800755636665.7,-20.09877916834609,-5.878527142627377,12.045412760526723,-4.57828566780826,0.2540977041726187,-4.227649424633084,11.777979879141027,17.5960988714376,-26.103890518763613,1021.0290311325633,2464.7324377566993,1.0,24.158020903956714,20.94082150787188,23.431877701742188,13.4033223470178,6.2368489605669275,4.5853315364676,6.231670667939616,4.23527865681424,33.61185216173687,21.174123488986705,28.637980205472726,31.48072101634593
2016,331800788969999.0,-19.416202431791977,-5.828233357280411,7.096545363487349,-3.524496064653194,0.24027076179053128,-3.879266012076937,8.75718643514477,23.336653902754005,-21.84519303623844,1021.0274479370803,2312.0058970314876,1.0,21.478318766497402,20.27207983753124,20.672442356150334,9.183096436548507,5.246761605141075,3.532676400227914,5.241257225343091,3.886699735177224,33.14362968094062,24.925644016490473,23.53509662292475,31.96579224995752
2017,331800822303332.3,-14.934745185039121,-5.846989425807402,2.2422093555513203,-1.292508851872105,0.9357179721995099,-2.3085668218042783,9.192291383040315,25.362561928023407,-19.068121017561126,1021.029768943145,2070.8247717942345,1.0,16.194486774259772,16.03851299489927,15.10212291488091,6.262171200121045,2.806354935926747,1.5956651452184165,2.6457626316250016,2.4909935556385268,33.035602122012186,26.9769859032387,21.168170917938884,31.73094367794911
2018,331800855636665.6,-8.517973819355653,-0.3576460441601468,-2.5185124506123637,1.9768374371716897,2.0644810255210544,0.32801444190541895,10.838702031524294,25.04704426995786,-20.146983999768995,1021.0397161379519,1780.0444439956052,1.0,8.889695925284578,8.525478794773448,8.882498688495136,2.543779797229488,2.877075187032574,2.8583156154875544,2.0038661949097443,2.0903768509134872,33.9224535179333,27.291608387733355,22.877465463095266,32.14429017645555
2019,331800888969998.94,-8.954720667429957,-0.7228115831262502,-2.126836695761955,3.6936124407551705,4.683996600978201,0.9367834659427433,13.563395534676143,21.858430152122917,-21.900414548201596,1021.0586681480413,1478.520295586268,1.0,9.23216730496357,8.983845435914327,9.203828364443616,2.2463060599885107,6.038224928117568,5.965115004798878,3.810555881307223,4.77675490474852,33.784387289521604,25.724631525938502,25.760315522391277,30.942190066288397
2020,331800922303332.25,-17.912459828329332,7.454898149776316,13.375043349768633,4.865099932109242,6.059804782570721,2.207448338126314,19.059585684751116,18.083548181318605,-22.696670946216813,1021.0614888719609,1201.024796147223,1.0,23.565303056257108,19.401848456398437,22.355044211759058,15.312324808197104,8.0785679125556,7.771128061760167,5.3424737261783495,6.4493458713549865,34.71917904186796,26.273228223810662,29.63792635315791,29.019882612907203
2021,331800955636665.56,-16.17870460248161,7.86761241547858,16.937618848492804,1.7069135457523612,6.33442707008866,2.6788457771112313,25.58702475619703,12.709365923768646,-18.08621140482483,1021.0590215193695,960.4145398830049,1.0,24.70896072260772,17.99026980716388,23.422924985389383,18.67571303530367,7.086235591376537,6.560375001396254,3.1764396027973794,6.877585405054501,33.81323499812621,28.569631045193624,31.33379770877216,22.105180957510107
2022,331800988969998.9,-16.98484748399553,-5.083426667892625,10.946074699379801,-4.02382237257326,6.4903844455619994,3.005701635555219,30.065207937688136,12.628425673063859,-11.506093733615607,1021.0504343844775,762.2241933805734,1.0,20.836094213331677,17.729249018005,20.206474095670227,12.068876418799082,8.206733763148014,7.636506841299512,5.022488308398579,7.152575240650913,34.58011070432355,32.60972038083927,32.19172131687235,17.084125028424683
2023,331801022303332.2,-16.04843491152548,-5.65426052606374,7.851462802700065,-3.7221731900090678,6.238377031940611,3.4753315590005194,33.70673742304589,9.590758478266237,-3.3646620559874854,1021.0391668776253,611.9832749716409,1.0,18.73948754230636,17.0153732020803,17.866105654329168,9.675542891165609,8.05294049984547,7.264428487435637,5.092396557752279,7.141097775386438,35.20579137933984,35.04464004515666,33.87425421256037,10.16383780564397
2024,331801055636665.5,-12.969697082862261,-4.843021167454045,2.9823748897992224,-4.85731624713979,6.1283343966888895,3.584992897813211,35.003364911752016,7.3077247297345185,7.945563231268473,1021.0285906603593,515.041123549635,1.0,14.162007500101062,13.844417519332975,13.308178027232382,5.687654526403029,8.602451841175254,7.819846776143913,6.0370270168435844,7.099905390567634,36.63018387795687,35.75805358056903,35.89383693905345,10.795129262202419
2025,331801088969998.8,-13.764332336981296,-1.9817278409590395,0.14138587659163837,-5.6035785877925095,5.942431783006866,3.1847212533495735,33.53006129882298,2.753982523210677,15.361055046533671,1021.0154391793549,470.50707190565174,1.0,13.906979538512335,13.906260817290217,13.765058468781328,1.9867650091874887,8.766700516545168,8.167777450766938,6.44535045215566,6.742028252479119,36.983934925635126,33.64297000029837,36.88125571134291,15.60597423683595
2026,331801122303332.1,-12.265478945054975,-0.22890128003602964,0.588452078061955,-5.593397294801032,5.637916560839108,3.0431834938195346,31.847082107120634,-3.658436239986645,20.66280461385506,1021.008752633551,469.80091621450134,1.0,12.281719968952412,12.267614664130473,12.279586703133063,0.6314045012332158,8.504890488508776,7.941800579495268,6.367657267358473,6.406798648626281,38.13885537047593,32.056524990393626,37.96298372425478,20.984176186650682
2027,331801155636665.44,-10.657525475164968,0.5693482832683512,3.7994937521578596,-2.854159842514909,4.267327249278193,2.511240391128716,28.734383426874594,-8.664881209554725,24.08833725635922,1020.9876189703954,503.8683962399487,1.0,11.328863998395315,10.67272255431813,11.314548246681213,3.8419149184159753,5.715123669798688,5.133839718870947,3.801651839485178,4.951404866749284,38.48367120058121,30.01241338676948,37.49550349973646,25.59937808134796
2028,331801188969998.75,-2.7632068190312316,6.62537552632386,3.763606586488354,-1.447264707841301,3.239995524866578,2.944915104969572,25.524566196015055,-11.81759013104979,24.54427593344001,1020.9992024584863,563.6552517457595,1.0,8.10528514781623,7.178503520201955,4.669051987566557,7.619733289470813,4.611363259514085,3.5485414096102104,3.281325968269674,4.378366816135144,37.33068974847749,28.12754728020628,35.41080287979357,27.241088774172148
2029,331801222303332.06,-8.807937385523926,1.7030752407667527,4.9441864835276395,-2.270547176223544,2.635171436069691,3.156883724798722,21.440410727260613,-15.20454752064776,27.898178503116842,1020.9976740746654,638.7382242105854,1.0,10.243300554358454,8.971077207505395,10.100729724688582,5.229287261148515,4.697385211884731,3.478435420837119,3.8886114914395553,4.112182309841899,38.329855742658864,26.284396083251902,35.18521814548551,31.772419314547115
2030,331801255636665.4,-3.7211967503968406,5.514971743598943,6.537169013218486,0.05421624988808914,1.3084074181958048,2.3955047517594297,19.325843067249657,-16.585985218658625,29.038532547937123,1020.9987525481704,711.8088870132888,1.0,9.327207368512976,6.652985689738013,7.522093057291166,8.552747631029384,2.7300755281573705,1.3095302110840128,2.3961181977218766,2.7295371379946123,38.624079127807406,25.467295025846855,34.88157941948107,33.44146046767644
2031,331801288969998.7,-4.7466203107670655,16.356183251193755,0.590015180956329,2.6644524059779706,-0.5085679063461618,4.042235120037047,15.442635990400934,-19.68320813069851,30.67623816134046,1020.9887737329115,763.3990132476544,1.0,17.04122216377031,17.03100510601819,4.783149829175891,16.366821574771016,4.868019382125346,2.7125537670407778,4.8413811448162924,4.074101874159044,39.58453329748505,25.018067244461996,34.343945522658096,36.44804891962911
2032,331801322303332.0,-5.470242071326575,16.51839280381781,3.5349745177010945,2.1926330767735185,-1.0476439971598677,4.449385159340735,13.670721270280797,-18.067813968513672,32.31467308953744,1020.9761988338809,774.0396116931933,1.0,17.756038240016476,17.40059910290825,6.513032562463306,16.892404969749457,5.069736290016275,2.4300612655129523,4.960309275188683,4.571059640930829,39.4660945437245,22.656886848164415,35.08741536410716,37.022749742347514
2033,331801355636665.3,-12.546111725063295,21.190678592082012,6.132703547122731,-0.7953970255152772,-2.3959615953821047,5.953702608100997,12.601735141833242,-21.308785884480272,30.344113839654202,1020.9587680919533,725.3850515109053,1.0,25.378333897393368,24.62620105925178,13.964776124759839,22.060256389938324,6.4668279040386665,2.5245372634889964,6.006598968959653,6.4177259767190575,39.16163082877722,24.7561726536139,32.856794933450345,37.078694699038685
2034,331801388969998.6,-17.679239012893184,13.577946041732558,4.620204346995489,-4.904160194479628,-4.472767430239003,7.283737732324132,8.694160367013632,-25.715246191864193,23.296806511184545,1020.9488729342806,637.129112522326,1.0,22.765377198614594,22.291615257473048,18.272979513013208,14.342486078786928,9.854403637532187,6.637502218314151,8.780866845955515,8.547425567870661,35.771546022154354,27.145207886393806,24.866234497947637,34.698920449024875
2035,331801422303331.94,-20.01816074770966,10.0920368706021,3.805213336188918,-6.357390058889591,-7.399336611948484,5.970647112892037,5.174665931861148,-32.43049007218786,13.873413983621965,1020.9488542288271,575.348819101736,1.0,22.73885697330994,22.418206170849977,20.376614249061443,10.785585599841218,11.43744803723608,9.755336522016524,8.721527120152423,9.507828839625127,35.650883150205374,32.840734672486235,14.807051802007107,35.27333698253162
2036,331801455636665.25,-17.277278420383645,7.1871057112225785,3.9771468806813024,-6.455168843419026,-8.953265115482667,3.78267316880084,5.6203819006190185,-33.54207816477021,1.5951414414563159,1020.9594250265767,608.9339235867055,1.0,19.130513203525293,18.712531579659192,17.729129897599808,8.214145470759647,11.667852301393447,11.037670090429708,7.481832736637028,9.719545901434111,34.047087636663015,34.00970009159681,5.84235987654451,33.57998635839219
2037,331801488969998.56,-15.330697286117175,6.575530178239868,2.5680879008044357,-5.640428692911508,-9.85518229268766,1.6215730908024306,0.3659808033882527,-34.171364776246655,-8.110004569629012,1020.9497093917252,806.7741783148043,1.0,16.877883512744184,16.68136314584344,15.544302967480357,7.059226061772024,11.47033361113522,11.355133370503571,5.868895562934645,9.987698298953516,35.12247552122661,34.17332457663081,8.11825819174607,35.12056868546855
2038,331801522303331.9,-13.071427078991013,3.468492918337011,0.9729948273367406,-4.150208000593709,-9.484490907710551,-0.43290350380647524,-1.299711448485583,-32.75730557692196,-15.594916935588452,1020.9489414472571,1213.0400683099833,1.0,13.558737697144139,13.523780869488144,13.107590351220303,3.6023828306522403,10.361814497000227,10.352767467041659,4.1727247562953345,9.494365340666645,36.30332977478885,32.78307975936927,15.648983483831403,36.28005654471539
2039,331801555636665.2,-10.375974143702036,2.4875987902452454,0.3876305046141366,-3.085177840700703,-8.014307460947196,-2.016025971331749,-1.5696949777274316,-33.59207342168994,-17.915463513794883,1020.9681458231476,1752.7707771281507,1.0,10.677042876195179,10.670004084910316,10.383212260128396,2.5176189444268604,8.821100107380522,8.5876333402949,3.6854691730951674,8.26398722141304,38.10321734454226,33.628727883928505,17.984097843295295,38.070871144253104
2040,331801588969998.5,-7.121065135292558,0.9971270018064677,-0.5123510197373848,-2.534304406540643,-6.420063671554256,-3.018715053357294,-3.472347207123743,-31.752498570329774,-20.207347532430013,1020.9897717754104,2315.1628812757967,1.0,7.208767889607538,7.190537595952807,7.139472825671736,1.1210556744236628,7.533429295160867,6.902167512587769,3.9414894898219948,7.094353960733608,37.79702706406973,31.941796452072232,20.503514074987862,37.63718984933917
2041,331801622303331.8,-4.991369809738086,0.6173229035620547,1.207863242374695,-1.72690973938644,-4.732382127085148,-2.8757735151573294,-0.15665150330720895,-32.55263706155694,-21.47180272747843,1020.9880616497009,2789.4058266594416,1.0,5.1724069597342215,5.029399580946726,5.135436319325236,1.3564738034854182,5.80066644061034,5.037624226234296,3.3544434051669563,5.537645159021594,38.996628466095494,32.55301398265511,21.47237415986501,38.99631382617081
2042,331801655636665.1,-7.039376061989823,0.21456971579968162,1.0833834296987395,-0.7257218525419487,-3.532611408925702,-2.2369962908234604,-0.34907309911100115,-32.349317519669746,-20.266006531241796,1020.9891107641291,3067.344821687081,1.0,7.125487713890152,7.0426454905137525,7.122256313687479,1.1044273713939545,4.243838825743371,3.6063853889634356,2.3517705271592377,4.1813270347618055,38.174745797991505,32.35120084350711,20.26901262402434,38.173149787681226
2043,331801688969998.44,-7.903713589427172,0.5486117165509363,0.788263707929279,-0.24834772070984512,-2.943561937913495,-1.1638361965360895,0.14156717188702772,-32.974762388548704,-21.717501303040105,1021.0003095475929,3118.266013576031,1.0,7.9618479634109525,7.922730799366637,7.942924409619807,0.9603824700479391,3.1750193960167263,2.954019883601806,1.1900383534783097,3.1652917045196074,39.48423557184501,32.97506627507217,21.717962706287732,39.48398178285461
2044,331801722303331.75,-28.177883604612724,21.564325900715886,8.76243122435289,0.7148112474586168,-2.9302808106294664,0.6392499046160123,-3.566213075459781,-32.55882669116,-20.43133384493295,1020.9871238918173,2999.248418237629,1.0,36.54850854616236,35.48257707646654,29.508868588894035,23.276605261803116,3.083203072972685,3.016206350473493,0.9589554525862631,2.9991975709670853,38.603555197516144,32.75355051295315,20.7402333251746,38.43847809406735
2045,331801755636665.06,-21.34406373990648,13.227918769142322,3.8877798764939033,0.6179930821524431,-1.7966416721266718,1.2591883374220136,-3.5401197433507816,-32.59414212898547,-19.14369880851208,1020.9795559152376,2772.1074219356487,1.0,25.409874542474416,25.110692780093075,21.69525038577019,13.787409739726264,2.2793402590903393,1.8999570383591307,1.4026655762111977,2.193963665861798,37.96566544909748,32.78582847697717,19.468272955459838,37.80025535886672
2046,331801788969998.4,-7.883793863020504,22.75788225840672,1.8998600311261866,-1.6568779477543123,-1.4081486913842385,1.2057282725003646,-6.748176419933653,-30.56456922115916,-20.787819151694038,1020.9678530113152,2498.658410933869,1.0,24.159571161342534,24.08475473327688,8.10948048967815,22.837046066104392,2.486344291908986,2.1744257335677584,2.04915231275307,1.8538239949234276,37.574781459818446,31.300651377720218,21.855692852849256,36.96385148707542
2047,331801822303331.7,-3.122355777521977,16.8671727839461,-2.9509457928597285,-3.32296282904899,-1.8083936655632966,2.0625429594629234,-8.922242452891878,-28.61521579678577,-20.67336667947779,1020.9784332163389,2233.0681113384944,1.0,17.405708959916378,17.153734967199323,4.296182802654165,17.123364120285725,4.308880721547163,3.7831692551207277,3.9110312480049734,2.7430587141509624,36.411880964170834,29.973938437996498,22.51653837187965,35.30182240282731
2048,331801855636665.0,-1.0686392545981889,12.994536252176298,1.0975688667775676,-3.765188617685625,-0.7871028182552481,2.7695369510779497,-12.294592548102711,-25.75467541025738,-25.330471993839545,1021.0036793976114,1995.8846600653173,1.0,13.084518320630362,13.038403363356734,1.5318770426465587,13.040806333445927,4.739885135384705,3.846579802013048,4.674075336377831,2.8792126996614025,38.15878827796119,28.53875104855815,28.156523531049643,36.1238995253614
2049,331801888969998.3,1.37943126309242,10.596632349500597,2.428289587391956,-3.137894253516538,-0.3613001863276636,1.902243269141798,-13.809408341531258,-22.76805797129263,-28.5284928560871,1021.0188242766067,1798.422303554133,1.0,10.958468783562578,10.68603985394399,2.792744336639669,10.871302013591507,3.687200513382449,3.1586259941456376,3.6694563359232646,1.9362508307643613,39.02510893216197,26.628635386126998,31.69502584606875,36.50012833434911
2050,331801922303331.6,1.343120541201777,7.049870578469313,1.481961750854774,-2.946835752577738,0.20753840835852583,1.5617818611097602,-16.215111056679913,-19.2293994585751,-30.017967828948017,1021.0187300911745,1651.9950276610105,1.0,7.328086966757555,7.176673878710485,2.0000458542730217,7.203949319933045,3.3415678543620597,2.9541349230552068,3.33511671975088,1.575510956050594,39.16347817415697,25.153521227015343,34.1175646721776,35.648957854574185
2051,331801955636664.94,-0.462620685643283,8.646318912547436,4.298558460523595,-3.0749965908402395,0.7734307466556462,1.744492750329095,-15.20024971517925,-16.546740073233636,-33.734993046456644,1021.0197506897698,1567.436501623643,1.0,9.666977473584984,8.658686311228774,4.323380938261634,9.65590159311985,3.6189852320094062,3.1707726429927776,3.5353725390162016,1.9082583881180977,40.53260359635735,22.46869374162554,37.00131547997024,37.57451746723614
2052,331801988969998.25,2.379218055684053,6.4875725835550915,4.814868149032698,-2.7634291299810103,0.7466994753291989,1.7445010858651162,-17.6605668400298,-11.399017512676009,-33.202295431238234,1021.0286185827922,1542.845197504017,1.0,8.422127514824163,6.91008513575547,5.370626951209939,8.07908121753119,3.352220861081363,2.862533958381019,3.268000091036133,1.8975890348127202,39.296636538877955,21.019829242062233,37.60702119304829,35.10455842419212
2053,331802022303331.56,2.9721507751574032,2.3203871039804884,4.542210064442582,-1.9275986357945498,1.2148401523114891,1.2346798128346193,-14.411077749072291,-8.828371338561867,-35.00873051926217,1021.0358715409438,1562.5694629721943,1.0,5.903350642822362,3.7706599611457556,5.428199747595167,5.100575318710865,2.5915067695467324,2.2784804358135733,2.28912008006097,1.732128989391244,38.87454842119283,16.900275216142106,37.85882162006796,36.104727572187265
2054,331802055636664.9,0.8156004299441577,3.6346246563592306,5.528433389804427,-0.5824359158594911,1.7492963008052709,1.1162015095164004,-14.551937822865025,-7.1095964485090155,-35.816520146054124,1021.038358556541,1610.2739694355366,1.0,6.666279037022379,3.7250101280318084,5.588271629657023,6.616197710023403,2.1552667941442376,1.8437106996744606,1.2590224008848194,2.075076711318812,39.30812093491474,16.195840702513152,38.65982423360497,36.515332081652396
2055,331802088969998.2,-1.2383919538917063,5.759598025958868,7.2647214211908375,0.6937212313990678,1.6317210172654744,1.0398356717990584,-12.902327415453842,-6.856668215245813,-35.63200408687712,1021.0528987502322,1669.6233883014077,1.0,9.353221978527081,5.891229417710111,7.369517756201741,9.27087626646685,2.055485550770307,1.7730658828931636,1.2500029484923778,1.9348828653258763,38.51134465318968,14.611090026056715,37.89603894845475,36.28572190629793
2056,331802122303331.5,0.5121024942974329,4.791656680210056,3.932265114966451,1.103201685467678,1.3943420486915539,0.8156297312838591,-11.235769371697515,-9.595235759730294,-36.36695936853797,1021.0586869081208,1726.0187988469772,1.0,6.219721186681074,4.81894414842788,3.965470703339992,6.198603284239423,1.9561430331451393,1.777988669133773,1.371971507493106,1.615376614695019,39.25387619550042,14.775353216041331,38.06308246959076,37.6114913689646
2057,331802155636664.8,-1.130226074153045,5.098675553157255,4.225481576039226,1.9158893740935812,1.7545045352526012,0.6804109819738,-10.692717581479126,-10.714514162900215,-35.96162133294332,1021.0544305320569,1773.096619898447,1.0,6.717782217704426,5.222442280682367,4.374026237706211,6.622022874153364,2.6854938768087315,2.5978680216644263,2.0331235078458083,1.88181966952535,39.01760156542514,15.13720657929534,37.51762809895205,37.52384605342306
2058,331802188969998.1,-2.6945969244230903,2.076478684131061,4.948280203091588,2.819094369971853,1.8405092577945017,0.19802948751654134,-6.284222631644138,-11.409487171331016,-36.312496096967195,1021.0664006481702,1806.932246229793,1.0,6.004839155137226,3.401854833875343,5.634388125912032,5.366306056679845,3.3725336281140814,3.366714629254203,2.826041178881345,1.8511320876569914,38.57804070179165,13.025661272919521,36.85225674061666,38.062760939073044
2059,331802222303331.44,-3.555226560855009,5.884152935759778,7.576881798423035,5.069354630314132,1.2156460110416656,-0.612989452943895,-6.246897073677458,-18.192766023393474,-33.365039473377294,1021.0786444945468,1823.601449049012,1.0,10.230934925885006,6.874801209520124,8.369514543047478,9.593351528985306,5.248991108915055,5.213075061041117,5.106281664509684,1.3614519064520674,38.51267736331876,19.235395983214385,33.94480198954098,38.002665625479025
2060,331802255636664.75,-3.8838032019137745,4.380925157150724,6.316596313773348,4.261966481363232,0.5970426847073217,-1.5658762913779807,-5.792595201724594,-22.55454637076735,-32.990559072262656,1021.0675974097421,1819.4606143131948,1.0,8.61253862313121,5.854607804435049,7.415073587117712,7.687125224928442,4.579605530558923,4.303582026129654,4.540520548149006,1.6758366648519731,40.38116775258721,23.286513718505343,33.495240662988145,39.9635402572338
2061,331802288969998.06,-4.6704506047726015,4.543000422837026,3.553243942248742,2.9736570778026974,0.4716878449685383,-1.9461531745405103,-2.536899481208018,-25.479440665505777,-27.347456267062753,1021.0687873867465,1799.3773009051447,1.0,7.4214219800955625,6.515516993571436,5.868445395907518,5.767529397846601,3.5850576031956933,3.010834741306328,3.5538920348176286,2.0024988394166847,37.463597262992415,25.605424339478986,27.46487253304962,37.377603734133885
2062,331802322303331.4,-6.61664498971279,6.1427355364289715,4.674861634916271,1.4146720563823372,0.6194784719354621,-2.427345835469584,0.049930430801558914,-27.124894021252135,-27.103333771315956,1021.0705554455981,1778.0592518992742,1.0,10.166981956117102,9.02846558338673,8.10150123282737,7.719296028532612,2.8769877318598454,1.5443609048083695,2.8095025951368267,2.5051469781557785,38.34518314249439,27.124939976193122,27.103379762813272,38.3451506345133
2063,331802355636664.7,-6.046618533020428,6.390214755632758,6.954077998263608,-0.7007336474672309,0.5688621472446282,-2.395669962061057,3.4084976125272863,-25.65436029556448,-25.374326297678746,1021.0581517800465,1770.7623827621774,1.0,11.214082267974796,8.797524669301744,9.21524804277129,9.444259919604109,2.5600520218116904,0.9025695470491448,2.496049320789626,2.4622832310051974,36.2439028418617,25.87980019531139,25.60223214947625,36.083273649098224
2064,331802388969998.0,-6.386714034396541,4.866377737479723,6.836010143421279,-2.1847278078024686,0.5661651196594091,-2.111461811835732,5.229491114435627,-22.125188603519707,-28.40589262656137,1021.0713727194843,1792.7426089604492,1.0,10.54527302263695,8.02943014422543,9.355273958474779,8.391225593725679,3.0906066588527508,2.2568957744885636,3.038306531116637,2.1860498451681254,36.38359910686425,22.73480917134075,28.88325316213004,36.00581490055533
2065,331802422303331.3,-6.416276380957103,4.539228339278713,8.9686193266489,-2.893006690921308,0.8257191980179707,-2.1509840405603886,6.826524670570122,-20.172004643813885,-29.929843848802655,1021.0885655049923,1854.8890884829852,1.0,11.92515530881167,7.85959264293888,11.027453705328721,10.051901638120578,3.6983823829393834,3.0085378355092853,3.6050270534991764,2.3040278940848213,36.73291117297486,21.295802648126497,30.698485172588118,36.093009353111015
2066,331802455636664.6,-7.45157413145608,2.8196147540226697,10.031812411869186,-4.725575736064923,1.0702128489000673,-1.9277073865021301,8.099903130297422,-17.018148064891907,-34.17275465831243,1021.1051299573346,1947.630619080878,1.0,12.810676979169383,7.967194261324858,12.496528210007693,10.420532022312248,5.214640672875861,4.845247318686255,5.103638095051451,2.2048608368615175,39.025670464656976,18.84743468694841,35.119589856053494,38.17583691938918
2067,331802488969997.94,-9.063507159175733,0.7303036797199364,13.091276321694895,-5.448106047934402,1.0854523276462213,-2.1512942219860935,10.90144460546935,-11.307409061443956,-32.69937952110852,1021.0952614831256,2055.4086120779943,1.0,15.939323110471525,9.092882133242586,15.922583890669229,13.111630684075184,5.957191712097468,5.555183729196723,5.857467570468501,2.4096210459620724,36.27600329742008,15.706654455005422,34.46869471783937,34.599232950288304
2068,331802522303331.25,-10.64312111063145,-1.8238798620307592,13.511638070544869,-6.490825718576706,0.7379895827380258,-2.6173280504149723,11.606722003701382,-4.453178488914667,-34.286974359259965,1021.0979682997341,2162.6637296425943,1.0,17.296442642233913,10.798266746413063,17.200011346652254,13.634181350580564,7.037460710842774,6.532644727303533,6.998658773824157,2.719381317086459,36.47113111815821,12.431685095969016,36.19824037689893,34.57495349767925
2069,331802555636664.56,-10.792310367296054,-4.734543293084966,12.022010667493477,-6.483613711045079,0.8022265522608091,-2.973545680382188,12.267279351164524,3.0551412027873104,-33.15249796420888,1021.0887843055657,2253.8716269060615,1.0,16.835040948790965,11.785154358689653,16.15557809406314,12.92070588951791,7.177937594359787,6.533055502228954,7.132967171336996,3.0798606063378635,35.481095694966214,12.64199471794211,35.34931772957409,33.292972367090364
2070,331802588969997.9,-13.184719881828988,-6.907743477466418,11.533368533067815,-4.853459195315153,1.0124542154697977,-3.482672130045117,12.383952972524916,9.851731750519036,-30.05105037647524,1021.0783768605904,2314.683312595107,1.0,18.83009155666364,14.884682002406919,17.51728940452419,13.4437907477779,6.058888913357364,4.957936032162151,5.973698295527002,3.626853829948976,33.96298777256421,15.82462984432475,32.50273711482098,31.62470944077807
2071,331802622303331.2,-17.804506829446606,-6.8145702598919815,11.41177797291617,-4.333113047727154,1.109560620812085,-4.053178798729747,12.539200530258858,15.733043955722838,-24.540687012710933,1021.0687824842803,2332.1774665881744,1.0,22.218629745552487,19.064071738923328,21.147792791280736,13.291615565089858,6.036162011585882,4.472917778770386,5.933306587296465,4.202306883811464,31.73335061266916,20.118653584441255,27.55860789288681,29.150883197058473
2072,331802655636664.5,-20.312924704163915,-4.855068590138106,10.035572400552981,-3.4291374679308335,0.7945682271623016,-4.049148862176946,10.331535867667217,19.634627730225688,-23.82883507230131,1021.0686483170738,2293.518824284655,1.0,23.171087899766793,20.885080824645573,22.656734615645156,11.148291547214145,5.365251993117544,3.5199889831621536,5.306089924043499,4.126371914367959,32.558756431909046,22.186915952638433,25.972177696293222,30.87607466967724
2073,331802688969997.8,-15.693715563532207,-3.8877479680064844,3.8959368216362233,-2.0351351090774026,0.7184461449192768,-3.272207208090169,9.117712324303499,22.87756791905557,-19.686952790706254,1021.0605835638446,2185.872121083939,1.0,16.630863362134043,16.168094892466197,16.170065921548805,5.503899343276502,3.9198571132154956,2.1582260714181127,3.8534549335468746,3.350149978109432,31.529222986037148,24.627541329165535,21.695824211406503,30.182101054673073
2074,331802722303331.1,-14.75467536486183,-5.582018397481038,-0.2201512370503554,0.5811566705161246,1.5574782240055702,-1.7986927089701978,8.675600744331504,23.7967075105779,-20.954631152759355,1021.0598786406216,2002.5603987156203,1.0,15.776813400666567,15.775277319663113,14.756317687337699,5.586358022629017,2.4492400770931955,1.6623722489072454,1.890248273901589,2.3792927267476136,32.87317908823594,25.328824224962357,22.67956381906932,31.707725479639617
2075,331802755636664.44,-8.057992792252307,-1.5829436624913233,-4.662991803872669,3.898139148463533,2.913990190388102,0.8921197199891132,10.788420772977,21.020449296384484,-21.602991745442143,1021.0589126200108,1766.3733285090998,1.0,9.443540175251826,8.212000881552047,9.309926981613433,4.924347997614012,4.948000125834228,4.866911510440896,3.9989206563243354,3.0474934658619928,32.01466169976366,23.627300129229166,24.14703449967393,30.142138958201233
2076,331802788969997.75,-12.581073789726641,4.311310934182507,6.3911057469092825,6.743770325710974,4.466321525457387,2.0339557701458175,14.09046486433534,14.303567979405527,-23.918597893005575,1021.079736133016,1508.903687770959,1.0,14.755238132335418,13.299278915555847,14.111330566984941,7.70932128266675,8.340470145598111,8.088662817468899,7.043821000057381,4.907647506053533,31.22871406577342,20.078178628415074,27.760412915883645,27.86918337714196
2077,331802822303331.06,-15.127572635527002,6.530496396008338,20.616376524217348,3.7342204517288473,5.364210971463511,1.6367314508177924,20.45042960288495,9.585048664669069,-22.763347253595906,1021.089293313257,1261.7458213729628,1.0,26.391775575162114,16.476979001668457,25.57104680750175,21.625965045902067,6.737807623446637,6.535989728302784,4.077167181292191,5.608355301553711,32.06654342199077,22.58524360830822,30.6004909949227,24.699051319673526
2078,331802855636664.4,-16.07053482789804,-0.7620163320688542,13.793632642414737,-0.9978041523175786,6.259158354116528,2.343254721576255,23.656416774895696,9.298376331222919,-19.334792730900585,1021.0830466297529,1055.9193437222496,1.0,21.19214618718248,16.08859094343018,21.178441659588017,13.814665047123981,6.757478754570993,6.338191889513044,2.5468521387335414,6.683405269179487,31.936187420722266,25.418218997888367,30.552581962486453,21.454463692759433
2079,331802888969997.7,-13.400216410702965,-2.3636277658594835,9.085118840140964,-2.81173894053431,5.869822418403965,2.667931227728101,28.738685800762198,7.728426813702821,-11.827871096963952,1021.0793285656358,904.3026929175458,1.0,16.36129335989974,13.60707669079641,16.189662880775415,9.3875513609794,7.034098956455016,6.508509129848,3.8760460401811248,6.447687357454961,32.02404061413998,29.75971509557327,31.07749340344755,14.128946022303149
2080,331802922303331.0,-11.473558471046422,-5.742204571222934,5.618715274316947,-3.2013993461173644,5.6015475605406335,3.047873507255574,31.137239320383475,7.82718372555697,-6.1480369723835855,1021.079161366621,798.3861479823679,1.0,14.006620529597324,12.830255544076067,12.775464974800865,8.033858019134774,7.135532619401988,6.451844143058588,4.420236497015865,6.377057941498503,32.68930767364543,32.105957041777444,31.738399945627854,9.953047959666396
2081,331802955636664.3,-12.832219562344484,-1.9680698364791618,0.2789782787182092,-5.297700364193175,5.9942789523158595,3.6618921097730115,32.5076523077464,3.6413796018772997,1.6692541915242063,1021.0749942664214,728.4303369802462,1.0,12.985260361558876,12.982263199360718,12.835251761310062,1.9877443903217762,8.798094289706565,7.999813079500634,6.4401151365787195,7.024303095809203,32.75352673411245,32.71096305470534,32.55048184155268,4.0057527333685
2082,331802988969997.6,-14.61323966811858,0.9650437114037084,-2.3061838564268515,-7.162970624442139,6.466490272930547,2.8852929401750544,31.819100447391214,-1.0898374648584954,8.338953766076061,1021.0485715888419,684.6958879747091,1.0,14.825537661158805,14.64507026144956,14.794095361917815,2.4999586685710766,10.072167590303012,9.650059306373532,7.722244720108591,7.080989464794408,32.911715982211184,31.837759013174608,32.893666612190344,8.40986894146177
2083,331803022303330.94,-15.288054549063386,-5.417288598041714,-1.9959361479075555,-6.774747072455496,5.768362422050509,2.640766681098071,30.52842617264082,-4.523795748064569,14.78509660728998,1021.0378890060167,658.7574510871252,1.0,16.341829418891095,16.21948296492864,15.417794038112643,5.77328129065238,9.281425084105697,8.897820122247287,7.271234184080584,6.344103852879628,34.220587578758575,30.861781098125043,33.92025775646875,15.46168844780882
2084,331803055636664.25,-14.04025212640085,-0.10532049043964978,4.192260331805105,-0.3752491578616292,4.955539529948969,3.93133617249638,26.066801898727793,-7.71408190571811,16.875324886203774,1021.0388178759259,648.9012207261819,1.0,14.653150475861382,14.040647142443614,14.652771971969338,4.1935830855407055,6.336685889685648,4.969726749365876,3.949204480861221,6.325565281780383,31.996278078716827,27.1842826073385,31.052451614042447,18.554882097794533
2085,331803088969997.56,-5.96495533137621,9.789708932776998,4.765851837001946,0.1398396733151559,4.484047621608231,3.772512186866128,22.81569172593614,-12.13636441360023,24.86292172810548,1021.0385399601605,655.5506100576401,1.0,12.415008531050715,11.463816689646046,7.635053099852566,10.888146982877691,5.861577126263612,4.4862276142749735,3.775103089226352,5.859908810971711,35.861009564296324,25.842738440665553,33.74493540949294,27.666879441628424
2086,331803122303330.9,-6.55089624963581,8.280500178796038,3.604311942233111,-1.0236156471325963,5.014008620384632,3.267937286363918,18.059578850034995,-14.613410311885835,26.545845950107307,1021.0189309719885,679.1299382330285,1.0,11.15670154935848,10.558452769441823,7.476985104332945,9.030932830442568,6.071860138866314,5.117428205490145,3.4245004162158095,5.984955852209686,35.27580029412502,23.231447419051673,32.106546457809195,30.302371163827424
2087,331803155636664.2,-5.454097596761189,19.811894168239274,4.8167767597180715,-1.037085891704197,3.627201553024247,3.2584704889975016,12.86744608129936,-18.038871245689077,27.261300989733503,1021.0094756613897,719.8581836981903,1.0,21.105915509199537,20.548925303492382,7.2765732970922725,20.38902864009155,4.984954180401362,3.7725506296182956,3.4195287795893026,4.875881564797194,35.13047930396822,22.15788898956068,30.145475619203474,32.689132865088254
2088,331803188969997.5,-10.741549878522617,13.4906072405225,2.6583385724101345,-2.2419194502298017,1.3607197146909904,4.076435442954642,7.854027491124446,-18.691375614450227,28.303285642366347,1020.9938365124959,771.4855734236786,1.0,17.448327755873652,17.244633295922167,11.065606976499428,13.750027188467726,4.84717308168836,2.6225485626137464,4.652260605543879,4.297543957020746,34.8156466024284,20.274448702536972,29.372805892265717,33.918188343628344
2089,331803222303330.8,-12.254306534989993,11.744979517584003,4.645957791314127,-1.3043436831375113,-0.8142450361533284,4.604385066358703,3.9142798376582966,-21.697460800444762,24.880583535314237,1020.9790092676109,820.1430862014836,1.0,17.598224237707583,16.973879124170946,13.105455064673293,12.630497522549941,4.854345399943035,1.5376304571128472,4.7855693791907115,4.675826859305996,33.24371863814404,22.047707178623707,25.186604052655614,33.012471010885974
2090,331803255636664.1,-13.78505810212105,10.13068190998197,4.307324869884103,-2.829913209772616,-3.353239962286338,4.046112631992194,3.018610598024137,-22.68296366273609,22.953480604140243,1020.9788629403135,851.5243262340981,1.0,17.641190163217768,17.107265790888068,14.44232925859175,11.00834971719004,5.968555474341043,4.387781560141711,4.937553666099474,5.25502099666984,32.411280787900864,22.882937977180934,23.151118370116507,32.27040613890145
2091,331803288969997.44,-19.370032494962025,7.390583829907103,3.4561353612652943,-3.2065868894261795,-6.071230586722093,4.248307095948292,3.6921471996397273,-27.35032868222791,18.40443442189234,1020.9690584211569,851.3228977240166,1.0,21.018176891399442,20.732073900185895,19.67595056131401,8.158774477963753,8.074041955431886,6.866006140150892,5.322622723895098,7.409990149698885,33.17221180987849,27.598413540812565,18.771125627770516,32.96609903242472
2092,331803322303330.75,-23.62672477440516,6.929021431874017,1.94496502427062,-5.430150555341375,-8.671049610178988,3.6067212757222773,2.938986038765096,-28.70267268284511,10.168596924274063,1020.9587653772653,815.8517304890961,1.0,24.698509074729515,24.621808657547074,23.706644902033833,7.196820613924281,10.848136925601887,10.231013458883702,6.518816872287638,9.391248037557784,30.592179090136014,28.85274784270294,10.584800533992697,30.450677866788105
2093,331803355636664.06,-22.84316797371418,4.362701745685172,1.2301357835409152,-6.582838167708424,-10.475428943491735,2.676629584864755,2.0116882180659696,-31.36992056620991,1.4994968246681455,1020.9401559007454,792.2588068027505,1.0,23.288553489709777,23.256042001964257,22.876266240828485,4.5328137583351324,12.658306198972928,12.372080257272145,7.106201817906108,10.811982125619597,31.470101629073504,31.434357092471686,2.5090596274092984,31.40573844152545
2094,331803388969997.4,-21.877714259087178,1.4854360504992874,-1.8922328973323186,-6.592202841226637,-10.842827834748915,0.4568319848656908,1.405748811719573,-32.37067869894169,-8.337573148683608,1020.9495498044969,842.885778457049,1.0,22.009576252171144,21.92808476503111,21.959392672385388,2.405632057873685,12.697745832086841,12.689525355736613,6.608012845195814,10.85244723168015,33.45671973104085,32.40118777378027,8.455250187386586,33.42717405704178
2095,331803422303330.7,-17.04435051298723,0.7308842867680384,-4.449401601087077,-5.044189140392428,-10.239171440416438,-1.7043802702766344,0.9872257414758931,-28.920087375383464,-16.46744468578755,1020.9489445543206,1030.0770221620405,1.0,17.630690595038207,17.060013958089613,17.615534593571784,4.509031653071496,11.540770683797543,11.414222525879392,5.324355002229017,10.380055100621956,33.2944860741823,28.93693260289429,16.497010309268322,33.2798465783616
2096,331803455636664.0,-12.472283264228453,2.9843961497841596,-5.432318406099568,-3.353671039953101,-8.816526024390424,-3.227804119448951,-1.3941101536125218,-28.546829262700257,-20.378940490698824,1020.9588954675019,1413.7220080584116,1.0,13.927474769937579,12.824370167848388,13.603967549520299,6.198120976884419,9.969802406091373,9.432827814763382,4.65465668742086,9.38881518469105,35.102225279853826,28.580850303554044,20.426569918707585,35.074530310143906
2097,331803488969997.3,-6.774354910235487,2.22351672751214,-3.5355071967454275,-2.290698929375055,-7.12518601031743,-4.240306746156393,0.17185051798976447,-27.78505440904559,-21.575094220906152,1020.974468294828,1972.9965259040137,1.0,7.958374345656068,7.129930650950116,7.641445909516756,4.17658206860167,8.602079897801616,7.484355501087802,4.819491973905491,8.291470134006552,35.178451810094415,27.785585851555425,21.57577862422377,35.17803205346487
2098,331803522303330.6,-7.342181510503023,1.6475807459259197,-2.095091132617205,-0.04916735372182425,-5.653309317372274,-3.6313684479785753,-1.2263384573737168,-27.440055315361313,-22.11750113663504,1020.99762044872,2590.0268504495616,1.0,7.810989598091237,7.524769208920514,7.63524958250506,2.6653197122141,6.719312499916528,5.653523119839537,3.631701286400953,6.719132610900197,35.26534273548429,27.46744512549579,22.15147314607058,35.24401356598225
2099,331803555636663.94,-6.538651822329164,1.8825444560932278,-1.0392355308719934,1.1567409436292122,-4.513047625548295,-2.5153449188697254,-0.7488422221359881,-29.668501881197653,-21.082445974242052,1020.999476139165,3141.1823506608716,1.0,6.883164371961681,6.804259054652155,6.620723385120034,2.1503451159742104,5.294582943161723,4.658932118107679,2.7685753866477874,5.166677746032827,36.403987375081826,29.677950881896855,21.09574110882309,36.39628459240673
2100,331803588969997.25,-21.393007489721164,15.807523218366708,7.5083620543045235,0.8955639730639069,-3.1339815805528377,-0.42448199635468714,-2.5689682619952348,-28.828709626910346,-20.190150435600074,1020.9963911519739,3502.8323955037613,1.0,27.63899528732889,26.59959698481292,22.67236798823153,17.500094029396603,3.28695304839052,3.2594286887573523,0.9910700253157043,3.1625979055949753,35.289322341127686,28.942945542633563,20.352930318342384,35.195691119295766
2101,331803622303330.56,-18.369591566640715,16.077269202252666,5.4531008231469675,-0.2090917787954572,-2.3045010526109184,1.336861198317136,-3.5167751162813663,-26.976752093332813,-21.36715964862164,1020.9877406039062,3581.9185443963765,1.0,25.013132309135255,24.411482530295036,19.16189455436502,16.976892930954953,2.6723851400968774,2.313967258507492,1.3531139033820385,2.6641927417232334,34.592894822106416,27.205015359738947,21.654635038905198,34.41366973972438
2102,331803655636663.9,-14.750123250798135,22.31758275142511,1.432117732536512,-3.249149961545227,-1.362136916559991,0.8399865128761834,-5.7212239555064635,-27.249277881259687,-23.61091868890361,1020.9807125697711,3426.029774699786,1.0,26.789766646618794,26.751460442010327,14.819483699291998,22.36348499376949,3.621873795962361,3.523122542868032,3.3559727076398045,1.6003106952306014,36.506588856440516,27.843411224186763,24.294194468701342,36.05549370600999
2103,331803688969997.2,-4.852262236348397,19.32215272901624,-1.704032203803046,-2.5986947444462634,-1.6666383568280019,1.9773198428079293,-7.755137985529175,-21.846954694615178,-26.1388910530344,1020.9788678518819,3123.175360478741,1.0,19.994843351357375,19.922099158816632,5.142778875461263,19.3971470024596,3.6661548723458135,3.0872152155725994,3.2654261797772435,2.5860156946956674,34.938134181515295,23.182570923069893,27.265065388826766,34.06656799431035
2104,331803722303330.5,-4.221277272365443,11.517317679712605,1.0403037908658253,-4.088747098604733,-1.0010829745477288,2.8699894635674266,-9.711165625046768,-19.279709908862028,-28.894748650342148,1020.9781706927109,2761.3681373494537,1.0,12.310565394119775,12.26653122710775,4.347575621824057,11.564205053210978,5.094787481266122,4.209515406585175,4.995467181088939,3.0395734310783435,36.068274862175095,21.587356298698612,30.48299915302855,34.736345716501646
2105,331803755636663.8,1.814421030810971,8.808472037032537,2.219492833748167,-3.584753474876518,-0.5714630207774868,2.502306050552203,-12.457102084277643,-15.01952695994738,-30.68608245889851,1020.9997945146558,2427.1823425405773,1.0,9.263231171858594,8.993403321559269,2.866752887171933,9.083794805379721,4.408918578334779,3.6300175563976826,4.37172655209237,2.5667305185286384,36.364835199860586,19.51321558428289,33.11819815467673,34.16462859120387
2106,331803788969997.1,-2.0393816534033755,6.749538617410477,4.805419235462903,-3.6564335752840815,0.36462042501550973,2.2065022178084472,-13.08887825431095,-10.160447545594792,-31.95126370593021,1021.0191179766323,2167.880401463827,1.0,8.53272542067952,7.050911223108232,5.220261636814304,8.285428508922891,4.286152888313344,3.6745686202332952,4.27061570826249,2.236425740223021,35.99217527031188,16.56965383714932,34.528278068303194,33.527868210380994
2107,331803822303330.44,-2.7835439909955904,5.057011001809316,7.410078582488587,-2.8975224379756295,0.34148206948716964,1.7897210281576093,-12.599327881957137,-5.875346844372834,-31.528972163927314,1021.0287517462006,1987.6086904699073,1.0,9.393122059298717,5.772475848561701,7.915641587923478,8.971210892130255,3.42276900198991,2.9175754115966694,3.405691946903267,1.8220075088788108,34.4577835812527,13.901897842335929,33.95319055391946,32.071728769359865
2108,331803855636663.75,1.3083909891100516,5.158869426480353,6.785253827865057,-4.365388361622951,0.287311430177482,2.0153302725133577,-12.902261203775671,-2.030874090833161,-33.965864576699,1021.0488770898963,1888.3121044603797,1.0,8.623542789852412,5.322200742160907,6.910250103212024,8.523708304959241,4.816712521317056,4.374832957462918,4.808135985504349,2.0357072395655016,36.39055853083225,13.061117629945464,36.33384511186657,34.02652503585215
2109,331803888969997.06,1.4836460528156956,-1.4260015395101493,5.639381798297179,-4.263691746620191,0.7357367852369443,1.3094246504019555,-11.36344281933259,3.5153834718387627,-32.133829606216956,1021.0391905964848,1871.935538336808,1.0,6.003108617015556,2.0578352705503202,5.831280534925508,5.816881248371058,4.520505374670869,4.326704973458201,4.460230960979199,1.5019658891702823,34.26468676091617,11.894778420059726,34.0838794427751,32.325546029656834
2110,331803922303330.4,1.137388654313719,-1.7040328171566461,6.480740410698734,-0.8711116171734686,1.0106332231855988,0.885349366938006,-11.163113855299827,5.158034155706905,-32.434937506669876,1021.0484853544845,1936.898140034819,1.0,6.796865238017595,2.0487510324361984,6.579790970982677,6.701024109254526,1.601267767401385,1.334246964164089,1.242046275753083,1.3435858786635264,34.68783069549617,12.297171516158746,34.30219062987038,32.84251037014405
2111,331803955636663.7,0.16219297279204015,2.97376369682743,8.62172257804397,1.015013266809011,1.2139583073210678,0.47915549844849115,-10.127846551239458,4.118947161227376,-34.40484158428857,1021.0641542000235,2065.769949662933,1.0,9.121604973783123,2.9781835210396053,8.623248040800883,9.120162867916443,1.653341070501049,1.582386395199394,1.1224268009503884,1.30509952249139,36.1003064519185,10.933389295293388,35.86455632243964,34.65052452931954
2112,331803988969997.0,-0.1717800549796929,2.8901914760634835,8.24456822516012,0.5424058762315809,1.351388656243765,0.5257236157154824,-7.444075978487756,4.141132971288358,-33.59341425086346,1021.0797244014864,2236.669471532525,1.0,8.738170310477972,2.89529189471439,8.24635759633359,8.736481670994902,1.5481733607435046,1.4561783664080707,0.7553737185602298,1.4500471096986087,34.65661164178498,8.5184065094001,34.40830929010629,33.84769509606242
2113,331804022303330.3,-0.8623820996655399,1.8980047669149098,8.32156185413334,0.5015100796142223,1.5169287801637816,0.4481689344575676,-6.868474340065031,2.6869086105978557,-34.77391409955771,1021.0715651866351,2427.714976654273,1.0,8.578724653071829,2.0847361897984276,8.366127812673595,8.535268817524075,1.6593494742990922,1.5976812210337337,0.6725828973200962,1.581748500205393,35.547440406381654,7.3753249177128914,35.44574786294613,34.877565564200765
2114,331804055636663.6,-2.214388817096301,1.7013340965810784,7.507106088871645,0.7490671948717413,1.482376117906588,0.2930542626067754,-2.4439622646539796,3.4129373130868,-36.618538854013615,1021.0687886366081,2617.013244030079,1.0,8.009662750143994,2.792499873137062,7.82688697138619,7.6974787780001765,1.6865412589690258,1.6608854919508527,0.8043522010071336,1.5110657681821158,36.85835699616869,4.1977485220190065,36.70000462335062,36.77724199700087
2115,331804088969996.94,-2.907738422976201,1.8562229815362188,7.654252589928475,1.3891060141383238,1.4256867070238275,0.09849853216843027,-3.937679745295171,-0.08364950120947268,-34.86242902971363,1021.0687915111188,2782.406438906889,1.0,8.395718504336726,3.449711073935806,8.18795001492308,7.876112395567369,1.9929626353594896,1.9905270922797575,1.3925937955321346,1.4290852134928065,35.08420266825769,3.938568142810333,35.08410294746508,34.862529384582416
2116,331804122303330.25,-3.913320456194016,2.410306989140306,6.294180131260575,2.6695093447964853,1.1610116969960855,-0.22343724427013548,-1.90440919287877,-1.1993966884804674,-35.96588907415358,1021.0623280684284,2901.471947363778,1.0,7.793610222452784,4.5960479517478,7.411530241294433,6.739902321744284,2.919615129540968,2.911052782502834,2.6788438446618708,1.1823165239007543,36.036238756071356,2.250628087947691,36.01627342283264,35.98588236115182
2117,331804155636663.56,-3.852244362131327,4.660937352609519,6.127601604691357,3.456545174717505,1.1721503208924804,-0.44940580544197306,0.8412549307028111,-6.947086013673858,-36.133080030050095,1021.0687310618243,2951.775630388457,1.0,8.608810896769619,6.046827567454129,7.237906330658658,7.698820586996863,3.677445648489745,3.6498823158605007,3.4856376924212613,1.255349334939599,36.80447236950721,6.997836375610302,36.142871805052195,36.79485665876941
2118,331804188969996.9,-3.7310926026140887,5.814632889722679,5.2755452186048695,3.4175473223023825,1.249159393518926,-0.6189142117043873,1.198710170406323,-9.905184718146849,-35.14659766997483,1021.0678700580919,2910.8833489686394,1.0,8.692662710876972,6.908763105761138,6.461611978664942,7.85119946223438,3.690946178426667,3.6386850496563667,3.4731375586961493,1.3940781871423977,36.535365307443215,9.977454102788217,35.16703333873524,36.51569542095138
2119,331804222303330.2,-4.062594179809766,8.663145185794777,4.845216604544657,2.844117928117548,1.5448354987228128,-0.49812683189737395,4.686951423598149,-14.20255184647015,-34.623758355477015,1021.0791273801647,2767.17442335721,1.0,10.725244982047666,9.56842494771127,6.323036882288402,9.926036895715956,3.274699046906438,3.2365913407709996,2.887410107638984,1.6231595912818544,37.71584064099998,14.955935029239777,34.93955003009674,37.423483557923056
2120,331804255636663.5,-6.128895042133522,5.171843641376233,4.829348230075515,2.170160454936392,2.0908011108046867,-0.37470943634454856,5.790757383901807,-15.626383278405832,-33.122476442429765,1021.0677601089874,2557.8520262989655,1.0,9.361299344410805,8.019433963088208,7.802945518509173,7.076056174040542,3.0366845155197617,3.0134773410649434,2.202272363231982,2.1241130964776245,37.07850011964035,16.664834995968448,33.624861587202524,36.6235211311386
2121,331804288969996.8,-7.952725215436719,6.105750838236148,5.762970888305888,0.6630495895455527,2.137927358979996,-0.35310019467679193,9.25517613044758,-16.4394618199059,-33.09661736138919,1021.0781203335837,2333.8925721667842,1.0,11.564508857289427,10.026267084556666,9.821286667830451,8.395952998801421,2.2660644072824794,2.238385165799601,0.7512086964867448,2.1668902002076544,38.09593509680474,18.86568817016094,34.36632604704517,36.95459356689439
2122,331804322303330.1,-8.320895514412433,6.0831674471998385,4.91303990550768,-1.020210469894221,1.7425414643651669,-0.9896535488247669,11.344853259987776,-14.421781209412176,-31.452252063117555,1021.0989368282245,2146.2732785054313,1.0,11.418414490004803,10.307387076870683,9.663087667763335,7.819391747686179,2.248709475369182,2.0192276141915473,1.4213527182171364,2.0039623004770712,36.41342648783127,18.349208940518647,33.435757137120994,34.60103947996413
2123,331804355636663.44,-10.558958515334119,0.6817492705191444,5.0021307024312165,-0.12066184105866146,1.0477664230328432,-1.959732036624633,13.713649282814009,-13.042008548706173,-32.10003164580722,1021.1045160439426,2044.5153089376756,1.0,11.703747201670298,10.580944522886428,11.68387420733174,5.0483753457977345,2.2255164372557745,1.0546913089253673,1.9634431326780506,2.222243040850386,37.26352365649785,18.925067070860013,34.90667856318974,34.64831913161662
2124,331804388969996.75,-13.508462610912847,4.482254502280086,4.990353484328225,-1.73091502732689,0.8589236099182884,-2.552702004766099,15.14233208361491,-11.800608602647884,-30.160519566616614,1021.0785206269828,2037.3768723744383,1.0,15.082201279395104,14.232679562669864,14.400770465811098,6.707774095909683,3.201578380211544,1.9323086191137047,3.084210491675772,2.6933320056784544,35.751944350645104,19.197515055948276,33.74829123761286,32.38690019006374
2125,331804422303330.06,-16.437805662310744,-0.5591869934145595,5.274372411280502,-4.329519347868702,0.8966445801482079,-2.923147860475526,15.650847083430007,-7.128176877489336,-31.335971928856797,1021.0901352919863,2088.3491573973456,1.0,17.272323220064408,16.447314221036187,17.26326907989249,5.303931977927404,5.300330433178788,4.421392233977731,5.223938284261413,3.05757500599933,35.744972468191726,17.19767193621518,35.02702030083362,32.136490821539226
2126,331804455636663.4,-18.05317230300921,-1.9798456873526806,10.973455629815742,-4.201476206935153,0.8282327459724095,-2.9430374887108117,17.073835878550533,-1.580863286103618,-30.73292614643549,1021.0896742988665,2158.5633826467542,1.0,21.219178768449137,18.161410164077786,21.126612569498064,11.150628565478442,5.196137167059819,4.28233251849307,5.129704862601692,3.057358196459525,35.19272296738756,17.14686561261357,35.157198709936175,30.77355810190964
2127,331804488969996.7,-20.528383371080338,-1.6046620526108744,9.153979554257823,-4.313323202519131,0.6976198840857841,-2.6194785761691564,18.76749512087158,5.518765373035592,-27.865235227825757,1021.0988606558253,2209.150766763021,1.0,22.53408098443128,20.591004446921406,22.47687401552578,9.293561318615142,5.094418373383849,4.369374160227269,5.0464269597804625,2.710782454141434,34.046247644294326,19.5620971359043,33.595984989489445,28.406479992154576
2128,331804522303330.0,-17.978136752221108,-3.7982139457896427,6.6210595518297675,-2.461504966556556,0.8715340813969871,-2.292415117098704,16.316761779283084,8.156179251497216,-28.609370443036475,1021.0878154695638,2206.586215723977,1.0,19.531468450898167,18.374978374396914,19.158596782396135,7.633142129350608,3.474729546960705,2.6112407693315225,3.3636548231774994,2.452496426937082,33.930164339291316,18.241709759351696,32.93528187383193,29.749274564759435
2129,331804555636663.3,-16.460797630407775,-4.462215558366005,4.7371376075357565,0.1796197411909556,1.829118107896153,-1.6456590726601745,18.576529139201384,9.792421937122654,-26.565953603234448,1021.0885921144483,2143.8913974348784,1.0,17.70055646106335,17.054888634012297,17.128874199490397,6.507829162021175,2.4670083274054537,1.8379162940839031,1.6554325823947804,2.4604606958987065,33.863385139460654,20.999499095317468,32.41662113343714,28.313272828195725
2130,331804588969996.6,-13.673637965618255,7.071487313047576,6.268103866484818,2.8712862469057194,2.572158902180193,-0.6204952016775268,19.872648139724603,8.725748533698628,-25.865931746320502,1021.0797608393349,2022.316064198061,1.0,16.621174270021708,15.393969859441384,15.041858305935436,9.449606282784206,3.904523072673484,3.8549041660895735,2.9375668514903226,2.6459432558861975,33.76547432902363,21.70393585409438,32.61853107039939,27.298078917364396
2131,331804622303329.94,-10.00331760662983,7.567741896110024,6.015231747860367,1.011516678884035,3.9782040816071054,-0.3821465965466667,24.057005710442205,5.807962565646575,-22.198214283877025,1021.0785595608662,1843.1124659228185,1.0,13.911149971361699,12.54340785214486,11.672590805797043,9.667146962087948,4.122536807334559,4.104786682225524,1.0812964500601994,3.9965164501309927,33.24503978504347,24.748170698380935,32.73377829009616,22.94543846948395
2132,331804655636663.25,-15.974902508055262,5.191808655039331,9.734897829390789,-0.010292516157258373,5.187961342450941,0.8967647724124849,26.63456689376443,7.658729510620286,-18.494351704371695,1021.0678752165616,1608.0753281269729,1.0,19.41444366962621,16.797392275362615,18.707371431886088,11.032819805435906,5.264906065989614,5.1879715522209855,0.8968238360619455,5.264896005412204,33.318123240966834,27.713828521791395,32.42593404334574,20.017421978912328
2133,331804688969996.56,-15.731180982387313,3.559429020226092,12.108128814287733,0.13080116290306404,5.285217395937897,1.6454987662935674,30.99469852946102,6.797102024320128,-13.281301335662139,1021.0793394793121,1334.4450232304296,1.0,20.167954121180383,16.12884341949701,19.85136868037086,12.620472191380658,5.536993593676537,5.28683571397309,1.6506892905966424,5.535448411122465,34.39861767614872,31.731245372049138,33.72038407404094,14.919569735675278
2134,331804722303329.9,-16.288320893654458,1.2262992322946225,12.438893463430096,-0.6801057286073928,5.427490394028215,1.897697473520801,31.689803028513087,3.10507012743482,-8.543524925416586,1021.0897577923997,1056.762559646892,1.0,20.53142172223713,16.33441787581629,20.49476684739849,12.499195190158858,5.789771280487717,5.469935628446933,2.0158867783414385,5.749687615712333,32.967816042823635,31.84156209236986,32.82126496857139,9.090284849634942
2135,331804755636663.2,-14.460175518129843,-0.17743655588222432,7.447749636278411,-3.6162110575159763,5.190072673820981,1.9230983659065664,33.286281265579646,3.55020569472987,-0.633546756270514,1021.0690994986246,810.4839158500479,1.0,16.2664419708543,14.461264113018785,16.265474191052867,7.4498629769982045,6.611516021079931,6.325649118631548,4.0957648537792455,5.534903945372112,33.481067224008136,33.475072531156236,33.292309952655124,3.6062919969510636
2136,331804788969996.5,-12.779645669983227,0.04938608620510076,4.476947502016312,-3.8475605722087334,5.149090321094141,2.9596143248221907,33.43257211073486,-0.5902714620312173,5.205973866472024,1021.0598317227616,631.065070313586,1.0,13.541227469164005,12.779741094240983,13.541137411094061,4.477219887532971,7.076451825830037,6.427818719565803,4.854177511021605,5.939061212555236,33.84061852621439,33.43778249732441,33.83547017314635,5.239330519949867
2137,331804822303329.8,-12.001764181476112,4.128288865298692,1.5208938987397989,-5.505934900344443,5.075619152058886,2.948522649879706,32.61649779145691,-5.549699900384384,11.146335717556127,1021.0733926436973,544.7813115637002,1.0,12.782731737556574,12.691930996625855,12.097746142112047,4.399532612286571,8.048044154975269,7.488473068895817,6.245726934767851,5.86989740912059,34.91240319847528,33.08527009356943,34.46848891536414,12.451504684687466
2138,331804855636663.1,-9.267642927516144,-3.2590025394752065,-3.63182587241812,-5.390293340435988,4.097473774303207,2.226510835092565,30.838488280287933,-8.466683814094086,13.05620425173606,1021.0588947482355,535.7419492730105,1.0,10.473798840526369,9.823965746288302,9.953861793269267,4.879677931981934,7.127545448878998,6.770860626763124,5.832033332786529,4.663329479018952,34.542170801562975,31.979635617394063,33.48845814421003,15.561144054049933
2139,331804888969996.44,-11.030465420052035,3.0038893659568418,1.7877210138234143,0.8880293256808912,4.350877531265232,2.765575028612484,27.42272572567553,-12.466683456452191,18.116080378325105,1021.0487689179333,575.9581437878885,1.0,11.571104749726283,11.432170341010158,11.17439545596224,3.4956112121021716,5.231360875931123,4.440577819984456,2.904651669676452,5.155437957240256,35.15133640280183,30.123480586230492,32.866369658049585,21.9911474161153
2140,331804922303329.75,-6.493486540123402,10.803991613617926,0.2760963363711744,1.0669553673764849,4.602389601401026,2.2740388268947838,23.085144447482044,-13.74680185218927,24.658333939431465,1021.048828616317,637.4400251238349,1.0,12.608244581259036,12.605221229073699,6.499353555063871,10.807518862999226,5.243246740835566,4.7244453430067095,2.511900941955812,5.133540944543961,36.46823121557972,26.868168067891517,33.77805984407081,28.23133000465745
2141,331804955636663.06,-6.003729360072661,15.096165668726195,0.9974947400391097,0.5998780347142483,5.452897337999912,1.9705038638322263,17.90177608707758,-14.038744464955661,28.263212080693503,1021.0477409903201,692.6932876410335,1.0,16.27679267801343,16.246199067062605,6.08603006773744,15.129085023689738,5.828964617552321,5.485794658506564,2.0597910413219984,5.798014734039941,36.2818010901119,22.749943587274803,33.4556832868516,31.557812079904753
2142,331804988969996.4,-8.88856720330408,20.89703989880339,8.138501719081347,0.8435785099146594,4.61986059145732,2.599094121832257,12.295174160739666,-14.206033988850152,31.102012838269278,1021.0585360319817,728.5758124666736,1.0,24.123186225938806,22.708872791484687,12.051632136733305,22.42591105760635,5.367497260458845,4.696247074727884,2.732565636271676,5.300792595324153,36.33617910467683,18.787834077809134,33.44408034667402,34.19278585146628
2143,331805022303329.7,-10.66878520748301,13.56069113165136,2.7397234386920255,0.5335056991208865,4.787006550441529,3.773679871609644,6.135707832608609,-14.371311936769096,35.334406682818866,1021.0489051740794,748.1603960098463,1.0,17.470586890312948,17.25442904797073,11.014947222929703,13.834682088453146,6.118882236026148,4.816644064591505,3.8112055972338,6.095579667870964,38.63549938874728,15.626308501724154,35.863173398821935,38.14518190297113
2144,331805055636663.0,-10.391856734202538,20.38184242278725,7.415294865687128,0.2913230845332428,1.4706760787372786,4.725855257963674,0.7767113592251331,-14.486254694036727,35.03425893603577,1021.039069089559,755.3896846539968,1.0,24.049881182172328,22.87815960542982,12.766255689483762,21.68884732973184,4.957969865517026,1.49925223633384,4.734825979780552,4.94940360526326,37.91904738773447,14.507062266222285,35.04286774413235,37.91109170490483
2145,331805088969996.3,-15.653904128458418,12.556662715176657,9.251882174273263,-2.1068690465060533,-2.4279132004048,5.35029882443757,0.577133338754044,-14.675126811175996,35.52899992343427,1021.0288418191918,754.2063247825711,1.0,22.097778548358892,20.06774758177098,18.18356505830479,15.597022225711642,6.241743121805258,3.214601015340038,5.75018214406321,5.875411476609781,38.4447950361839,14.686470978924717,35.53368709337794,38.44046282868469
2146,331805122303329.6,-23.05898234220092,9.65665142512413,8.110867439421058,-2.344624442382408,-5.81498109562652,6.6505604860097565,0.7432916900067099,-16.55295020257778,30.121500402132195,1021.0246767632725,750.5212737724643,1.0,26.28219461963073,24.999351659678812,24.443871159818254,12.610990736901387,9.14008882322186,6.269869928340685,7.051752871016634,8.834249256194221,34.37815337421576,16.569630139066255,30.130669906460476,34.370117062423134
2147,331805155636662.94,-26.174267679564327,3.728652357673164,6.177082046200366,-3.8225310835892383,-8.332147901217763,5.819629913565232,4.605998282253803,-21.73501750823756,28.839607775844094,1020.9890262952355,759.3759280299458,1.0,27.150533688518134,26.438516164222744,26.893282268383988,7.215205541761963,10.858385002551566,9.167138732056666,6.962746312761164,10.163305612773378,36.40534552677732,22.217700291873555,29.20510566391863,36.11279500049699
2148,331805188969996.25,-19.29226070475185,0.21682985704276828,2.376810681721047,-3.2912594512843305,-9.821680827359756,4.703960268271242,6.610539517745483,-26.68921327332909,23.155133915641873,1020.977402160878,798.4572147820107,1.0,19.43933042323631,19.293479164915215,19.438121105622724,2.3866805826604565,11.376512877664629,10.358465284500145,5.741047899220393,10.890025550015972,35.946815777148174,27.495696715393855,24.080271164731165,35.33375626508671
2149,331805222303329.56,-15.180414850132996,0.660836924483401,0.5462449185190327,-3.9938996471412405,-9.96948056351382,3.338512950911392,7.551104129908108,-27.828535888068117,14.141814690858721,1020.9988130689001,885.452335939314,1.0,15.204607327185629,15.19479188613319,15.1902395811635,0.8573732861295277,11.246663764028773,10.739728911742361,5.205468577836006,10.513620281790804,32.11600077850289,28.834815471131602,16.031534434710323,31.21567446690977
2150,331805255636662.9,-14.357828645632104,-1.3188876169472425,-0.97431456438819,-5.4572789133991915,-9.60191324979612,1.2339410322759883,10.22765379876535,-29.178439646822916,4.261869337759034,1021.0088664483251,1037.3703252323462,1.0,14.451159013513399,14.418276872201844,14.3908489078203,1.6397418749656072,11.113111250517385,11.044393654485598,5.595042771039895,9.680875400899684,31.211372489892483,30.91902719120844,11.080091718010728,29.48804623021705
2151,331805288969996.2,-13.716210725067956,-3.4091487328955963,-1.014214592296526,-4.817354627282369,-8.29709785518391,-0.9589546122751639,11.971179307882917,-31.91587909486336,-4.599002217969438,1021.0000610197278,1249.1892886633686,1.0,14.169875192700184,14.133532174848327,13.753656528127218,3.55681406911169,9.642008731166971,9.594203376179614,4.911873324242255,8.352330618869278,34.395977872715115,34.08713059820994,12.824194143195584,32.24552929940558
2152,331805322303329.5,-9.952937851744256,-0.2083524574043046,0.3727532035660389,-1.6974115237500367,-7.791724498766888,-1.4730845955798524,11.181863978860614,-30.115967151173344,-12.496713013242445,1020.9486215966587,1489.5495452955897,1.0,9.962094537694306,9.955118413519248,9.959915503228544,0.4270312603020503,8.109386830789253,7.97447029874985,2.2474839502639563,7.929750871901258,34.46989114615298,32.124843338019446,16.769076246981633,32.60581717402425
2153,331805355636662.8,-15.465113268385329,1.6652040839019462,1.2450779872884021,-1.6759251163794004,-6.810980158672485,-0.7859273846543587,12.183624895727442,-30.82025587143705,-15.2107242002943,1020.9399940713464,1725.5432560210972,1.0,15.60425750362579,15.554505233051666,15.515152193852888,2.0792123113029746,7.058034965306648,7.014141124723794,1.8510556041515738,6.85617477721943,36.46498345369236,33.141045360408285,19.488633771950465,34.36938030687008
2154,331805388969996.1,-16.898378333656332,0.4921747284625039,1.664459945165488,-3.1485361790038744,-6.132637712730279,0.24552311836168272,7.671245103700954,-30.483985681401446,-20.880285189826697,1020.9092106039532,1924.2625817319758,1.0,16.98728504440257,16.90554424651046,16.98015362758671,1.7357024147005842,6.898029210415684,6.893658345617222,3.1580946268511907,6.137550563315281,37.737351444867464,31.43439810883842,22.24487156738721,36.94942073473391
2155,331805422303329.44,-33.10899689530939,20.177050997749873,10.599702592040694,-4.122779863581862,-4.922570630294209,0.8854123564908161,3.6763259084732742,-27.698630579177276,-26.310273229861462,1020.88842905351,2058.6137031892986,1.0,40.19543204667814,38.77265869629533,34.76434050076775,22.791820506609675,6.48174131347571,6.420982433692775,4.2167841828320665,5.001565420072175,38.37916082429384,27.941537326121598,26.56587754272907,38.202678091878575
2156,331805455636662.75,-22.66445598578779,27.791601331745298,8.67991694396042,-0.13813293398687695,-1.7255906077207255,2.217761812649723,-0.012506785195282552,-27.426221346352555,-28.71763532949367,1020.8653565183333,2128.220734087126,1.0,36.89704090937958,35.86154862403991,24.26970381536955,29.1155295802209,2.813398498356248,1.731110525906941,2.222059442296539,2.8100054097993064,39.710204641585314,27.42622419799708,28.71763805290155,39.71020267207041
2157,331805488969996.06,-6.852342328960364,16.535779731488596,-9.60837231608579,-2.7411666624643294,-2.921516000353441,0.23354908260991622,-1.1812065549170077,-24.92570520660175,-30.890778167617377,1020.8685320327945,2140.377810848578,1.0,20.3152018273532,17.899346544540975,11.801500496029552,19.124665484468817,4.012953474152788,4.006151571237289,2.751097934533368,2.9308362141732007,39.71053014973156,24.953677664260084,30.91335350178504,39.69295851718992
2158,331805522303329.4,-2.074021608505315,13.966206725625101,-0.9084611689989247,-4.204574921022474,-0.7200180704760402,3.4846929856221176,-2.3980672792481057,-20.583398162276495,-33.18265818077773,1020.8974716833371,2102.3797305946,1.0,14.148561680645198,14.119365989145646,2.264258670763097,13.995721917731672,5.508172246067399,4.265779681172386,5.460909765829786,3.55830173339137,39.121807352484915,20.722620649488515,33.26919792568098,39.04824047059153
2159,331805555636662.7,-1.1643365788201288,10.262741973004983,1.421740860333611,-4.283011843367748,-0.046773689066934354,2.118345055637655,-5.919101324620097,-14.284154817317399,-35.01538630441623,1020.9193516931524,2021.813547996425,1.0,10.425972354998786,10.328579402476256,1.8376688338002358,10.360753827710624,4.778468792737044,4.283267237567291,4.778239866851903,2.1188613811982675,38.277279388479414,15.461980446767202,35.512153392023684,37.816852815809405
2160,331805588969996.0,-2.353454103059385,4.342624409989076,2.9003301600438154,-2.177821767913486,0.3154173395438873,1.6887784700455377,-5.833511873715481,-12.558758969492468,-37.15089055527202,1020.9347725474962,1914.7385160478689,1.0,5.727918297139007,4.939345400095039,3.7350584001414004,5.222097452508212,2.7738724685486376,2.2005444214745506,2.7558810521659254,1.7179816119430065,39.647710610883784,13.847465025577318,37.60609697682783,39.21620960653397
2161,331805622303329.3,-1.749923801698095,6.507813842453334,7.001542215995321,0.804122614819448,0.6285432143433896,1.1165295555038415,-4.104716210360241,-12.19954771028101,-37.23724386204941,1020.9487857147087,1806.7902505551963,1.0,9.717791298548319,6.738981697539825,7.216912547212567,9.558934794755736,1.512718744603501,1.0206271365984674,1.3759547332589368,1.2812902952144474,39.39911153750492,12.871583410871281,37.462795218847866,39.184707409615285
2162,331805655636662.6,-2.1339750432147606,8.003036983768693,8.851123861972273,-0.015479244850853174,0.5384394612518351,1.1569114696715523,-6.0548208716861565,-12.179736481587314,-38.876214041573064,1020.9466581684648,1724.1184972552,1.0,12.122080847305378,8.282659624096171,9.104737399015876,11.932769778368494,1.2761664503942698,0.5386619166548894,1.1570150196426767,1.27607256928858,41.18697433358413,13.601721822957387,39.34489641610979,40.739489429386715
2163,331805688969995.94,-0.0953865223551459,5.071028640098424,6.949911226472659,-1.1158615765914002,0.4605720597324657,0.7510402192296142,-4.083722008590412,-10.36802689602899,-37.49345130970905,1020.9489495497254,1692.8730018846727,1.0,8.603818693649709,5.071925675455574,6.950565778733247,8.603289924473613,1.4217366462252137,1.2071759110913585,1.345068202365037,0.8810153421516976,39.11434082627176,11.143283499948579,37.715191588496126,38.900576767321894
2164,331805722303329.25,0.3719546307912447,3.7868233923631855,6.256631704841574,-1.3042056294088924,0.7772584457540056,0.7632070210593738,-4.470988499216483,-9.688322246654057,-38.866883163719606,1020.9485705163054,1732.7540281335278,1.0,7.3228288210461985,3.805046865981558,6.267678241374219,7.31337621724589,1.6992845471762816,1.5182499844484694,1.5111046557985879,1.0893188920101662,40.30493683132835,10.670207407315846,39.12319446341718,40.05618797161361
2165,331805755636662.56,-0.9793621112445783,4.691668257604909,7.219233289854397,-1.2188988944724732,1.2009735102834749,0.5368914448881251,-4.841146111766334,-9.116444830110591,-39.45397192018221,1020.9601216053163,1835.287876504829,1.0,8.66534652957981,4.792796801905848,7.285360625136095,8.609824640070169,1.7934057853544711,1.7111551324613525,1.3319035019626144,1.3155188314869044,40.78188522241764,10.322124878915215,39.74987542060977,40.49352376144828
2166,331805788969995.9,-2.2238044499146468,2.8721849074900145,7.45639427712054,-1.0319522251323174,1.2170244625921294,0.16726448918194467,-2.3064469517235824,-6.677257144675268,-39.74375436793631,1020.9692907056835,1984.3096400629186,1.0,8.294128525056117,3.632458172405239,7.780946076624367,7.990448157562214,1.6043850369672796,1.5956421708839368,1.0454199176870689,1.2284648761315717,40.366712422193714,7.064379697979994,39.81062306470437,40.30076642242643
2167,331805822303329.2,-1.252428056094547,3.5394904222074803,7.675413173611922,-0.6140598877797413,1.237185692197998,0.06838172557860148,-1.867906442921756,-5.722112325090018,-39.74793525200603,1020.9758120185176,2163.6542335051554,1.0,8.544503254739077,3.7545397167417542,7.776923776233646,8.45221626761608,1.382886128049817,1.3811944044049367,0.6178556515669138,1.2390740483815108,40.20111939658048,6.019272708596588,39.79180105596092,40.15770070931117
2168,331805855636662.5,-1.9757612896597398,2.154001989858698,6.918667400667657,0.06567828145536936,1.2482444344793429,-0.182412290394021,0.29334588649056487,-5.998409056659107,-38.61728190433519,1020.9887059288153,2357.0274164861266,1.0,7.510746690382689,2.922902195769326,7.195247825806924,7.246218543031709,1.2632110071363287,1.2499711216118496,0.19387594059532853,1.261502442286755,39.0814716291368,6.005577659154109,38.61839605017297,39.080370685165
2169,331805888969995.8,-3.4115795722235065,3.6750412220171214,6.790393757308595,1.7712444275761796,1.171638489541554,-0.4004505138019417,0.5429779019749092,-7.5724959422088665,-37.85098298536981,1020.9988609146421,2544.9088965487326,1.0,8.441223284597639,5.014459408663891,7.599231708331327,7.721099362320151,2.161111794053959,2.1236863168544646,1.8159480819186178,1.2381830899263053,38.60484986054936,7.591937815657003,37.85487733384944,38.60103117474357
2170,331805922303329.1,-3.6658390406063983,5.227165425397889,6.393094596805659,2.3294425983771205,1.1382343152691548,-0.438547576311835,3.7485525474020207,-10.276316525821187,-36.602889891173035,1020.9883072409559,2704.40366582059,1.0,9.035114430919778,6.3844838676363755,7.369534204774393,8.2580213676268,2.629487431473894,2.5926589007407417,2.3703642749212483,1.2197956112173984,38.20243285348247,10.938662054360204,36.794336447148645,38.01807767002696
2171,331805955636662.44,-3.3659348056815164,6.44544956109838,5.627610592783082,2.2432374440146265,1.1721811137212241,-0.6691162650517977,4.985099968964344,-13.815808085531987,-37.93394290811813,1020.988749711881,2812.457809806741,1.0,9.194745137564494,7.271405446044222,6.557401779676354,8.55650752519202,2.617983836800921,2.5310319621834103,2.340903843900074,1.3497129841272169,40.67814891699455,14.68767424600707,38.26009992481637,40.37153177193821
2172,331805988969995.75,-4.639360463790363,5.503227239623471,4.903599941791391,2.2816879185279535,1.4795829189875365,-0.60964678465661,5.422715771641511,-15.583172607587766,-35.74326690821241,1020.9899440902138,2846.0174140122263,1.0,8.709447052083814,7.197859095864193,6.750478346170564,7.3709431174084035,2.7869220609407517,2.719423720518026,2.3617300776334638,1.600260858798284,39.36778180352045,16.49973075107237,36.15227483315154,38.99251720252985
2173,331806022303329.06,-6.267700259589348,5.43476201151689,4.5829366010812995,2.8259256278129667,1.518267685592376,-0.8918700374947,9.337454653294438,-17.099586262399164,-34.501538798952446,1020.9882320001191,2790.897541974914,1.0,9.477553089031689,8.29582453200907,7.764494473794607,7.109145237745373,3.329628294994043,3.207957671018142,2.9633237787509668,1.7608432437030923,39.62246949955519,19.482913276703773,35.74275085801247,38.5065193160957
2174,331806055636662.4,-8.59285226581412,3.984179373890805,2.9895399552065505,2.8889862909319195,1.1170066485432675,-1.4686044329510552,9.8773593312358,-19.85668750325665,-31.7730403596199,1020.9882159642822,2668.551452138122,1.0,9.9321772280412,9.471578292208948,9.098046999542442,4.981067599131065,3.427935912844043,3.09740950506749,3.2408395161865173,1.8451294895950672,38.74759811464931,22.177697490053827,33.272936766272764,37.467507687275166
2175,331806088969995.7,-8.539368573039924,7.039573110684027,1.096764691124886,3.1136749223885882,0.8359415576095296,-1.4478590900010622,13.493880350249423,-21.60167645021563,-28.057617478755326,1021.0087107819404,2509.3827077809406,1.0,11.121119457796762,11.066905855156062,8.609512669943646,7.124498745060165,3.534128712221576,3.223937004665294,3.4338415028667653,1.6718535319331504,37.8938930561483,25.469928000813983,31.133819320652,35.40991844164509
2176,331806122303329.0,-10.427186272766733,9.07700113891562,1.767153168653607,0.08841250609747425,0.8839886543857383,-1.14307784975294,14.413035759714244,-21.015159864487284,-27.930561684682964,1021.0188299745785,2343.7948722138344,1.0,13.937036756941303,13.824549296192279,10.575870833574768,9.247420180642704,1.4477153321399028,0.8883989601058435,1.1464919283755297,1.4450131181683137,37.80858130058094,25.48278917113978,31.430110973916104,34.95358665647686
2177,331806155636662.3,-11.80698347525724,1.8643699073767173,4.6312667097287585,-2.8332107817354855,0.8117917441087512,-2.323496745199945,16.365212666463083,-18.34574840034253,-28.476634002459164,1021.0196254437197,2201.448809900345,1.0,12.819101578237504,11.953272938259605,12.682802928439731,4.992444940925609,3.752962335875497,2.947217190765779,3.664112506282652,2.461227937586819,37.620544308891226,24.58427688558755,32.84416035962219,33.87455045426705
2178,331806188969995.6,-14.90610999461812,-0.5503420485712355,6.209716682049842,-4.267071162137784,0.7030064688086526,-2.447176982863159,17.213196390646342,-15.772271268730686,-31.279562317394134,1021.0185213671089,2095.9453857969193,1.0,16.157214265256492,14.916266005340606,16.147838754551096,6.234056275151331,4.968982751367722,4.324594131006366,4.919001066090872,2.5461526428401826,39.0316498463123,23.34649161988558,35.703013160666195,35.031065638118555
2179,331806222303328.94,-15.313447253657158,0.8753809947036811,9.439935578745676,-3.3355261193276022,0.7625325652044223,-2.5933183722178024,20.06215592105143,-10.204406197873102,-29.655492414227876,1021.0186816795344,2025.373562632799,1.0,18.01056196811462,15.338447075125575,17.989275986581795,9.48043646762937,4.2933076509139525,3.4215771810254245,4.225048481662553,2.7031011991191947,37.22993736742109,22.50822085487367,35.80416638508577,31.362049298180725
2180,331806255636662.25,-17.412075876431476,-0.703704237185861,9.4699714436623,-5.090575913473097,0.5743111134489518,-3.3128779050829946,19.764287852949593,-2.96455508048076,-30.70816692715709,1020.997336029898,1987.189265182274,1.0,19.833203097932007,17.42629008079575,19.82071505951252,9.49608123370966,6.100734086964496,5.122869936457827,6.073641670762241,3.3622898847389804,36.63887521725523,19.985386189900236,36.51874300082624,30.850933581519847
2181,331806288969995.56,-17.873048065620548,0.6822167892748475,8.036683668323779,-4.159346048600818,0.7307538188051227,-2.5467608579329664,22.833597512750774,3.578806272783058,-30.073657905039422,1020.9898667701267,1978.848418219634,1.0,19.608660109458093,17.886063482598704,19.596788806860285,8.065587649531224,4.931546569100708,4.223051112135574,4.877104716890001,2.6495267523083683,37.92895898257359,23.112356645578352,37.75974146049783,30.28585072484264
2182,331806322303328.9,-14.565834217907149,-2.986959734095665,6.722456456663605,-3.170535399596578,1.3302102245531788,-2.3105824306297227,20.52718923923606,5.891751106334745,-27.855197215607177,1021.0099550061441,1993.379931395294,1.0,16.317992392705722,14.868942629409249,16.042286223456212,7.356177625971727,4.142528832770583,3.438277760972905,3.923147446735821,2.6661302312978967,35.09971853281412,21.355988133598625,34.60169807948417,28.47147244206675
2183,331806355636662.2,-13.180500103876117,-1.829682540290643,1.5006347051356759,-0.11316207854033516,2.3406824994867494,-0.73167379375938,24.642818454377405,9.710005506217717,-24.752182452898605,1021.0090368250565,2004.7273163516884,1.0,13.391236899733363,13.306889989269571,13.265650662765697,2.366356422118624,2.4549840651004944,2.343416356395744,0.7403730117270704,2.452374584739815,36.25221709754817,26.486840285435747,34.92762570741082,26.588620556778796
2184,331806388969995.5,-11.985243253816138,4.115201452688061,4.259238633130285,1.69183027254535,3.586935660824648,0.1539481218948788,27.668346700670533,7.747887180979393,-21.03975017399219,1021.0204829331508,1981.6920339915705,1.0,13.368696742139853,12.672053458273886,12.719558545291374,5.922499196298423,3.9688911713766335,3.9659043238581067,1.6988200891606602,3.5902377998024746,35.61233286800649,28.732684610347338,34.759293671369534,22.420991127806754
2185,331806422303328.8,-15.779566788435924,5.155485491882422,8.02598892395518,1.5269620320016895,4.45365686755074,0.81658037006811,29.469267990463067,6.528756947795002,-18.952659028786666,1021.0186278540242,1893.075470964435,1.0,18.438824715669146,16.600414413131986,17.70342413879759,9.539157660111368,4.778438661512479,4.708149587795252,1.7315936440040718,4.527898297738416,35.64078713270179,30.183810613922038,35.037708831417326,20.045646698094583
2186,331806455636662.1,-16.441294821592535,5.510478494598022,10.749214851726075,0.70331710497538,4.511598908420192,0.9156945158474592,31.880784226349363,5.483967487951559,-12.881009138161161,1021.0141322136703,1709.2284215179136,1.0,20.401646222266507,17.340171528850366,19.64336517349036,12.079362283166926,4.6570029103450565,4.5660901940948575,1.1546217547335849,4.603587856966714,34.81922886442702,32.34900774824409,34.38465936001748,13.999796278028516
2187,331806488969995.44,-15.474201015316174,4.047916685547571,9.588684116338714,-1.2401427959643074,4.602723362798265,0.9871847890026798,34.101272864428275,3.9091225932801814,-8.747016948950511,1021.0099528953529,1440.4724390006597,1.0,18.648844190417616,15.994890639061792,18.204223689719328,10.408097452275356,4.868012974147605,4.766866529370331,1.5850829511481206,4.707398024608419,35.42158037028717,34.32459832865471,35.20521433650731,9.580790413870929
2188,331806522303328.75,-16.15160377378558,1.149263695703434,7.86957138017237,-3.3227025353312656,4.728637655117009,1.725839622735842,35.112259085238016,3.2482278949955745,2.030905852029642,1020.9980230538014,1139.667274421078,1.0,18.00347925305702,16.19243994917463,17.966759812859767,7.953047261892134,6.031491408855051,5.779304993828177,3.744178753972867,5.033739810200312,35.320621471125264,35.26218544739828,35.170944210366144,3.830869749500187
2189,331806555636662.06,-11.433468301807785,1.8021466213714998,4.9363506906177905,-3.9858689681778894,4.451099096443734,2.2818855654912706,36.02921186015379,0.5397514911645411,4.592264453215392,1020.998926062581,861.7361980267161,1.0,12.583301951162376,11.574624393619178,12.453584044330617,5.255025269747373,6.39581396945245,5.974900383926555,4.592837158606964,5.001928118271957,36.32470690514001,36.0332546259155,36.320696580215966,4.623875482804441
2190,331806588969995.4,-11.164508580568944,2.5517449822307197,2.842457182360618,-4.033268344839287,4.43114788553325,2.641814417659836,33.9008575612405,-2.688199935281654,8.095547049153804,1020.9988439143842,661.6024800651237,1.0,11.799882081338385,11.452408231456703,11.520669020467128,3.8198122058411617,6.548397402594303,5.991854898522529,4.821455896183021,5.158900561245697,34.95758064146642,34.00727219698113,34.854067559075226,8.53019934802881
2191,331806622303328.7,-11.929034389889907,2.41710930303583,-0.08608959404950325,-4.542213936022947,4.33195086534427,2.4892808728448443,33.01112436941747,-9.692634470333713,13.401137579503079,1020.9876371648753,579.5240157856042,1.0,12.171757895891703,12.171453440653602,11.929345032036741,2.418641933198456,6.752334781708416,6.276743243144333,5.179597156585855,4.996230335329643,36.922513234250715,34.40467257668134,35.6275851070195,16.538973710610673
2192,331806655636662.0,-13.013659538416903,1.4899142470201026,-0.8203783136590954,-3.682585879112244,4.28527358511795,2.6053210307064454,30.27452128700017,-12.436316823398311,17.094253533570285,1020.9692625298912,592.4301041424415,1.0,13.124336159319634,13.098670888502495,13.039492135790848,1.700842450374408,6.221953562136882,5.65022198292656,4.511001710272143,5.015103924381921,36.924546295911966,32.72932347741038,34.767228003207364,21.13942950985007
2193,331806688969995.3,-8.306332501078725,-0.1910486826427611,0.4949535807065884,-1.82043698576708,3.52487757424736,3.0155571630469473,26.998336202930613,-14.578814856664692,18.266737155772784,1020.9679528553991,660.1597652322483,1.0,8.323258872861672,8.308529305335346,8.321065957287624,0.5305456117939416,4.983205568324915,3.9672096910272696,3.5224389026287573,4.638787224807332,35.708902064743896,30.683089811024264,32.59729810957595,23.371254329688792
2194,331806722303328.6,-6.063278091882141,5.250327713722292,-1.3028658673290305,1.0662610043431215,4.1240837603944565,2.902073473527027,23.52938310387307,-18.126669527464937,21.55127281539752,1020.9788849730894,742.5517561276478,1.0,8.125684081308435,8.02055374154293,6.201677247950667,5.40956565444319,5.154319531992686,4.25969240581196,3.0917540288858727,5.042826321468795,36.69693961859007,29.70198675857818,31.90751054552078,28.1608506285165
2195,331806755636661.94,-4.836320517957642,15.325780059251063,1.4967296100294307,1.9636232886757785,4.709105379712084,2.019032371086566,17.33482291057596,-17.698587448792555,27.382044998114257,1020.9785375698884,800.3438241292691,1.0,16.14031381672904,16.070766334464437,5.062627349307563,15.398692605220624,5.487074048393972,5.10210641765371,2.81643535969234,5.123686679796954,36.925769745563066,24.773697403165045,32.40790757854914,32.60393206288639
2196,331806788969995.25,-6.064680479691759,17.72546957426329,6.300799630897267,-0.20529470250903367,4.933725543060894,2.377889872464174,10.844499258089506,-19.50208199936676,32.43908482213251,1020.9661065930756,819.4178784453309,1.0,19.765441986902367,18.73426328812766,8.745308760099292,18.812026674892014,5.480707426482231,4.937994901691352,2.3867354609269036,5.476861143010583,39.37294236612545,22.31444300153443,34.2037627792062,37.850038657939734
2197,331806822303328.56,-5.5983008360337525,19.921237453748684,-0.878983010648727,1.4258150360881925,4.945977820579328,3.4066581982672512,5.001293411303786,-18.06543176344419,33.26154298320333,1020.9607173065443,813.5649207552185,1.0,20.71157369859627,20.692913616486578,5.666884804171098,19.940619669951296,6.172597929447478,5.147392069659918,3.6930026532561073,6.005665382077503,38.17987692763154,18.74493959941213,33.63544525362245,37.85089254460376
2198,331806855636661.9,-8.909036641249925,21.87802176597559,7.79565088586979,0.6747314524698731,2.682245141975334,4.410676822590474,-1.9097628394694195,-17.139460584809534,34.693040227808396,1020.9269598366963,798.0298165167509,1.0,24.875508899357172,23.622420923089898,11.838205379596022,23.22541730791643,5.206128270407788,2.7658093814654663,4.461987513013558,5.162219390435386,38.742939272718964,17.24552994956252,34.745564239933564,38.69584149991535
2199,331806888969995.2,-11.21300223727883,18.514667388678678,10.081284297673792,-1.9931069705574032,-0.562156244736375,5.122495020341407,-4.9223212593764485,-18.78794516523475,33.77437951364542,1020.9289225068452,788.0574311877472,1.0,23.87795260857065,21.645422788354626,15.078584557701172,21.081394678813968,5.525255674898956,2.070868184984407,5.49658354157444,5.153248963219088,38.96055494527932,19.422052675048977,34.131187469999645,38.648358245385005
2200,331806922303328.5,-14.419475003203322,8.30112745910879,6.667613239929715,-2.6971773187050423,-4.3770878784411815,5.31619829987676,-5.795803911272419,-19.272122023741424,31.87202488092001,1020.9111837082877,795.2765923321522,1.0,17.924481659943794,16.638208330838253,15.886419536361599,10.647336916321187,7.395649271547847,5.1413678903705815,5.961269147769582,6.886280756635564,37.6939252438093,20.12476162034969,32.394711188524354,37.24567971333002
2201,331806955636661.8,-20.665333055956808,7.831345488784141,7.137383919200003,-2.0048901938105286,-6.669182026598363,5.435100020766133,-1.67792141883385,-22.242385903482273,31.591888290674053,1020.8987725509012,815.3713501481823,1.0,23.223440995863978,22.099456157976395,21.863170847881968,10.595858689825686,8.83390546864026,6.964019930553062,5.7930904468141735,8.603388933416568,38.67281418176904,22.305585645017445,31.63641613802375,38.63639652516595
2202,331806988969995.1,-20.17208185679872,4.1623204008350685,5.823518314901891,-2.874728734474992,-8.67505951312099,5.41708415950136,-0.24309861866685764,-23.693184498880694,29.470672825283607,1020.8917979909354,839.6322816468213,1.0,21.404465962050857,20.597033707711308,20.9958627353435,7.158091692847024,10.623818694053835,9.138967274971892,6.1326067938468665,10.227485436181835,37.814635333575644,23.694431595554217,29.471675448018008,37.81385392250981
2203,331807022303328.44,-17.35785850918553,1.3397057632540912,1.9314412885738972,-4.038223939262694,-9.536937498582772,4.314558090693058,3.4469258933981237,-26.353462142408933,22.75078028652049,1020.8890241343037,859.3498272147831,1.0,17.516293243954575,17.409482001397993,17.46498547025197,2.350590773253444,11.219440313735506,10.356661114254367,5.909540092223695,10.467501534264953,34.98548654301507,26.57792815487993,23.010417244372338,34.815269215344436
2204,331807055636661.75,-16.378069236155625,1.5404168232078197,-0.2824654020857182,-4.65215163447529,-9.74250428964276,2.71383418749344,7.027996839474595,-31.54423545910752,15.995041906243644,1020.8992430916842,866.5050304645132,1.0,16.4527755286731,16.450350631324824,16.380504833724835,1.5661004733404296,11.132106748547953,10.796244933487694,5.385852841227589,10.113421074538316,36.0592969407027,32.31766591626445,17.470950322124875,35.36778415849806
2205,331807088969995.06,-15.164046961584056,1.3166260003822845,-1.5100727800141287,-5.239547557053453,-9.410716349464415,0.6834322579921409,8.073098035525021,-34.4229352621846,4.956257073074822,1020.9089506595838,871.7427685083906,1.0,15.295821131241986,15.221097998436555,15.239049840920734,2.0034529756952746,10.792660490535496,10.770999991305434,5.283932082634015,9.43550008538716,35.70263110934759,35.35694251424676,9.473087989964105,34.77790902626201
2206,331807122303328.4,-11.14351281879973,-0.08062768016885012,-3.326793022747049,-4.939092645428141,-8.21690681271226,-1.5767787386661596,11.797653816879778,-34.85834682868512,-4.172712681029683,1020.9088760027482,906.0607535072019,1.0,11.62978635150972,11.143804501406299,11.62950685794339,3.3277699197822943,9.715885184563943,9.587084735670144,5.1846762050133846,8.366826683964883,37.03647540371878,36.80066547240471,12.513839007329603,35.10720545340127
2207,331807155636661.7,-10.854745565074824,-0.02503956896517692,-2.081136649847178,-3.543032420583995,-7.488007731501731,-1.6291768600005112,12.674727632547187,-32.34998999221915,-12.45463880468361,1020.9198132970861,1001.4858961099216,1.0,11.052477460635812,10.854774445492891,11.052449096822327,2.081287278429169,8.442603612719248,8.283920480083024,3.899653314651241,7.6631897424108475,36.90919398755634,34.74436030575228,17.769826907271383,34.664677702984775
2208,331807188969995.0,-14.533696923158379,0.42635274976015397,0.4879561584601944,-1.6015897489445587,-6.830464244422954,-1.2877320480866683,12.204903319875031,-32.28713537393501,-19.239541686275228,1020.8996079469073,1190.0451069655242,1.0,14.548134730405497,14.539949206288561,14.541885966641416,0.6479798452168669,7.132922637035552,7.015720313571852,2.0550775050089425,6.950791006929349,39.5168159142437,34.51693462204171,22.784196921230706,37.58482506215411
2209,331807222303328.3,-32.34686092393202,11.025387523324595,4.190987623287477,-1.463772704824486,-5.924256396054645,0.2097928454325978,9.428180564350544,-31.751130799712147,-22.977314563160835,1020.8791293587893,1489.6540097009943,1.0,34.430262254740825,34.17423856754795,32.61723147188843,11.795064531321161,6.106018130957217,6.1024129963141265,1.478730391039522,5.927969878819314,40.311063994254354,33.12136615259743,24.83641627305438,39.19300054339897
2210,331807255636661.6,-17.475264869300947,16.9410709244734,2.4576606806437367,-2.6372090303256694,-4.194273676450327,1.7418752990364972,8.886594487575081,-30.096557374806242,-25.442831747942897,1020.8781205900766,1856.0735061518737,1.0,24.462723935437854,24.338955736026595,17.64723712861042,17.118410559664127,5.2517552018338485,4.954473043886241,3.1605380913738004,4.5415923672603675,40.399406118849505,31.381114183559575,26.950125211967585,39.40990298350321
2211,331807288969994.94,-25.669321399128474,24.876330669381044,3.8814968084921992,-3.6099092596334796,-1.1311846045572975,2.952917807382467,3.042224029843252,-28.832349787353863,-29.108332168480146,1020.8685667394226,2227.956935237917,1.0,35.95569365397473,35.74557159515208,25.961126296177717,25.177327996567133,4.799036054202079,3.782991339188472,4.663814794773053,3.162167324279967,41.08350670206544,28.992404545123193,29.26687767217972,40.97071388065993
2212,331807322303328.25,-6.7177904634600685,18.465266244044198,-8.217828845284838,-3.529816331894012,-2.1042163526468283,1.325682912795145,1.9965116443400954,-26.26124871055503,-33.97813896341563,1020.8791813904012,2543.957121137599,1.0,21.298532275835083,19.64929429201958,10.614208385053997,20.211352463252766,4.317958427420191,4.109419642194263,3.7705488356713692,2.4869985211140238,42.99015201183635,26.33703177246088,34.03674464697188,42.94376684985624
2213,331807355636661.56,-2.427204781855452,14.563956119807722,0.369376166434386,-3.528864427701064,-0.4164502502594172,2.721629841501351,-2.1803358078625275,-22.737868446112255,-35.50594482254543,1020.9088361797244,2744.2430523987077,1.0,14.769447507103186,14.764827832140366,2.455150057611904,14.568639490769705,4.475889180284266,3.5533526366004105,4.456473173176815,2.753307066981778,42.21891333809287,22.84216552141576,35.57282645470681,42.16257557614748
2214,331807388969994.9,-0.19705813563476002,7.130837423381637,-0.4602876675585853,-5.013442540555556,0.6541398625858985,2.4342036559412854,-3.4454183063516175,-17.6661318055785,-38.39779043281521,1020.9273995511251,2809.509379185061,1.0,7.14839415564268,7.13355971920891,0.5006961610861124,7.145677511307558,5.611403791020031,5.055937605160496,5.573145749578964,2.5205646983209573,42.40699742259773,17.998975534119023,38.5520585368426,42.26680166625419
2215,331807422303328.2,-2.6127064621876546,4.823503252634435,4.772194365706407,-2.8539669130333087,0.8366436662723857,1.3375993028683564,-2.487949346890144,-14.050946232130798,-41.65918055293832,1020.9300306849402,2764.3910083922924,1.0,7.2709186317694465,5.485655720671149,5.44059501540384,6.785279853643102,3.2610231001997647,2.9740712441033708,3.1518723063796203,1.5777022911017187,44.03528478746601,14.26951232421493,41.73340647844368,43.96494529008929
2216,331807455636661.5,-3.9776699284496315,5.984870943636368,6.001941120589375,-1.0495364007037957,0.9012404755498671,1.344333567506321,-3.724469136641456,-13.505772653880584,-40.2984430921688,1020.9498109414724,2635.7233315822505,1.0,9.3628967465575,7.186135141484285,7.200357996288389,8.475964690051777,1.928987763542294,1.383387527474362,1.7055085450171603,1.6184767948579377,42.66429515392081,14.009909540325497,40.47018885553368,42.50141657205176
2217,331807488969994.8,-1.7867902532532756,7.064008349494106,6.132798240328345,-1.917527439152357,0.9341143900808788,1.2464695511507384,-2.3886499547433484,-11.00377506117217,-40.6277003229539,1020.9479180439752,2450.3417403167837,1.0,9.523867262169176,7.286482921879619,6.38778785384231,9.354754310953169,2.470458968613786,2.132951282532812,2.287050026092153,1.5576443867911878,42.15920715258908,11.26004947605338,40.69785844658222,42.09148487673752
2218,331807522303328.1,-0.6393979750748254,4.107974965872335,5.413551840698786,-1.7589501322839185,1.0922019329875308,1.15443988798066,-1.4751764173635098,-7.305639771347915,-41.39064620583653,1020.9587903296042,2237.871648644407,1.0,6.8257476969704065,4.1574376833289515,5.451180908983209,6.795734092220429,2.37055733641777,2.070461453464737,2.1039574669708543,1.589225131119722,42.056320705308686,7.453087811843213,41.41692575263253,42.03044094231502
2219,331807555636661.44,-1.3762375812837815,2.6893232002143708,5.870073763323135,-1.333392189899185,1.29981082037458,0.9969314787146496,0.7699221308662356,-5.901079846503051,-39.12775699241997,1020.9800350756564,2040.7315874727321,1.0,6.601837255052849,3.0210079700902974,6.029245049505988,6.456796826760611,2.1121825854076066,1.8621071131508475,1.6648745013773025,1.6381027263315986,39.577732258181136,5.951094306293766,39.13533118992948,39.57024274139185
2220,331807588969994.75,-2.1521245004718357,3.187231926710243,6.707338940653266,-0.4170477002631427,1.3275790639645213,0.3863061213762005,0.47993112425731577,-5.233921573710306,-40.792964471615484,1020.9789513780453,1905.0046500706635,1.0,7.731654602022513,3.845788244322903,7.044149028117934,7.4260920422147185,1.4441701336007522,1.3915440903441365,0.5684726938978687,1.382641888013537,41.13016191684959,5.255879462447846,40.79578757992685,41.12736176102514
2221,331807622303328.06,-2.964205796182398,3.774566797796193,6.622637414538489,0.15611011272233588,1.4428028033222349,0.1674110449800485,2.5984282844806303,-7.153534107494438,-40.66139930385821,1020.9950109352271,1876.7742312258551,1.0,8.178826128338454,4.7993614693151345,7.255745470078617,7.622773828172423,1.4608479573692779,1.451223723816793,0.22890352831595287,1.4524828354427501,41.36755096841576,7.6108396236338605,40.74433976514272,41.28586251460525
2222,331807655636661.4,-3.7217288584871757,5.175624123890607,6.6889433455013645,0.6059342187906541,1.6259960188688154,0.05277374979950035,4.82551749759063,-5.866821129045061,-38.980676333335715,1020.9988390034873,1999.732414798486,1.0,9.24014685203767,6.3748216263590205,7.65462139987493,8.457484741406597,1.7360312207868203,1.7352288986985773,0.6082280379671268,1.62685221272405,39.71395644712375,7.596394492110247,39.27822229332474,39.41969961281401
2223,331807688969994.7,-5.214677146009579,2.6516189954858422,6.095417924754366,0.44982840009286906,1.8538346543885873,-0.17511053013923858,8.061447523368589,-7.374269116399691,-39.97798853920194,1020.9988395577699,2254.351335709931,1.0,8.448553764506253,5.850123164031331,8.021656774914483,6.647195120848957,1.9156492928267972,1.907629029801697,0.4827103554884186,1.8620866315984599,41.44401463195468,10.925510568074694,40.7826740640261,40.65242197756055
2224,331807722303328.0,-6.022399210639911,1.749650324335795,5.5135715938793375,1.9306160862011248,1.9191678679911985,-0.5869909398761797,8.949255184171236,-8.030929052777006,-38.63825295702848,1020.9981857082197,2552.9485049703035,1.0,8.350451498607589,6.271408813796512,8.165094241535082,5.784526599323534,2.7847876294836476,2.7222203764259114,2.0178792916810635,2.0069289147916036,40.46602996802965,12.02434987024885,39.66111143075463,39.464039491948334
2225,331807755636661.3,-7.86713229037897,2.520331948204113,4.420214759023595,3.5622684505337974,1.9078950644827248,-1.1595424039340316,11.890245212183721,-10.804214027259945,-36.14252408468418,1020.997971937476,2804.461439657829,1.0,9.369212459932363,8.260983210457567,9.023861091030462,5.0882582132816685,4.204088328908792,4.041017209904704,3.7462374591301035,2.2326222617358837,39.55238322989747,16.06577019481788,38.048127134168304,37.72284570335086
2226,331807788969994.6,-9.498934050570478,2.927835932941726,3.091219782256587,4.233105472102778,1.8894401192581682,-2.193470241358042,13.711391055420055,-14.021259780041404,-35.30932901679386,1020.9879663637839,2917.8276568507335,1.0,10.40949619768058,9.939918075482916,9.989263628481417,4.257682819614351,5.128399126621495,4.635640829724495,4.767650746192489,2.89504674642494,40.38993297976936,19.611169534070626,37.878106609106716,37.99137325019468
2227,331807822303327.94,-11.669600663738908,3.363183926049327,2.2958930640263797,3.5506601901112416,1.8416566517615423,-3.1843906183987456,20.006000054324623,-17.166425387590778,-30.62295147304207,1020.9987981495522,2829.7236192468704,1.0,12.359680850775094,12.144570217655795,11.893305033193254,4.072116290318954,5.112653970215888,3.999860873657774,4.769437220069758,3.678592507131427,40.40657564904068,26.36145289549417,36.57875332886464,35.106286011311575
2228,331807855636661.25,-17.050770381528007,5.854281142140386,9.40185894474319,2.596191122587838,0.9852161656237678,-3.6091146048659173,21.504469230172383,-16.140976243392966,-28.18827775533244,1020.981916835702,2592.531981498691,1.0,20.332150154660496,18.027794604299586,19.47109966644001,11.075538781841182,4.553742139061759,2.7768433945777886,4.445887602724608,3.7411708226253,38.95577381817715,26.888163026901015,35.45449477405087,32.48245860309139
2229,331807888969994.56,-16.84487367365556,3.488565104768161,11.328832418271391,-2.5864395027958973,-0.2010205664621066,-4.736862733150348,22.372306645474193,-11.913098942806652,-29.205620333956958,1020.9785455905352,2288.799955745756,1.0,20.597628492933282,17.202321226265376,20.300054508367484,11.853798144539281,5.400735794544334,2.594239497379499,5.3969934087723015,4.7411262186161345,38.670535167637254,25.346440204893266,36.78978613325129,31.541879866494025
2230,331807922303327.9,-11.560883158387627,-1.5689803804922415,8.291308536899477,-4.6534048177376635,-0.6653678824425888,-4.175277992173218,23.6772428470823,-3.695965758738707,-29.20432445593446,1020.999353513801,2001.0748330589004,1.0,14.312984178371833,11.666864138930404,14.22672895137715,8.438453453591583,6.287275811403238,4.700733008449877,6.251969506457154,4.22796177027562,37.777831576957546,23.963972786862346,37.596600853896376,29.437267702985967
2231,331807955636661.2,-12.241400065131637,-4.891901947116736,9.23651365914164,-4.6248552281643125,-0.4659918551097813,-4.0569998093328055,24.426008697712227,4.9796703837829766,-27.91018036507563,1020.9993649586796,1809.086894795066,1.0,16.096451931724562,13.182662106524969,15.335092439568628,10.451980158597442,6.169739195738654,4.648272183350221,6.15211616717412,4.0836743089961365,37.42198800228138,24.928437938062597,37.08919072872535,28.350930939603703
2232,331807988969994.5,-14.907572078573176,-5.384943560039872,13.119300906834997,-5.128484392335719,-0.400760909769567,-4.221821093471807,21.90106436158229,11.037159419002771,-27.30668363185258,1020.9888241218421,1727.7579958935132,1.0,20.575455735092504,15.85034139766931,19.858292010188997,14.181455264848402,6.654752798903494,5.14411911499242,6.64267457487679,4.240799765620019,36.70327613688916,24.524997618973412,35.00445101898122,29.452909177372735
2233,331808022303327.8,-15.31911387913838,-4.43970562453495,11.680893819886192,-5.4053413885437545,-0.6032418071843577,-3.950349465290717,20.003085783865764,18.540725511268874,-22.84003798202422,1020.9788007211623,1707.1920062136721,1.0,19.769408602838702,15.949490150927629,19.264436936320397,12.496170071825315,6.722118498104733,5.438898436690942,6.694996372263899,3.996143337751751,35.57455942638247,27.274199224925177,30.36100749146842,29.41812090369685
2234,331808055636661.1,-15.673599795084433,-6.5057125993469365,7.103328553569836,-5.048992353464299,-0.5193630396930045,-3.2209198721538486,16.13163352821556,23.879357822000898,-18.19454039520744,1020.9689371909365,1694.6738741686365,1.0,18.39682862619894,16.970151058896686,17.208108759431738,9.632319189336595,6.011354803634176,5.075634123175164,5.988877074057918,3.26252399069106,34.080707599353616,28.817587169640067,24.316062602351636,30.02107643279952
2235,331808088969994.44,-16.60720179843662,-7.55332567498016,5.316539362152078,-2.6231713996476547,0.37584629939763026,-2.331510360458341,15.627232901133164,28.56917642160509,-15.113068125822036,1020.9625795300262,1637.4886047001803,1.0,19.003091093704292,18.244228685431207,17.43745228992208,9.236791625972025,3.529621678540763,2.6499601190773285,3.509553925052872,2.3616098326555717,35.90004286530579,32.56391023134438,21.7397156449204,32.32031357497223
2236,331808122303327.75,-11.897094115965693,-4.409437977171181,-1.6052330648957496,-0.09120986814904274,1.098539848262439,-0.6945061624437603,13.954410300244062,30.33769729387647,-13.91500181667661,1020.9588636852388,1498.2543716657322,1.0,12.789087726311818,12.68794670853661,12.004899899490212,4.692538382065092,1.3028614078022984,1.1023198439056734,0.700469877810691,1.299664805976072,36.17635580708138,33.393134682482824,19.70666999738086,33.37668576496164
2237,331808155636661.06,-7.41308550994883,-1.015005951474423,-7.040463233211432,2.5779319290913616,3.326417860602014,1.694543028264607,16.436821221759473,26.80356080803687,-15.372246560961303,1020.9578171088283,1298.102693770403,1.0,10.273859858765048,7.482250587847336,10.223598158966112,7.1132523939285655,4.536768110560752,4.208418802158453,3.0849974239322946,3.733166465344435,34.998656091301555,31.4420095392488,22.505000693336342,30.89881609902096
2238,331808188969994.4,-15.27525358374008,4.273858270108977,6.463926922366528,3.412777431228521,5.691464051542805,1.3596997491542404,23.15797222889226,22.73514562751256,-14.019523167055377,1020.9897494929886,1072.1207068059039,1.0,17.12838544108107,15.861879981910814,16.586612773717814,7.749078382018968,6.774112211423494,6.636249908277023,3.673667541157317,5.851627675942323,35.351457597812725,32.45271212793082,27.07099384185493,26.71018301202382
2239,331808222303327.7,-19.28636704162161,3.3964463022734637,12.89758058913543,2.1876565818963134,6.266153202075225,2.1632860050765252,25.625703280070756,20.61256852030821,-9.629073050424346,1020.9796187837017,855.3955465639438,1.0,23.44882483626031,19.583150950456755,23.20154173147533,13.337294798326612,6.980710824260794,6.637056371027134,3.076629269196114,6.629063455092095,34.267677152282126,32.886998184732974,27.375092993607115,22.75075886239422
2240,331808255636661.0,-17.45794821125694,0.9621969674306406,8.949085155055684,-2.3036873601003607,6.269712290736153,2.4630295295567683,31.0560893366382,19.37395762423579,-3.0256225765631406,1020.9776912700188,682.0067384453839,1.0,19.64158608319349,17.484443907401293,19.61800399784258,9.000663759777428,7.119184091253912,6.679540976870652,3.3724605137132153,6.73615666920512,36.72853537628128,36.60370089090633,31.203126075139675,19.608789508827225
2241,331808288969994.3,-15.601127613800662,-4.504848436103588,7.602462221541435,-2.4254039315648774,5.5629717683860225,3.270434585010789,31.79658716380023,15.81056333949392,4.618285270666134,1020.98873553503,565.4555215958784,1.0,17.930038317982568,16.2384987684933,17.35490174711624,8.836916388776668,6.893836486452589,6.068709840411739,4.07164912610174,6.4530920705267025,35.8095717262654,35.510517714858715,32.130227420707705,16.471262002451446
2242,331808322303327.6,-11.952072564116047,-0.33250582946326135,2.0622147186672986,-4.6510951084534495,5.866602876472733,3.0699777515754656,33.614270629954085,11.915724058117153,13.470616491119031,1020.9788274532372,500.01177870024867,1.0,12.13323239085161,11.956696814108929,12.128675448035684,2.0888488869506805,8.091630145606391,7.486635761015608,5.57292105659572,6.621313518132674,38.1229744178467,35.66375849252271,36.21293551529069,17.984493000360057
2243,331808355636660.94,-12.554899737443069,-5.495298047906552,-3.4382113613798655,-7.4010568095649685,5.430747568558068,3.2296609642764382,33.146302237505324,5.565872312784538,20.750147584216123,1020.979273414694,479.2075550522623,1.0,14.129582634249859,13.704882635490668,13.017173455968452,6.482252540656461,9.731360182213912,9.179796351325413,8.075045005607029,6.318522698983552,39.49968242136919,33.61035981096114,39.105574753311075,21.48365796062141
2244,331808388969994.25,-10.588701593611805,-1.9599541348417953,-0.8989103211796264,-5.6627228386163955,5.1826915865639815,2.978370813114421,30.22339668011895,-0.972176855295148,25.78093846011583,1020.9584346214406,496.5748959456872,1.0,10.806019684174368,10.76856636926386,10.626788847252046,2.156260646630344,8.233918552477956,7.676374276208059,6.398212457194555,5.977540027624486,39.7373328572273,30.239028336270938,39.725438887041946,25.799261922044423
2245,331808422303327.56,-11.235001734015272,4.499447323657706,0.6875073881038308,-4.4656874190113625,4.613372857840295,2.0260198316621896,25.014161930933152,-6.839205071586279,29.824961141952514,1020.9487746915155,544.7667355460856,1.0,12.122002994158764,12.10249107339876,11.256017518288763,4.551669213274164,6.7327802287065905,6.420714387805604,4.903786341451354,5.03864718786164,39.522289030838465,25.9322776307473,38.92604018168201,30.599069154635878
2246,331808455636660.9,-5.599767044846804,7.997227350306163,0.39317910588136346,-3.7139862727548087,3.055571812024885,1.937760889392684,20.642679487939127,-12.013211406903705,30.16665714168162,1020.9493403506657,612.7871018498696,1.0,9.770753607493074,9.762839558706128,5.613553310146255,8.006886729671315,5.185087308533205,4.809388020595988,4.189106264905568,3.6182089993394473,38.4768068822312,23.883832706430184,36.55335031902758,32.470670633830956
2247,331808488969994.2,-9.562812920652997,8.902514644069516,1.8697536352364255,-4.93324946735947,2.41221797100368,3.223880999711354,16.221569378731104,-19.53867287875111,26.927019331666045,1020.9192734521072,688.6934429406787,1.0,13.19841416988268,13.065303591699662,9.743888834130228,9.09674368355798,6.367821805541946,5.491424755638159,5.8932468985697835,4.026438157967037,37.01301691377978,25.394862688579966,31.43570713689933,33.26896613889228
2248,331808522303327.5,-4.308627870469521,5.8994971680712,5.959471943414413,-3.106905387576379,1.3638161627559677,3.285136468854775,13.83898354701973,-22.421166546587397,24.69321247367522,1020.9085802172755,760.5432051940306,1.0,9.42781240832731,7.305363848725594,7.353881966045571,8.38566471309363,4.722814545601507,3.3930599188852444,4.5216128434830365,3.5569813247744264,36.11067594485822,26.348172136307532,28.306751984018803,33.353612271834656
2249,331808555636660.8,-7.595279434245977,15.899889069694154,7.441727177605577,0.45437789558484,-0.2699508654437374,3.0826157175090922,10.808749035950395,-25.299144869084706,23.471734045337094,1020.8999562100344,816.7609048270629,1.0,19.12783431282206,17.620860992382283,10.633323707580491,17.55522075664368,3.1275953068746007,0.528519386352034,3.115923448005455,3.09441321280593,36.16349106383578,27.511375589546475,25.84088533346323,34.51041915424922
2250,331808588969994.1,-6.0087042408742555,9.285768639258167,4.371773872607291,0.8921323534809393,-0.8607692634597149,2.9655638804865854,7.9032618302819975,-24.85203493210947,26.401546388859217,1020.9074631962236,854.794501667467,1.0,11.892957271820265,11.060290496914208,7.430809743729953,10.263425647172694,3.2142484331941543,1.2396870012404018,3.096848279359855,3.087959334927135,37.10965965281637,26.078442971634285,27.559085603137806,36.25831341899226
2251,331808622303327.44,-10.34351264086461,14.234643079668851,7.441940572792247,1.5557006290417723,-2.5576985548955338,4.265450947027827,5.38191012369209,-23.541995252129976,27.185125102865392,1020.8889217060026,881.450392043409,1.0,19.10486317266527,17.595832386030796,12.74247751580113,16.062613208769477,5.211151324459524,2.9936643674459678,4.540294729277115,4.973519244882369,36.36236411303935,24.14933740355643,27.712740453407733,35.9618765821495
2252,331808655636660.75,-11.845681310065816,12.095094443973753,4.904847692829409,0.33365539412848905,-4.093132647899887,4.488559479836363,6.427474015494958,-25.042664169318364,26.412358903467403,1020.8857166232917,903.9690686116319,1.0,17.625805121983543,16.929603518933554,12.820986568493728,13.051775377261851,6.083767500436211,4.106709241635568,4.5009434706581155,6.0746111873380695,36.960250997019735,25.854350715442937,27.183177243755683,36.39708410769791
2253,331808688969994.06,-14.523918341875204,14.71884128147233,3.944880210719028,-2.2756411949255066,-5.652450204247738,5.434225317033663,4.511015063697652,-26.108734736256093,22.836035171352997,1020.8789179582652,929.5910240288767,1.0,21.051141834768856,20.678212995097834,15.05012570972022,15.238319085322258,8.164529438726515,6.093335388729417,5.8914639644430995,7.840981960685148,34.9785618455128,26.495571072031883,23.27732285406074,34.68646035379593
2254,331808722303327.4,-18.39831207206557,6.045378404813274,1.825999175777628,-6.201850011720391,-7.093732778716008,5.180930735739603,2.4151564885728574,-31.25012939401639,15.271091296553598,1020.87250248957,967.1747079278825,1.0,19.45196031633925,19.366065350465394,18.48870358059359,6.315130485375837,10.752954551760993,9.422525579891316,8.08115009490651,8.784252274631077,34.86559618584971,31.3433177568531,15.460892931909548,34.781846077090876
2255,331808755636660.7,-19.30484579711102,5.3248580999012125,2.704408793388185,-7.751341655337021,-9.030084958340503,3.4641874368729537,2.448408876986796,-34.276509676231505,4.7108208686650865,1020.8593428472301,1032.3237722212941,1.0,20.20754839054144,20.025763032511858,19.493355231257404,5.972264286335534,12.394608763910165,11.900660982172809,8.4902233218892,9.671764521153097,34.68523684322121,34.363844686147964,5.309099668075391,34.59871310961496
2256,331808788969994.0,-18.481526640690603,1.9915415371107659,1.9808015543829358,-7.242146289977446,-9.530453994505427,0.059964971151880514,0.9754108540375774,-34.5851421693308,-9.85396436803526,1020.8591981794915,1142.3993753072436,1.0,18.693759372112392,18.588519700734484,18.587372104964228,2.808881003510716,11.970038931623565,11.969888730761808,7.242394540702635,9.530642640407294,35.9747703116157,34.598894277230855,9.902123009773351,35.96154435837443
2257,331808822303327.3,-15.869468678393009,2.6467998972998523,1.014115151686466,-4.640139934702036,-9.31519272272116,-1.6922600410685957,0.09764597112525737,-33.82203727081282,-15.702168792646308,1020.8683254646767,1314.7626800066682,1.0,16.12060840575576,16.088678809362914,15.901838436966237,2.834427497260527,10.543597968513945,10.406907036918025,4.939093303452983,9.46765860749292,37.289379784017385,33.82217822500391,15.702472401772678,37.28925193592662
2258,331808855636660.6,-12.738392769063562,3.974199320994308,-0.143463737697186,-1.851516569693331,-8.320515425196545,-3.141633056365325,0.8413331000235682,-34.806072501501156,-19.108431782694474,1020.8780908699423,1565.707937119295,1.0,13.344717772435523,13.343946589443561,12.739200610044763,3.9767879107422446,9.084544502044665,8.524030182301246,3.6466384340507756,8.893865031682287,39.715270231471905,34.81623937712041,19.12694451759307,39.70635778025533
2259,331808888969993.94,-9.690753508667955,4.357319501935977,-0.8898002154554228,-0.6696484362949846,-7.181423200597641,-3.599299989637995,1.2233028802384036,-33.7249377796943,-19.48363856512048,1020.8890147908553,1885.9179008452834,1.0,10.662489448113718,10.625297022093635,9.731518277698747,4.447243827965373,8.060783375685173,7.2125770855024065,3.6610639769936264,8.032919743249657,38.967679811829974,33.74711688694386,19.52200403834221,38.94847365405353
2260,331808922303327.25,-8.45200697372568,3.3874214089202286,-0.11321214814205832,-0.9950280325468835,-5.927634708003543,-3.387479095792652,2.108195269870114,-33.597298439516365,-20.810730745524342,1020.8990758220086,2239.853422482549,1.0,9.106254041921167,9.105550268134191,8.452765161436492,3.389312731528037,6.899416543557475,6.010568526943385,3.5305942006957305,6.827288470246475,39.57662774785825,33.66337698047882,20.917241726829445,39.52043745452017
2261,331808955636660.56,-7.706426203371503,2.4004188491258174,-0.34559336902442744,-1.505072153624914,-4.705940046740471,-2.804331070698931,2.830074411369395,-31.690457760685018,-23.250293474319776,1020.8998797575814,2590.786338815427,1.0,8.079012950600037,8.07161789725266,7.7141713491939345,2.4251691545028704,5.68114307734106,4.940760458788995,3.1826898909106034,5.478151556647837,39.40647892032027,31.816574835384923,23.42190145602796,39.304723122339354
2262,331808988969993.9,-8.868354707243368,3.9967159300857955,-0.5165338293081904,-1.5354050604559935,-3.3708848631774204,-1.5460484361012001,3.4259148578897625,-31.641138920598042,-24.55350525763022,1020.8884760807516,2901.9884866282514,1.0,9.741060549863498,9.727355932589655,8.883384625822828,4.0299560075292815,4.013801094628818,3.7040968481496983,2.178929660738235,3.708521339775413,40.196681271500125,31.826067378897037,24.791359645045382,40.05042187829061
2263,331809022303327.2,-13.341971135874267,3.0394128486271645,-0.035691377306206806,-1.1292834126544318,-2.7953630566412464,-0.495910898638978,1.5992872883538418,-30.062967863741385,-27.478882689628247,1020.8987345002658,3139.5547829914,1.0,13.683840766733438,13.683794219985257,13.342018875152144,3.0396224006961634,3.0553663060130862,3.0148525079232535,1.23337287366204,2.83901078508406,40.76062745441228,30.10547718617058,27.525383080005284,40.729240486985496
2264,331809055636660.5,-22.89502287399291,23.229038080813922,3.0093053092218036,-2.601561636091552,-2.3080480110290127,-0.29043712299299373,0.5453056288196217,-31.08815497580042,-28.157522609406307,1020.8780200294224,3281.4991685401515,1.0,32.75402572211044,32.615491450544816,23.091946449893936,23.4231536861289,3.4899229633346898,3.477816638007003,2.617723566153577,2.326250060425024,41.94778680130138,31.09293710842073,28.162802377037156,41.94424226635417
2265,331809088969993.8,-7.590869357269738,22.393776038117327,2.347472938632087,0.3517452983944965,-1.7650066922351586,0.9616956586494437,0.16929288937169185,-29.72341042842778,-28.61274913900234,1020.8679605577576,3308.980613766984,1.0,23.76158942583817,23.645348439904506,7.945560194016949,22.51647917510568,2.0405469655077084,1.7997148047892282,1.0240035619116863,2.010001781964405,41.257716864492636,29.72389253747162,28.613249961754974,41.257369533069465
2266,331809122303327.1,-3.9517488070500812,13.677393011144513,-4.769246768622494,-1.4033900270817123,-2.097859482610706,0.9991244382467588,-3.8426470130624155,-29.116797685637984,-30.25091045215504,1020.8889962891068,3203.158106553223,1.0,15.014430157529876,14.23683245020909,6.193709177386184,14.485054170465531,2.7145474061054764,2.523988505697296,1.722716811090642,2.323631651506228,42.16244094828564,29.369266990059028,30.493991527041857,41.986968105004635
2267,331809155636660.44,-1.3846651518960738,13.846177758356175,2.2655763349984883,-2.177145858992022,-0.5339021641666273,2.803288563886184,-6.181965075573622,-26.041912613270043,-31.85880499228895,1020.8980750754297,2946.878655210606,1.0,14.098467016969533,13.91524114411506,2.655208788886584,14.030305579198993,3.5893512484351517,2.2416546594486664,3.549421201230022,2.8536780290209465,41.60987094776311,26.765610487205503,32.45304527671182,41.148082192173774
2268,331809188969993.75,3.0689897882791963,13.44641629615419,2.6322480725945345,-2.5432814065647626,-0.7086728150424089,1.763901589195939,-8.652240990543087,-23.683345054156383,-33.52470795093923,1020.9347931297448,2565.077897171924,1.0,14.041137398577105,13.792201040082144,4.0431953002841245,13.701636439679701,3.1751923230138566,2.6401699702402057,3.095097596093861,1.900938182884465,41.94839866202803,25.214323451416806,34.62321933838911,41.046399064351576
2269,331809222303327.06,-0.7365173901187542,7.955530035386836,3.425262668894765,-2.6396074117911925,0.19102365262193166,1.927091281686488,-10.190244549592753,-20.155724614337668,-36.750781992013955,1020.9488849607297,2126.6775871421532,1.0,8.69283270061109,7.9895504260183134,3.5035527992127404,8.66157505854831,3.2737895674884316,2.6465104050889394,3.2682117581844463,1.9365357842841675,43.1359976786681,22.585267736060207,38.1373971451257,41.91507141534599
2270,331809255636660.4,-1.7982664011636422,9.073736158540925,6.35284925859807,-2.546967992462895,0.5463260337826339,2.021936919460853,-12.897289453907511,-17.76357384138694,-37.471871871974166,1020.9596258881074,1702.667229229681,1.0,11.221637297063076,9.25021350696118,6.602458311267409,11.076614174795612,3.297536504134257,2.6049027025628293,3.2519647693216656,2.0944452825193376,43.42839868641174,21.951870783062667,39.62929796056855,41.469093759184744
2271,331809288969993.7,0.4074811383969647,7.973883189180578,5.898818328178895,-2.5590736321149343,0.36779668015583816,1.8736803387222316,-11.412709622442282,-12.566858803041448,-37.99570414708634,1020.9588760670373,1364.0363275428936,1.0,9.92697897961435,7.984287945261363,5.912875658003349,9.918612341631054,3.192931296510126,2.5853688813242064,3.1716771377774533,1.9094377208089066,41.61549488753776,16.97574390422308,39.672704401881916,40.01998842839031
2272,331809322303327.0,3.1066976238016166,4.689037430406617,5.051643505112489,-3.9476721536702026,0.7987589148238537,1.7047908521311115,-10.261304857445516,-9.527241426212436,-41.708346538366094,1020.9562971650248,1167.4112727362165,1.0,7.5602740857877695,5.6248237438597934,5.930486677202791,6.89247227970483,4.373607559713564,4.027670696180824,4.300049683709836,1.8826384818972817,43.99600979106183,14.00223934129014,42.95207268970695,42.78264251022572
2273,331809355636660.3,3.481155927242734,0.9340955879437534,3.749648832393306,-4.193930082269973,1.2322279714544715,1.4098746682727605,-10.15870156607836,-2.414593172358971,-40.99507981467516,1020.987623584785,1109.341417086668,1.0,5.201042926515958,3.6043003700015355,5.116474660940451,3.8642464897680204,4.592949149385507,4.3712052466801214,4.42456733649814,1.8724669166295111,42.30397199682592,10.441718139111277,42.23500664756938,41.06612751647748
2274,331809388969993.6,-0.6452993183267955,-0.02220268963987552,4.970892268457001,-1.4308654397172444,1.659504273362568,1.2232696993068612,-9.409963146372707,0.07386230536959026,-42.215928195927205,1020.9793191594264,1170.6710081030935,1.0,5.012651405620169,0.6456811671872362,5.01260223385405,4.97094185281148,2.509525671741205,2.191193816139012,1.882488954501333,2.0616360470633324,43.25202255964371,9.410253028279689,43.25195949156262,42.215992811774974
2275,331809422303326.94,-1.0950076300725682,3.607330281159069,7.418301283546088,1.3950810098612076,1.4253892587821777,1.1854515344532164,-6.613495949813797,-2.6477401464029393,-41.988096502648375,1020.9840336436276,1332.2442437141817,1.0,8.321241938601824,3.769863852619125,7.498682260462746,8.24888026891097,2.3201898421604334,1.994488797443338,1.8307229076550204,1.8539228353923178,42.58813337629145,7.1238231702560775,42.505747571286356,42.07149600143293
2276,331809455636660.25,0.7597505703160322,4.931343917917382,5.262188325189062,1.3939920506576777,1.4482960340189706,1.0184460689218933,-5.200301966484146,-3.2635693493231206,-43.81501554324575,1020.9894136205455,1574.275462476613,1.0,7.25162049032024,4.989526406972539,5.316751536309705,7.211711225953021,2.253443506004607,2.010167962995102,1.7263968931272018,1.7705348902118638,44.243074175460805,6.139546028857525,44.12254217061258,43.93639120310984
2277,331809488969993.56,-1.9321906592193472,2.709121460878657,5.137953125862814,1.3422596182767779,1.764149949298998,0.7222409694451556,-1.8593489125319644,-5.536217543995719,-42.77932424686558,1021.0020099147613,1861.5092555612543,1.0,6.121377472181508,3.327566653482362,5.489255237929637,5.808433645429443,2.331419727207707,2.2167286542263533,1.5242351855280076,1.9062678357347205,43.1761214804137,5.840109851105525,42.81971229932535,43.13606713311851
2278,331809522303326.9,-2.7293786734027607,5.181617538408305,6.327688240163145,3.285088309425678,1.5946593052853446,0.1484838808927199,0.5339838967242165,-7.844850768219301,-43.623344912134286,1020.9999963740263,2142.653819647463,1.0,8.621966522891707,5.856506489125266,6.891236928703349,8.178557255350084,3.6546943734795883,3.651676806709268,3.2884422852788857,1.6015572930176745,44.32632450024053,7.863003394224864,43.62661298020961,44.323108023904005
2279,331809555636660.2,-3.400030699054902,6.654045880603927,6.1722679373810525,3.9037226259262208,1.346722157884018,-0.6511357548138125,1.4123825324391894,-14.431092145942953,-42.42072734835342,1021.0079407024617,2365.6741166422444,1.0,9.69192585746094,7.472384849276557,7.046779423633034,9.075969263500413,4.180512968751687,4.129492815189789,3.9576543698717885,1.495873771991721,44.83045118784748,14.500042928992855,42.4442332146698,44.80819712159859
2280,331809588969993.5,-4.834076735022621,1.9720867172128764,5.304191571012245,3.59516351044697,0.9953715452253113,-1.6620009374696836,3.0091400868752105,-18.227869687932618,-40.12485413654029,1021.0082585346161,2478.535108452602,1.0,7.442571606796388,5.220864286714837,7.176541374651463,5.65893755418849,4.08389670486947,3.730410859395196,3.960738287617535,1.9372691163579547,44.173680816763806,18.4745813869406,40.23753028630204,44.071069340769206
2281,331809622303326.8,-6.927288117871291,2.011798866552586,3.6243895885446515,4.321663155752604,0.6479413532745615,-2.148804322862687,5.606758912705302,-24.056427151909816,-38.3194772609196,1021.0186799175414,2446.656586004699,1.0,8.072846786420136,7.213505066710846,7.818153270277556,4.145302711384675,4.869698188494457,4.369965724015787,4.826399532751399,2.2443680659010994,45.59089569607597,24.70116258033909,38.72748485320644,45.244823183048
2282,331809655636660.1,-7.6425028304042035,5.027512277394758,2.9714067849989023,3.826613195656555,0.3536610037687374,-3.0833713191445176,9.977424767118393,-26.44392812035466,-33.93189750740206,1021.0234643717554,2307.7883778901637,1.0,9.618367194801246,9.147881132376574,8.199823644120267,5.839960443469847,4.926989278096978,3.842921369838262,4.914279931067814,3.1035874077121965,44.16111420549565,28.263586810912578,35.368385225174556,43.01923991526724
2283,331809688969993.44,-7.303812238291912,8.04422341150308,7.066362093225523,2.3845169602667706,0.6593192465189645,-2.6671988929128743,13.033489009577803,-27.35766976898031,-31.113681733031257,1021.0288490134099,2118.4129103332866,1.0,12.961044585177984,10.865321141429597,10.162634818037953,10.707147310406672,3.6379352573933854,2.473989289109841,3.5776907451812465,2.747480992324787,43.43242017129286,30.303695004922492,33.73326291284536,41.43070463041803
2284,331809722303326.75,-7.8181517097747,5.746242089406191,8.769414962942111,-0.4321119543149845,0.3251913110684659,-2.7403787506156747,14.80245540930621,-27.23303492979529,-30.983343100310247,1021.0357077874274,1935.0126390885384,1.0,13.078433893222433,9.702720974402814,11.74845244912393,10.484366310957293,2.793232146936998,0.5408050756569718,2.7742379922940716,2.759605965644435,43.8260017261841,30.995981636850107,34.337737779534066,41.25052413193065
2285,331809755636660.06,-6.4485542107308245,7.4393378846654095,11.462128184957217,-3.6040523939122453,0.7553031269200543,-2.3202456677132925,18.01698973492212,-23.956263418387525,-33.808123633273944,1021.028279299096,1812.609833753579,1.0,15.109863735300292,9.84518154078188,13.15158674598335,13.664703827401773,4.352380547486869,3.6823465985156525,4.2863426853912285,2.4400866320845074,45.183002331432085,29.975231042970485,38.309282722481576,41.435392849276916
2286,331809788969993.4,-9.931531878591974,1.7746835959129963,10.066411761849096,-7.246947172177147,0.6372082174754369,-2.4472453043485918,20.406739369491845,-15.075391023073024,-35.90454987815289,1021.0388106552996,1768.1118771257627,1.0,14.251928749477564,10.088846679432258,14.141003189822936,10.221650924615677,7.675499150439715,7.274907396575201,7.649003392336977,2.528842401589007,43.96406632860168,25.371291378109216,41.29856793700161,38.941033839015105
2287,331809822303326.7,-10.988099786348672,-4.189341129831225,10.759085802061204,-5.7484015238395525,0.3105696433918907,-2.751276211058726,20.50018196955614,-7.114482143412851,-37.34499994410894,1021.0388180217822,1777.6102254958232,1.0,15.938846988191031,11.759630777233241,15.378435037768659,11.54593029591858,6.380446251808341,5.756785004034583,6.3728832461311065,2.768749590146105,43.19169292560031,21.69961559461031,42.60171923303579,38.01663947529341
2288,331809855636660.0,-12.612849394621753,-3.674444653420054,11.245223580793859,-5.2814855219567605,0.11699232698932166,-3.2719579509083063,21.346714247023108,1.9590629588688384,-37.924959037440615,1021.0388112678885,1815.1951470803297,1.0,17.29278944371034,13.137180571281554,16.89789996518658,11.830325307999331,6.213975004433582,5.282781135274606,6.2128735824215,3.274048875182907,43.56400641369455,21.436420802477063,43.519934824579046,37.975524297478245
2289,331809888969993.3,-15.683286002719191,-5.607216648000852,13.039697468892982,-5.150029009266392,0.10197590807963247,-4.082974398660225,22.34969840736811,10.213862209804525,-34.04329705847843,1021.0288952692787,1854.9569100958493,1.0,21.152778740887914,16.655519757146745,20.396057705432728,14.194174460597274,6.572965679374027,5.151038524619481,6.572174582008622,4.084247669515586,41.985450750861204,24.57299330853255,40.72413404250751,35.542496477494076
2290,331809922303326.6,-16.249066049922472,-4.813088221075447,15.193066231306673,-5.292153676143267,-0.22437343070093893,-4.33627273163908,18.68384694009042,18.88073890095413,-30.70537120906968,1021.0286104718226,1875.4952984563158,1.0,22.760211493469683,16.94691611233732,22.245480642225157,15.937223087248492,6.845472603953495,5.296907962983801,6.841794482083873,4.342073771777854,40.600348015916,26.562538243299127,35.943093322187664,36.04583363625771
2291,331809955636659.94,-17.349637425639216,-3.772419453797256,12.115084444110913,-5.543296198575496,-0.27417844254725204,-4.072220777075064,15.120892522287198,25.756258411856912,-24.50151395128544,1021.0295760310613,1873.52072502637,1.0,21.494565322994255,17.75502935329956,21.160935468194197,12.688830506525266,6.883769942461836,5.550072662902639,6.878307553634352,4.081440416764585,38.63095163148257,29.86680830033418,28.791762304096565,35.54868539458787
2292,331809988969993.25,-15.770765052063636,-5.387942578091099,7.018537611217023,-3.703030541036711,-0.0010306992171558416,-3.172102457211872,12.401282436430881,32.73421689081234,-19.04487825045867,1021.0284693204428,1850.2894743713482,1.0,18.083330051521667,16.665741974247613,17.262007430407962,8.848152090966504,4.875927629614811,3.7030306844787977,4.8759275206775,3.172102624662461,39.850070879456,35.004582007543995,22.726618614367663,37.87131292983566
2293,331810022303326.56,-13.759137022807414,-5.630275578718888,2.32369935058203,-1.4077569575718258,0.8433459988433294,-1.9605259675950242,12.001036940659251,33.66856913397036,-17.141680121313748,1021.0287536710839,1807.057831067441,1.0,15.047040685018542,14.86653472416178,13.953975429399502,6.090942600633637,2.5566920414808156,1.6410399523951074,2.413595185859942,2.134219891056088,39.641324808354376,35.74349500510561,20.925154361019917,37.781076545148686
2294,331810055636659.9,-5.501373515569691,-2.717202219160774,-2.4503336065307466,2.134457611218957,2.8605070570677054,-0.13386886248772883,12.441776664580274,33.68148044876886,-16.53440231520179,1021.0391278756313,1744.9594322723074,1.0,6.606998807394915,6.135820927767029,6.022395315910904,3.6588690442684895,3.5716005921671083,3.569090909128637,2.138651483162765,2.8636378080822134,39.53006946253755,35.905987408677305,20.692613814891644,37.521041898403475
2295,331810088969993.2,-13.777766578077772,1.9833684476149873,2.9488499478516714,4.7509164336153935,5.179261812821894,2.0665612602556123,17.683228299742105,28.11453933538842,-20.7304700639609,1021.0486909244262,1662.4444331898098,1.0,14.228714569276326,13.91979174696919,14.08980368546495,3.5537960568861418,7.325751519628631,7.02822594151269,5.180915208878261,5.57632749828634,39.15196386153167,33.213308855666625,27.2479164739908,34.93107085552749
2296,331810122303326.5,-14.030769331397144,7.33869759638857,16.34815389987484,4.738359839674564,5.935638894588055,1.6555068944838465,25.42967257115668,22.505918334603916,-19.992551533901764,1021.0484303290572,1555.3536955886661,1.0,22.759198280609688,15.834107819580932,21.543551795487847,17.919782876620808,7.773324008097875,7.594989338846188,5.019238692065192,6.1621840417688,39.40668374775803,33.9585719246275,32.3476485066837,30.10346287255967
2297,331810155636659.8,-14.140798954094347,0.45735892955638774,11.898591140117377,-0.2540486380724544,6.340580393950968,1.5870661336052607,27.961025004444032,22.385884146345806,-14.915863340553424,1021.0496965608727,1419.4202751788544,1.0,18.486423217330078,14.148193250396346,18.48076476176772,11.907377893983407,6.541122178579042,6.345667848435016,1.607270861722821,6.536186858145364,38.799867364551986,35.81824574588712,31.690722593421718,26.900014650696416
2298,331810188969993.1,-13.656557455870962,-5.081269708201975,9.124212251577786,-2.05391502808589,6.486820074178227,2.2762207537463817,33.731968092181745,20.31046807518649,-6.463598192660543,1021.0282827257627,1250.3773914044657,1.0,17.192210812017105,14.571234106725337,16.42415327368041,10.443684745305804,7.174857666681927,6.804219398091061,3.065900823963947,6.874592031135183,39.90161508512283,39.37462107506734,34.34565144189482,21.31415527365169
2299,331810222303326.44,-14.237067546315764,-3.6789493958680906,9.249432581160796,-1.5067477648939747,6.063581698223496,2.5523237775532555,36.68024504484723,17.21518321034829,3.9263671759926373,1021.0187395036351,1050.4849203832764,1.0,17.37183824611416,14.704719003629949,16.977811855236126,9.954228836569765,6.749197619236501,6.247984622103669,2.963890263231199,6.57885853902443,40.708958089302776,40.51916718684995,36.88979175531833,17.65726174033137
2300,331810255636659.75,-11.713482562350602,-0.7335235806948572,3.46171863561709,-3.57389175019225,6.046207329056656,2.5133352613194493,36.475617086153505,15.996433438260691,12.863449577112272,1021.0289505269649,845.8534699456255,1.0,12.236307714915709,11.736427505076962,12.214301848680108,3.538580613129232,7.4596366830980685,7.023483844078425,4.369159687844326,6.547784144405657,41.85480688742105,39.82909143528632,38.67737034544365,20.526914472653083
2301,331810288969993.06,-12.443163128248628,0.9060267464919869,-2.048027983474201,-6.592515876240463,6.073089578592885,3.2065189535946126,35.81824061153803,10.644003935438606,22.58211790309114,1020.9964926233697,668.0403229822462,1.0,12.64308553014882,12.47610488500177,12.61057997307418,2.2394872373943677,9.519739828790362,8.963463761743897,7.330963741435641,6.86761827924172,43.65997285011495,37.36631076629943,42.3426311120972,24.96491275303685
2302,331810322303326.4,-11.128104962241894,1.5083561758575992,-1.8668704648104795,-6.811039564424492,5.481166158333757,3.067427142310798,31.245810203044275,1.1261803105317183,29.985131570618574,1020.9887696627322,548.6027623838704,1.0,11.383982771258138,11.229864576383832,11.283613135120078,2.400071600104767,9.265125561847718,8.742622169773723,7.4698975375530265,6.2811059319715525,43.32063079692863,31.26609885061606,43.305990007757266,30.006272634219933
2303,331810355636659.7,-11.61617325682487,-1.7165726663070175,1.9439706921545237,-5.555128679385879,3.41268073772537,2.323725581350444,31.32848791396421,-6.33599405177336,31.776778325436947,1020.9799422427747,517.2654686066646,1.0,11.902147911332705,11.742321016361531,11.777712137105791,2.5933846168025525,6.921383173874983,6.519650639580106,6.021557541197955,4.128691123717568,45.070862165521845,31.96277484198625,44.6232875942524,32.40229098949743
2304,331810388969993.0,-10.971658804503258,1.399034442509684,0.7663714117707738,-2.650545969347263,1.6050940333694685,2.605043232376971,27.707261151874796,-11.486423656587467,31.91127422452892,1020.9589969207389,568.7800367287932,1.0,11.087015803837469,11.060497018387657,10.998391794404007,1.595187296873916,4.048205903129724,3.0986643560704166,3.7164020474345993,3.0598328546689157,43.794516455714934,29.993836849539647,42.2613504655409,33.91559156275615
2305,331810422303326.3,-1.8488006292020602,12.667799119349592,5.72257225824007,-2.939666115729172,1.8016450242652415,3.140542675412735,23.418964154370155,-16.237227434618504,30.850257106689558,1020.9688454760718,666.5008040986562,1.0,14.022803982995379,12.801999777172792,6.013808861056093,13.90039451882475,4.663750632432498,3.447834344255237,4.301702589446976,3.6206260632034737,41.99802138644214,28.497288236377898,38.732237807962036,34.86238543634639
2306,331810455636659.6,-5.380178622798516,7.113864994130031,5.813909021489366,-4.268821043858566,1.159263056891211,2.2119390168807334,20.43816765665702,-20.936574426524736,28.885869853323452,1020.9793213601253,772.6672802581518,1.0,10.64682747479653,8.919271111919786,7.92135468991091,9.187416027636068,4.945644361856379,4.423428979825775,4.807858912123882,2.497311564357171,41.115110641492514,29.25848331474191,35.38519710761496,35.675392442137905
2307,331810488969992.94,-8.487965424995194,7.668892242683283,8.542523292062315,0.595922767757634,-0.42765634065945407,3.0929992433031197,18.21257628455977,-24.24751733846535,28.515010512003258,1020.9512222850273,849.5189747491786,1.0,14.276980404876545,11.439294789706297,12.042435852074986,11.479835034760518,3.178782504342162,0.733494301844366,3.149883849319779,3.122424420987625,41.62626402284671,30.325567298899564,33.83494878702442,37.4305746894011
2308,331810522303326.25,-11.677889468216108,13.758495849087089,9.936524627174927,0.9199909461144979,-3.147576137740571,4.252375034712938,17.740618890307655,-25.238574397403,27.590239297793925,1020.9438327651017,872.9163510581426,1.0,20.601063859123226,18.04631016194777,15.333219625973097,16.971468106672457,5.369945280881022,3.2792710903196913,4.350755885680385,5.290550914481753,41.38763705182889,30.849881624155174,32.80168994306045,37.39260544710382
2309,331810555636659.56,-15.711843212573879,13.027657281506114,9.104238053958591,-1.1895152612785986,-5.585394282420467,5.929746799452217,14.359187348945147,-29.187849217425768,22.66808262217261,1020.9388658957668,874.8228458713025,1.0,22.34880359043926,20.410337365680242,18.158996879774268,15.893615220821442,8.232464573414436,5.710654590054449,6.047879269829094,8.146074293529924,39.64793529336594,32.52870737150938,26.833341780101676,36.95635955698052
2310,331810588969992.9,-18.14659068665576,11.814951354060836,6.53490677324158,-3.3310897645954185,-7.6402004381697175,6.406272061183157,11.384843419415121,-33.914791595035304,14.663668968438328,1020.9240943192261,901.6443858765977,1.0,22.618506484354892,21.6539102484481,19.287398997375988,13.501780698625744,10.51233292267216,8.33479584364255,7.220559586464767,9.970606022569774,38.66330218999948,35.774680272775,18.564424238325866,36.949103866678804
2311,331810622303326.2,-17.27472238498741,5.170277678245989,2.710119765579457,-4.785894314783191,-9.364686252187063,4.427426494270044,10.169060552793997,-37.81704373270431,3.3386592453227437,1020.9188803908784,999.7869108084119,1.0,18.23437835223176,18.03185527749582,17.48601677404461,5.8375097784888705,11.410707180378427,10.516754869929006,6.5197308038321955,10.358544973309028,39.302483824359506,39.16042120825134,10.703104133043366,37.964133629488366
2312,331810655636659.5,-13.066667834487292,4.790595913834367,1.452874435551109,-4.600947070774191,-10.186597647450878,2.3119537269875954,7.118862780156953,-38.06047663936038,-7.585382370947282,1020.9072704980194,1213.7122841699786,1.0,13.992800349892415,13.917169881354159,13.147191807466063,5.006061659141294,11.414053426143106,11.177454342519917,5.149159541497761,10.445664252060928,39.45650915896488,38.720512513369464,10.402703158130668,38.80899261419671
2313,331810688969992.8,-10.088699571328362,4.978380620961924,2.673540594495499,-3.40418722765783,-9.655127097685098,-0.15178372694808115,3.7023446749371667,-38.67606049012413,-13.86867763937854,1020.9183133113643,1543.2719033913272,1.0,11.563474908439316,11.250161449849967,10.436938169354862,5.650848866991983,10.23879916070083,10.237674049968662,3.407569365503064,9.656320084391327,41.2539117005015,38.852863615540315,14.354357371789023,41.08744181012903
2314,331810722303326.1,-8.61438056731882,3.712771129222927,3.892831627958344,-2.562598070143029,-8.80287310562542,-1.9223237449463277,2.7479284069037817,-36.56129173220033,-19.664556111834,1020.928889330363,1943.7640062931885,1.0,10.156099649975094,9.380416942577307,9.45313126124,5.379480229689863,9.367647109238721,9.168286851034063,3.2034727171438893,9.010322052741943,41.604974831527024,36.664412768467045,19.855625842690948,41.514127959075914
2315,331810755636659.44,-7.360748210777735,3.2110048430076668,1.875264743833244,-1.725064856939623,-7.85452299335726,-2.423140689980456,0.9325791279953003,-34.74784419331735,-21.733561660213837,1020.9330964090503,2368.554215763858,1.0,8.246683223196479,8.030639222645126,7.595869409220487,3.7184902798424324,8.398868436716041,8.041727439662825,2.974467946387569,8.219801838038242,40.995488560954456,34.76035644111019,21.753560772165308,40.98487987686892
2316,331810788969992.75,-5.620155330486202,0.45931279443543754,2.4702543268591564,-1.7141894281503436,-5.627149231692416,-2.8567550053338286,1.448122079285192,-36.45627377626493,-25.012415114387405,1020.9492002145735,2771.0081563774033,1.0,6.156238349941542,5.638892992593898,6.139079929285728,2.512593218668409,6.539442104019182,5.8824530487985145,3.3315903944035927,6.310773140926271,44.23548196935273,36.48502371119546,25.054300377598828,44.21177227282816
2317,331810822303326.06,-6.217069746555411,-0.595599009526788,3.149381202807907,-0.7156919156739607,-3.8861798325403982,-2.5590607396247984,1.767146409354996,-34.386826117789525,-25.37750907204679,1020.9471632223078,3107.8635456865322,1.0,6.994661991424863,6.2455339574518245,6.969258080609036,3.205205163597031,4.707802085697082,3.951532438055492,2.6572554990535036,4.653083446482852,42.77376045648787,34.43220319536913,25.4389617149347,42.73724110371315
2318,331810855636659.4,-6.127393043201155,-0.69759148934413,1.4548102746190743,0.9853211808999566,-2.9083184390339816,-1.9965250411685982,2.9425278369779386,-35.08077676883772,-25.084537087065826,1020.9288995187948,3349.0266281498407,1.0,6.336249073940552,6.166974897944313,6.297731213779065,1.6134146463766181,3.662688385922069,3.070696007805908,2.2264254017467904,3.5276661382333687,43.2267668192845,35.20396808282291,25.256533232883942,43.12649880963449
2319,331810888969992.7,-7.775009205145695,1.1677561856799699,-0.4726617476150766,1.6571833005641354,-2.049729324185916,-0.7610005619105756,3.2664930821161478,-35.386535019834284,-22.926780951695093,1020.9495256397897,3467.6177059073284,1.0,7.8764098278944745,7.8622148691888425,7.789363084858661,1.2597871395011027,2.743495698798251,2.6358389165683653,1.8235619942565302,2.186438235499888,42.29082787759634,35.536978455764505,23.15830870038919,42.164489152804485
2320,331810922303326.0,-13.559499186076197,2.9333275409810247,1.192899914261468,1.561944367279891,-1.70047339704402,0.35245045573849815,2.918065366679591,-37.813682828768265,-20.828886637579966,1020.9175775220899,3436.757081098995,1.0,13.924346980929622,13.873154963449332,13.611870862693566,3.166610280429659,2.3357014587232854,2.3089564700383174,1.6012156413886462,1.7366148386457787,43.26929896728229,37.92610861344595,21.03229954249825,43.17079021324304
2321,331810955636659.3,-13.662198481481042,15.638650645556037,2.9246165648837534,-3.6176969892886723,-1.9867899752291145,-0.70374085207594,0.9285883366690425,-36.756544459246584,-22.758191354287206,1020.8995284727365,3231.7863738317697,1.0,20.97084746529633,20.765911040961655,13.971723207928768,15.909769830683997,4.186922151038851,4.127355801476198,3.685509828122684,2.1077441952361,43.241659433952364,36.76827214982462,22.777127782434526,43.23168784934175
2322,331810988969992.6,-11.596148752287311,19.99645331323512,-1.5955641091313038,-1.086271617525788,-1.696459556166159,0.8595041496455487,-0.8076417028279799,-34.57320467602906,-24.494962284615333,1020.8781308492021,2877.856525503215,1.0,23.170555362785638,23.115553443375877,11.705404337805787,20.060009220704256,2.190138907925132,2.0144381481568434,1.385183529464601,1.9017682321895586,42.378791205218114,34.58263678048197,24.50827334686951,42.37109461526012
2323,331811022303325.94,-1.7443756439444267,16.134149306322097,-6.846447579842638,-2.2492289884149463,-2.4288098092031256,1.1528177266017647,-3.9089836253458587,-35.625407250897496,-26.15523999305619,1020.8989300434885,2449.226362487296,1.0,17.61327524026731,16.228173656511085,7.065174509572969,17.52668303764939,3.5053012484485135,3.310309370981426,2.527453214817909,2.6885136786054455,44.36830370737524,35.839221458836434,26.445731831007965,44.19577152722493
2324,331811055636659.25,-0.7237089230427763,13.544198201203796,-1.5599955509270087,-2.9046201701112695,-0.3543245962682452,3.302364995231759,-7.349306272710239,-31.06267152468859,-30.219920853759316,1020.9092377659107,2022.2357330161944,1.0,13.652935422014416,13.563519437033438,1.7196920434205063,13.633740903816687,4.412253258128995,2.926151782142867,4.39800328494071,3.3213190875392735,43.95617682815778,31.920242244394032,31.100738240395117,43.33743391870562
2325,331811088969992.56,2.087404658941759,12.865066461120312,-0.6682898648214528,-3.9400539365810348,-0.06292357465251484,2.2283094143731796,-10.531437323180791,-27.852870496206247,-33.97448074666381,1020.9286754702802,1673.2244853220925,1.0,13.05043311935039,13.033310909328238,2.191773152859309,12.882412289337188,4.526957835632988,3.9405563565840245,4.5265205035823985,2.2291976633827684,45.17697321618561,29.77740027219505,35.569319843054565,43.932308576762345
2326,331811122303325.9,-1.3070790484747166,8.578626471092964,2.0105958510291164,-4.029382343150719,1.1101638233752655,2.0586422858343965,-11.61860724507618,-21.54975390611505,-38.43867815755846,1020.949255286371,1459.094780195297,1.0,8.907512753045824,8.677631460801875,2.3981141163708344,8.81109118138681,4.659012110206566,4.179519802803424,4.524812717485692,2.338903968904379,45.57319284656079,24.482318675514737,40.15624500393057,44.06726531014244
2327,331811155636659.2,-1.8173211796190412,7.9367344091742495,5.559191983996021,-3.327481021552528,1.2564698852743388,1.9533987091726461,-10.377792211077383,-18.88569807195964,-40.76424881887935,1020.948813139635,1358.8137715195403,1.0,9.858956581027632,8.142137885817364,5.848698298323957,9.690013859468733,4.057907470407738,3.556802851071952,3.8584837003400203,2.322602654264967,46.10956673629698,21.54920329946141,42.06450466775765,44.92653529299502
2328,331811188969992.5,-0.9810145328745926,4.754258567914645,6.390278476822429,-3.1350804101455694,1.005878399871094,1.7484536757753746,-11.522996581173475,-14.839498314857003,-41.37794391014333,1020.9485156805121,1331.8186880546418,1.0,8.02502480093619,4.854416962344805,6.465141029014846,7.964837320493734,3.7279499446395685,3.2924945760632234,3.58968235842824,2.017146898879616,45.44363984846886,18.788032372933028,42.952458514510006,43.95844574672325
2329,331811222303325.8,0.5058644038421519,1.6944834674112634,7.2556225238257515,-2.306955975064714,1.2680719839856567,1.3429072279276533,-10.971401422857266,-10.28906886077862,-44.887481726468366,1020.9666093611264,1337.5467585508518,1.0,7.468013874160401,1.7683814680109815,7.273235662572892,7.450861187109693,2.9552414876413127,2.6324992739706703,2.669353047782762,1.8469992905763806,47.3404964374831,15.041163093435252,46.2088483401773,46.051611847641944
2330,331811255636659.1,2.171057812266756,3.053379215101746,5.495975147082433,-1.005590823315914,1.2320412251246662,0.8992731214766,-8.931273674298868,-9.067233734147914,-42.86401112287883,1020.9887987645877,1336.711792770928,1.0,6.651493025837706,3.746547297902412,5.909249938998373,6.287198696443681,1.8269730789899818,1.5903265338740553,1.3490385654040606,1.5253254496719564,44.71359778162761,12.727229747077482,43.78459887891522,43.812534475101415
2331,331811288969992.44,-1.18343478332075,5.203303865399712,5.771014720035964,0.18084622112933846,1.158569706418089,0.996031610871686,-8.734042923410462,-7.270829381578649,-44.74505075775111,1021.0205940296497,1320.9150742664906,1.0,7.859993632372026,5.336186747299705,5.891105905111977,7.770391368171578,1.5385278971088254,1.1725993008382953,1.012316316944663,1.5278621451182508,46.16565858945074,11.36435064946536,45.58950617304052,45.33193716586299
2332,331811322303325.75,0.5942104873634259,4.875423891419339,4.874184217054028,0.26703284302425107,1.02025124407925,0.8674016192527957,-6.7452867146850055,-8.473972006265257,-43.254242886194405,1021.0085920586012,1313.5177692634145,1.0,6.919574842871038,4.911501219007806,4.910270652934649,6.894014063142102,1.3655052945269905,1.054618006815203,0.9075748499908899,1.3391408328206669,44.589647028028516,10.83083996863924,43.77703074125979,44.07649860436814
2333,331811355636659.06,-0.15201826600974178,4.499709390509523,4.2648647454986754,0.3287810398526907,1.1993526539253498,0.520795543188608,-3.8366218028077346,-9.319190490598638,-44.581668611319316,1021.0364799602062,1339.332149212116,1.0,6.201577658115528,4.502276552172266,4.267573180461946,6.199714178608323,1.3482476621338952,1.2436011260224866,0.6158936352745771,1.3075453285767562,45.706587648033164,10.078044366733248,44.74645061932034,45.54527953113866
2334,331811388969992.4,-1.952269687739039,3.558901003007089,4.822978807570515,1.2454695337102202,1.3926088119340114,0.16962573634872463,-3.95100766076099,-11.451161468629643,-46.06964823965579,1021.0417166832191,1423.1704855317919,1.0,6.303828825495174,4.059203528140656,5.203122284930366,5.993905315191355,1.875986821091358,1.8683023477147942,1.2569674816128698,1.402901348459009,47.63561744578987,12.11361054830558,46.238760260857035,47.47148183811253
2335,331811422303325.7,-2.2441868812597154,5.002054048113646,6.105031067029829,3.619217851461425,1.3299531782103586,-0.2850969371081251,-0.4309451618263755,-14.835428929596803,-43.38840765046863,1021.0388742612739,1578.6191878442287,1.0,8.205383829393217,5.48241912464455,6.504443026687034,7.892524883055453,3.866366973803356,3.8558414532458265,3.630429467691872,1.3601675337179122,45.856619846003305,14.841686738966677,43.39054772845978,45.85459486211128
2336,331811455636659.0,-4.013252551921587,5.355926284659741,5.903799605587883,4.1265213632836515,1.0457828656327097,-0.8117019055273004,0.6790681432688783,-19.121671278440772,-41.35765055438017,1021.0399968583961,1774.5505226142022,1.0,8.924516356372141,6.692693210674925,7.138700570022865,7.971248092340919,4.333670539753106,4.25697549484224,4.205596098661046,1.3238284577269113,45.56922980918343,19.133725356656225,41.363225127175774,45.56416982519235
2337,331811488969992.3,-4.198859113458581,5.043296577965578,5.307697085637472,4.052229223531297,1.0053407048266199,-1.6602276801514542,2.1035557550942374,-24.23538687951346,-38.60932790377786,1021.0487386437321,1968.7053471787483,1.0,8.440195885219609,6.562412531073727,6.767722379616254,7.321645219908148,4.493064384444477,4.175077437943199,4.379145764870374,1.9408930631856987,45.63396898359733,24.326506613455276,38.666589557345624,45.585460164191964
2338,331811522303325.6,-6.132730472288071,6.206025499909113,6.19862027648258,2.881433079507145,0.8054999057930727,-2.36870152221911,6.868970895654896,-28.46147644470381,-34.81655407343849,1021.0298833573088,2118.8245188749015,1.0,10.702711286551358,8.724971951316109,8.719706209371486,8.771410709660284,3.8160494744268982,2.9919035228280135,3.7300674917541583,2.5019146667294185,45.49099735251416,29.278633891931907,35.487676716207,44.9694127042048
2339,331811555636658.94,-6.408028983769202,5.979751755995557,6.563109461769873,0.012902204866908129,0.6474469678476096,-2.9194776551609722,10.881048958361026,-27.238220971755933,-34.93651896283222,1021.0188887589271,2184.514919645722,1.0,10.949642566190521,8.764717138627926,9.172635459016094,8.878729462626124,2.9904353900476934,0.6475755114776124,2.91950616472626,2.990407556698463,45.6166446089669,29.33117638521262,36.59176934331797,44.299898859326305
2340,331811588969992.25,-7.787366531879145,3.5166833829704602,7.569006155311295,-0.49668352383192194,0.470718311848698,-2.3655968880973717,10.864678674489491,-26.49854561364707,-35.835477288772054,1021.018331854278,2167.8009709428575,1.0,11.414902264015767,8.544597095117592,10.859692982813636,8.346071902110648,2.4625837831293684,0.6843027487565598,2.4171766918911954,2.4119752001390182,45.87369175085584,28.63938131905857,37.44626383518126,44.568535449940825
2341,331811622303325.56,-7.485623413281829,6.754015486218453,9.802003943313206,-1.2920570243891498,0.6116817923961552,-2.5582328316122305,14.839409165252311,-23.9574618773421,-34.183916548197,1021.0194371908336,2112.8481388414934,1.0,14.061670042291542,10.082226097125167,12.333443930638381,11.903613169655939,2.930549639600232,1.4295334796437322,2.8660018449073053,2.6303440527595825,44.302462624014154,28.180987278271044,37.26591223823551,41.7432644887579
2342,331811655636658.9,-7.045015286379998,2.551997173698509,9.832014181860806,-4.1692323484400395,0.17219884702517643,-2.603279705420259,15.405601838830263,-18.77455640834993,-37.64029893687879,1021.0189117340933,2065.632614304434,1.0,12.361773045651868,7.492992056574798,12.09548441599756,10.157814353830119,4.918253352852884,4.172786936592336,4.915237898609979,2.608968698081637,44.79518546009697,24.286138769818553,40.67093153683807,42.06276348966996
2343,331811688969992.2,-9.237575427725396,1.2537476975113755,10.364269654938333,-4.271798552457114,0.2600552190053466,-2.426010077594232,18.837641434208685,-12.927938191717372,-37.16223504810418,1021.0401123723886,2072.130587966522,1.0,13.939970177593876,9.322268129158864,13.883475258853297,10.439826089034751,4.919493519285841,4.279706951381907,4.912615166015294,2.439908525646134,43.62361785160904,22.847063721464963,41.66399463054831,39.34670633813467
2344,331811722303325.5,-8.717005510352928,1.129678238469407,9.695736294585288,-4.185236808656516,0.218691972613755,-2.5235462016318473,19.104556319312653,-6.044981438620522,-38.649147393506055,1021.058543680476,2161.3331087268066,1.0,13.087003487587719,8.789900908997476,13.038155059733787,9.761325484615796,4.892066920555114,4.190946590380158,4.8871763398003045,2.5330044632128503,43.53484198887153,20.038110508504932,43.113114784282814,39.11902855182146
2345,331811755636658.8,-8.844777617539691,-2.006422499357508,9.6266861172856,-4.617589692138961,0.40035083216059913,-2.9576941131238628,18.74761560288683,-0.6908715523992259,-38.01279185906977,1021.0479546885788,2294.8367247622737,1.0,13.226069255466584,9.069499564455535,13.07299417518689,9.833555656356825,5.498215148624799,4.634912658698076,5.4836200663207455,2.9846666908750863,42.39012549186994,18.76034099624845,42.38449522779016,38.01906953652174
2346,331811788969992.1,-13.296063195650376,-5.379944236820279,12.78022554967784,-4.922099319462116,0.460368066528614,-3.5092582459437534,19.96797388970699,8.972623529222984,-36.32291250538326,1021.0588426006207,2417.524780163243,1.0,19.21101927526654,14.34325961886015,18.442327987631245,13.866433034199314,6.062498981777477,4.943581744780673,6.044994222277937,3.539326516924304,42.409691429329136,21.8912757567298,41.44965565760164,37.41472899635775
2347,331811822303325.44,-16.08142001100208,-6.95446300144361,12.92215006823793,-5.565427355671809,0.2375698430596142,-3.923765565900606,18.61017451598663,18.37313550183775,-32.2093124903423,1021.0586462408369,2474.2806190200376,1.0,21.770589968918337,17.520748420335995,20.629930488402515,14.674689707946454,6.813688963970895,5.570495586713221,6.809546083800844,3.9309509850007887,41.48916141337264,26.151686440540864,37.19917212272336,37.08115315452597
2348,331811855636658.75,-18.04822813765204,-5.939990334754041,11.734248301202475,-4.8880697407076825,-0.10967524158626851,-3.9439523549252797,16.279467746013935,25.565445176043088,-26.114741183810246,1021.0391466987103,2412.276513807828,1.0,22.331919023675045,19.000579572363215,21.527450432018373,13.15203666248101,6.281720674031896,4.889299995770261,6.280763167636774,3.9454770100125622,40.00740886686075,30.30863007697268,30.77337773451109,36.54547433194239
2349,331811888969992.06,-15.524021232246332,-6.6504328518232425,6.0539164513184085,-3.8628696732064234,-0.13786164183922417,-3.403409762229526,13.129537444341034,28.733914018009486,-22.887779140646288,1021.0179842858234,2230.1851857315105,1.0,17.940830436058093,16.888560990677824,16.662687046775456,8.993228648052572,5.150142323674924,3.8653289568248272,5.14829681757153,3.406200792955378,39.011190731477534,31.591495189318206,26.386268919522454,36.73538142969752
2350,331811922303325.4,-13.177083615366042,-7.068827164291814,2.588897138986638,-1.7421222255134243,0.9716826218385571,-2.1977756144220595,12.155704345284391,32.85031042530563,-18.93839909300588,1021.0226263248793,1977.5516645574241,1.0,15.175843913312738,14.9533892507678,13.428995532153602,7.527994811029232,2.9680590657126684,1.994782435808702,2.8044977268623534,2.4029949581576973,39.819178838530505,35.0271900552829,22.50386874152824,37.91841050525338
2351,331811955636658.7,-9.974539425594086,-2.2754360849101087,-2.062566275011423,2.4148042618145187,2.025030390125352,0.5069983118403462,12.593170191020983,31.98056878307402,-20.390843980641566,1021.0288095481666,1706.0842744722643,1.0,10.436629042370738,10.230789125441001,10.185559208582772,3.0711217845154786,3.1920330499569958,3.1515119710717903,2.4674535276447505,2.0875333216837992,39.96412432910065,34.37069558721423,23.966110525132898,37.92813333044213
2352,331811988969992.0,-9.931165037690718,3.0760021263254957,1.5979721388098682,4.994575866212028,3.6108968484695283,1.308923962459814,15.799941418330164,27.437111114308223,-24.65888694022496,1021.039447861717,1467.491316300149,1.0,10.518713944367061,10.39662580297134,10.05890421279888,3.466309858851565,6.300606801978385,6.163145636250599,5.163242200676734,3.840814755984552,40.1309596228692,31.66122573624655,29.28649610235854,36.889778685019145
2353,331812022303325.3,-12.348668173337522,8.955139491535293,12.559942299345108,4.247603499433632,5.282738243317512,1.8862498029061545,20.94567176223127,21.307067987860112,-25.27658466077047,1021.0485062152575,1300.1756992911742,1.0,19.759460507081982,15.253987313750265,17.61368093892011,15.425520214104077,7.036149312995976,6.778603015062192,4.647587955850255,5.609390489738872,39.135892016453674,29.878291648125156,32.827227992692734,33.05899088527038
2354,331812055636658.6,-17.167194787993516,1.0979367166239287,12.82861309379861,0.231064766694219,5.919874544388819,2.4414496196398483,29.050238163897546,19.22463271741901,-20.31371075875531,1021.0387797846212,1191.2328888571587,1.0,21.459062324179122,17.202268510944208,21.430956366884164,12.875510822646692,6.407728286448306,5.924382292501909,2.4523595110927383,6.403560795880859,40.325546311106535,34.83536766705394,35.4480349549808,27.968434849129988
2355,331812088969991.94,-17.126092191177634,-1.880935703481657,10.315640343538648,-2.223192426071365,6.320002836460242,2.343458248634407,33.96158595472252,17.42533090695069,-12.226094332417938,1021.0388179669172,1115.3929300575405,1.0,20.081169999743285,17.229072896164425,19.992885470535704,10.485721473407263,7.097662782867275,6.699628378963014,3.230229268400886,6.740492001030648,40.08127817824575,38.171081695135875,36.09524488329714,21.286604704412422
2356,331812122303325.25,-17.1037501117045,-3.9498951001968483,6.608466685120021,-3.163911511131417,6.219074936005179,2.297597352025364,36.66391579257267,16.694590721000925,-3.11961590467079,1021.0388228840281,1047.3858679517607,1.0,18.756646051854045,17.553915209610384,18.33603282643148,7.698928706703308,7.346167892306279,6.977623457160591,3.9101521252125027,6.6299205614910495,40.406485667269614,40.28587941930262,36.796395538660235,16.983561544458368
2357,331812155636658.56,-15.301476703358151,-4.024849577165429,3.9275903613496075,-3.5362768133245654,5.76733976442801,3.2822246573026383,38.76086756941362,12.83982476693434,7.139473202307725,1021.0287528444749,963.0668660811258,1.0,16.30216456390952,15.821965852011594,15.797504719099742,5.6236447403241145,7.519339090625911,6.765165309052653,4.8247541286020335,6.635902851862583,41.45163485781557,40.832168137134246,39.41290311991862,14.69126194892905
2358,331812188969991.9,-17.97210019097441,0.7353615722372817,2.1148170687575014,-4.964468043471321,6.001394122412902,3.2218012990861298,38.47940083854177,8.178883635064851,16.281082176453328,1021.0086375295488,860.7874604350025,1.0,18.111035120904983,17.987138235871367,18.096100035884266,2.239019400592893,8.428681864797909,7.788624677514003,5.918272261854893,6.811514884614524,42.575016890725095,39.33901913379515,41.78202874118962,18.219982830737187
2359,331812222303325.2,-14.975439318972665,-1.5700763887744573,3.2210547729643015,-6.82840074596396,5.172755847064039,1.8245951460826466,36.01349068387162,1.7615854243033289,24.241062548646223,1020.9809898227917,759.6634203375448,1.0,15.398185494182606,15.057520468616987,15.317929907355909,3.5833411388009306,8.758630443621007,8.566473008234858,7.067970302327927,5.485120828244676,43.4477134948642,36.0565485653359,43.41198710868562,24.304985017368278
2360,331812255636658.5,-10.260863310248583,-1.8273691459316128,4.177432021618595,-3.720164254596983,3.4232389917561843,1.4515160045419517,34.115771019492854,-1.0052707967866772,28.051707578603253,1020.9587450064337,679.5885084704777,1.0,11.228336126174383,10.4223123090372,11.07863954494639,4.559628964153471,5.259761019980133,5.055510585080504,3.9933095037352864,3.7182608711763794,44.179120630732434,34.13057868875564,44.16768196690806,28.06971441697153
2361,331812288969991.8,-6.627220302699561,1.7334298169553297,8.226455111520973,0.74353655442481,2.1930473187488255,0.9234413695291831,31.406988664500624,-3.156591500904247,30.660067516706857,1020.947933264039,640.4560397994256,1.0,10.70511053528606,6.850169915470933,10.563835129458562,8.407100726896243,2.4929996215393344,2.3156647317859576,1.1855760501645822,2.379537876401497,44.00457643251068,31.56521830869623,43.89121412197541,30.822131821673267
2362,331812322303325.1,-1.3216370107153332,16.923603567086904,7.459784383101359,0.004125115053705802,3.899554594192823,0.7186563088357779,28.88647086168631,-6.696255069366956,34.129352244181334,1020.9475543995452,654.811670741562,1.0,18.541938008912986,16.97513128326285,7.57595587569354,18.494776039148988,3.9652250806094256,3.8995567760534735,0.7186681478983685,3.9652229348827057,45.21151087283503,29.652454043418984,44.71287156345986,34.78005917995868
2363,331812355636658.44,-5.369050229686189,10.937204212976821,7.706699846024695,-0.3028309621163903,1.3291682300133025,2.8077172524516367,25.9432667824037,-6.520608407410395,36.59420404821632,1020.9388625051292,709.2029303512294,1.0,14.41673884350994,12.183970468006367,9.392546134334948,13.379673333571152,3.1211649980428144,1.3632295387399123,2.824001197119241,3.1064391758718313,45.32887816026616,26.750166828372535,44.85742816151482,37.17060806504627
2364,331812388969991.75,-9.10828255475207,12.759240360954585,4.3777473560717475,-0.9794769244164147,-0.08562274150130383,4.28609052839019,24.197843801078875,-11.400539252514978,34.62718230796502,1020.9278047465632,784.43002752549,1.0,16.27647681777007,15.676703278617394,10.105715363634287,13.489361975356939,4.397417232522124,0.9832122351386998,4.396583567159885,4.286945680950284,43.75556758240707,26.74898016503706,42.24425877217468,36.45564496531615
2365,331812422303325.06,-13.201892228096607,12.788431841169446,8.819746752385146,-0.06532326872911673,-1.6885366388266299,5.539599540662407,23.21603678409358,-15.049050218024055,32.61315042315916,1020.928985751175,861.2931711614077,1.0,20.3868065212461,18.380259719560932,15.876961018358832,15.53486149704737,5.791596168674448,1.6897997248482997,5.5399846751001585,5.791227767198169,42.76769641854238,27.666916641089514,40.03251109390957,35.91784365727175
2366,331812455636658.4,-20.6317908446126,15.887241956888516,6.861107503962877,-1.935243402101743,-4.330268213143095,7.756172397669898,19.724663099580567,-22.278345356407133,28.360824181329292,1020.8817816804502,921.9107227207094,1.0,26.928610187558785,26.0398780806009,21.742713483757633,17.30546888060692,9.091457533614301,4.743035928931577,7.993958799478188,8.883098167876673,41.10624471361468,29.755453386082063,34.54560294214341,36.06467828864719
2367,331812488969991.7,-21.936554543152816,2.74451557438346,2.40766488645328,-3.4638076817895436,-7.235783711253243,7.609944384202232,18.86102893514861,-28.66351379809211,19.079713461412165,1020.8678319619166,972.1330146468786,1.0,22.23829222688226,22.107573158597752,22.068286644644132,3.6509198763453385,11.057385907307074,8.022127496647133,8.36117319441927,10.500848510796109,39.26029675786369,34.31232192297586,26.82860186931301,34.43301452128479
2368,331812522303325.0,-19.347185393412854,0.9925629226506892,0.6545144002894123,-4.068070646460964,-9.055157917536125,6.0778797356709395,15.901608994322833,-36.03957145389892,5.808424964054753,1020.8704159700211,1038.374470576155,1.0,19.383682645531906,19.37262924340701,19.35825332377056,1.1889366070598917,11.639832721194663,9.926987644603699,7.313673554779211,10.905801529131026,39.81770560632631,39.39177425794648,16.92923415785201,36.50463684443033
2369,331812555636658.3,-13.407345290001496,1.3014115745518275,0.7015675447648159,-3.7248860299418576,-9.10992767143005,3.0735154714072466,10.262543233202493,-35.36439079485257,-3.330054237953693,1020.8713586465445,1147.7300108052307,1.0,13.488616564776763,13.470359305219098,13.425688241024838,1.4784685002545028,10.310773756984617,9.842030182576304,4.829210420869619,9.614430796030863,36.973628319818935,36.82336119781033,10.789302796801266,35.520830473382325
2370,331812588969991.6,-10.145193922990943,2.419476904766402,2.2836826224664413,-2.9161100432912974,-9.168517688940216,0.8004350816066271,7.6069674608086215,-37.61209722349599,-12.506639017012798,1020.868059073696,1327.2945221216846,1.0,10.676798890488927,10.429708923445101,10.399046401245046,3.3270219134915857,9.65433118951596,9.621092162379178,3.0239699245281826,9.203391382108894,40.36027540789808,38.37363432748475,14.638373319862696,39.6369256760862
2371,331812622303324.94,-8.418643276500863,2.427866986505999,2.675133543547644,-1.9693035403140777,-8.140246725485245,-0.5206968656787908,6.1093892599805715,-37.10002264999936,-14.648449016194647,1020.8744079097331,1593.3063736090367,1.0,9.161027900675375,8.761740279256108,8.833453123936696,3.61259983667988,8.39123938471514,8.37506854811749,2.0369785614535263,8.1568831043298,40.35236518892648,37.599685075282636,15.871411270268938,39.88720019267484
2372,331812655636658.25,-5.168489313717103,1.2179620987290503,0.9564560354787633,-0.6964201165592613,-6.718191855859219,-1.5090343357435319,4.304381426213906,-37.192415242623426,-17.87336199277016,1020.8992130462038,1920.4602002217998,1.0,5.3955093927962094,5.31005776427605,5.256242948514808,1.5486251391941905,6.920714371893589,6.754191497942707,1.6619824322781929,6.8855854100131575,41.488076841023414,37.44066573983511,18.38436206091841,41.26418326471915
2373,331812688969991.56,-4.438516227809686,0.11880526693565353,1.2471892008234098,-0.9693961532002316,-5.1296577976700375,-1.8775431266887488,5.650776524312797,-37.25795745878933,-20.321746334088,1020.9091569348794,2273.5150601145033,1.0,4.611943397162644,4.440105966751422,4.610412910703385,1.2528350226993925,5.547818149111648,5.220451898354818,2.113030310813257,5.462468060663896,42.8142504710254,37.684037327875046,21.09276296256002,42.43970744559833
2374,331812722303324.9,-6.35602695784751,0.11678006529183453,1.730244530357264,-1.1116997492556382,-3.9058649007279382,-1.6048204605885097,4.527412446860148,-36.020540649263395,-20.798996042986776,1020.9188575416795,2617.2300114416716,1.0,6.588358096473282,6.35709967457911,6.587323039271377,1.7341809935761592,4.36658970661969,4.060992114648035,1.9522615201910232,4.222704031004539,41.83987390666229,36.30395036534207,21.28604472090021,41.59420133938643
2375,331812755636658.2,-5.906138582194898,-0.755796046858113,1.0516314004494012,-0.5730425247408294,-3.2479644788223907,-1.2154081210206973,4.797609971685422,-35.46131082251004,-21.800628188181165,1020.9084296263004,2916.51994153244,1.0,6.046455922186871,5.954301018300764,5.999033385013149,1.2950506811926397,3.514949201837263,3.2981284072718196,1.3437241665626194,3.467923032066177,41.90213617574171,35.784376852071674,22.32228596805745,41.626577503441084
2376,331812788969991.5,-6.595561114763939,-2.3067363223504147,0.347666244107454,0.17741378408897251,-2.372088706801886,-0.2763636868876799,3.845498392999716,-36.18994880488867,-21.614818401506582,1020.9197935514436,3139.743925270571,1.0,6.995951021607329,6.987306983340352,6.604717877084373,2.3327889484783015,2.3947144654743213,2.378714039921952,0.3284091019063268,2.3881335223071587,42.32848481721421,36.3936842376672,21.954230399188923,42.153443145614695
2377,331812822303324.8,-16.751566304008605,22.882091975849388,1.9624423585760362,-3.919166457618415,-2.174566809807584,1.1930046992223036,1.6194319406360924,-35.833604006006524,-22.944501894694373,1020.8990076102639,3258.6292591902875,1.0,28.426330871914526,28.35851030694009,16.866124440674863,22.966090507571472,4.638088695271416,4.482031518501182,4.096721364077349,2.4803227658277125,42.58074568470206,35.870178921628465,23.00158096753321,42.54993940365745
2378,331812855636658.1,-20.447144224795906,19.20933879349841,2.895352236764274,-1.982178308540482,-0.5341755447515567,0.35336233391388444,1.0583811293887777,-35.320507747970375,-24.95379964436178,1020.877570755706,3245.0438734503973,1.0,28.20403283943528,28.05502457373737,20.65112034550524,19.42631620916171,2.083084083393682,2.0528941422925415,2.0134288628798074,0.6404751764429983,43.25910950170417,35.336361416952386,24.97623445009268,43.24616034129949
2379,331812888969991.44,-6.576437146424961,17.020938439988413,-9.164210307048776,-2.306021756772327,-2.0933635324160633,1.2066051844510681,-1.4251491647303345,-32.959332039262854,-27.138746116878664,1020.8687837753627,3070.855847661143,1.0,20.419221862514064,18.24724283059644,11.279728546941948,19.33119489141047,3.3400304329004227,3.1144674057624666,2.6026202976714687,2.416209210725275,42.71838198495476,32.99012910881239,27.17614010374042,42.694602811957104
2380,331812922303324.75,0.09498460659353299,16.354569423418514,-1.1883996632892078,-4.527014918720105,-1.0763481290134946,1.831198983500403,-4.176715591350526,-31.00607901625349,-31.57750708542227,1020.8896385846796,2728.8659003235425,1.0,16.397965021935235,16.35484524845483,1.1921895131209763,16.397689922215314,5.000567876383457,4.653212800758767,4.883354768137095,2.124103343061199,44.451781098433834,31.286129340223372,31.852533758885247,44.255122750841494
2381,331812955636658.06,2.2026737708476998,11.340787080206535,-0.6486239968272713,-4.819565519336055,-1.0574758616015072,2.2115306848736402,-6.507636323901988,-25.225265344084466,-34.8837417503776,1020.9180166925731,2290.818056295621,1.0,11.57090905800491,11.552714976980948,2.296189197352999,11.35932060855048,5.407155903354419,4.934213918451739,5.302742664443627,2.4513512942880142,43.537785666139186,26.05116777044049,35.485557189245405,43.04868697401242
2382,331812988969991.4,1.1155505696073906,6.2825948655332375,1.4621979376043552,-2.3261149638697534,0.043989004591221154,2.131182738045623,-8.33011494717672,-22.21895455326011,-37.6856962899789,1020.939161619493,1847.0630411541829,1.0,6.54625649715243,6.380866031956475,1.8391508589797096,6.4505054881892026,3.1551047083428703,2.326530863251917,3.1547980423606234,2.1316366706051397,44.534082019657085,23.729154145755285,38.59536915089304,43.74807020087135
2383,331813022303324.7,-1.769656912269907,7.758197684607882,6.693668369202114,-2.347421087179105,0.7304988367335115,1.968418356041136,-10.215449638132524,-19.610282427482016,-39.06868943550383,1020.9600444100133,1487.9515804760329,1.0,10.398389930054396,7.957469252256007,6.923646569835981,10.24669837314986,3.1493944077237823,2.458457709825846,3.0635039717507824,2.0995950502105645,44.891882143686956,22.111503526328367,40.38214835192737,43.71413582690911
2384,331813055636658.0,-0.8952831592105059,6.0890591084866195,7.3844426244798935,-3.7083028974413583,0.8364807980911875,1.924477748067264,-9.931423731619219,-15.139637639048107,-42.38209750328849,1020.9679963439141,1300.3654693136418,1.0,9.612916604030502,6.154524576424227,7.438516304304336,9.57113544470453,4.260847932929933,3.8014747802329616,4.177933099270263,2.0984076649643932,46.08778573501773,18.106402325659605,43.53016616227443,45.00500879479899
2385,331813088969991.3,1.7312254059565177,2.389691985190997,7.461748444100396,-4.071952301011296,0.8956970483161356,1.6837756772252452,-10.014429919865766,-10.346770808804582,-42.50638088161841,1020.9693529338003,1292.6375750751822,1.0,8.024055024322184,2.95089294795921,7.65994982028368,7.835069727010779,4.496461861874152,4.1693007500147345,4.40634724833694,1.9071900098253374,44.87913644939092,14.399460850664974,43.670141083732695,43.74754943791876
2386,331813122303324.6,1.4188295434079563,0.4203182533890741,7.545027819596276,-3.4356150953526297,0.8882226444936262,1.1782719214313062,-9.543947704166863,-4.665137189741362,-43.15213472758543,1020.9690670991704,1395.2326880970263,1.0,7.688770350703746,1.4797786007978597,7.677273088260503,7.556726290703785,3.7390794683236583,3.5485758480841447,3.63204843087868,1.4755555519954755,44.440490257496755,10.623108903658094,44.194950722085395,43.40357400660448
2387,331813155636657.94,0.3341271127957989,-0.8987043494018316,7.981441298284418,-2.010458846625986,1.1708541243845725,0.6771049970950362,-6.746262573954567,-0.11936377431017499,-45.259190780521365,1020.9825590081848,1535.2828415408742,1.0,8.03882551328856,0.9588067767485928,7.988432019205352,8.031878653565045,2.423079720450015,2.3265519883649826,2.121418381901071,1.3525422572620174,45.75937779881833,6.74731846197863,45.75922211778048,45.25934818154419
2388,331813188969991.25,-0.4796762185048707,0.7275717721379956,9.044128925147715,0.32114250744435063,1.0874647214370379,0.17727624203364387,-6.152146431427697,-1.4303333572582515,-44.420613102757926,1020.9983911253544,1639.9201341954195,1.0,9.086017718060246,0.8714642610062422,9.056840359048662,9.073347160684726,1.147666718367031,1.1338924245526023,0.3668233581401488,1.1018195797678063,44.86742278816027,6.316229826931111,44.84461811788164,44.44363533665754
2389,331813222303324.56,-1.1231154640130103,2.000795804629796,9.733016819428737,1.3227311913064868,0.8901174161511656,0.17597081581018348,-5.408862450010905,-3.722312196755527,-44.034716204067045,1021.0173696116968,1658.7231346720512,1.0,9.999809428414727,2.2944655581048394,9.797601989915076,9.936538645781381,1.6040238611091813,1.5943421273336238,1.3343850765322502,0.9073448862216223,44.521541216202046,6.565927283579444,44.36566267031141,44.19176211991144
2390,331813255636657.9,-0.19322335039246707,2.0999522753902573,9.011839647286047,0.6433141431048889,0.8354332334273201,0.0017717200606798132,-3.858816654028568,-4.621310974062429,-44.89076638542809,1021.01958510217,1627.2335799321604,1.0,9.255289765882553,2.1088230893210573,9.013910865519671,9.25327257716498,1.0544216012703733,1.054420112779344,0.643316582804105,0.835435112086391,45.292691328286935,6.020546577213573,45.05631334941296,45.128011498293056
2391,331813288969991.2,-0.5958388171887322,2.153545220914789,8.58806264264631,-0.06833993297501947,0.9502053868711926,0.002431526675927883,-3.687325495061772,-4.70825681134612,-44.53489229441457,1021.0088503679469,1601.5686758975125,1.0,8.873984497879794,2.2344531578428297,8.608707443634382,8.853958265800784,0.9526628658660097,0.9526597628104501,0.06838317600847378,0.9502084979419035,44.93462677249279,5.980305302250017,44.6872800803723,44.78308066532151
2392,331813322303324.5,-1.8190912409197317,2.6967395495027913,8.393817516209213,0.2121071937542881,1.0339671746034416,0.035758585013679886,-2.7701786096443817,-3.7079289080491002,-45.203778610561024,1021.019684303402,1637.8456284898725,1.0,9.00209251430266,3.2529213240783132,8.588670760846027,8.816381156306317,1.0561042828252918,1.055498735100968,0.21510029763926336,1.0345853249295607,45.44011693414853,4.628458308819198,45.28858013011608,45.35559874436408
2393,331813355636657.8,-2.604749735680244,1.3844812343194461,7.401634260918785,0.3317630659235466,0.9576459700996955,-0.05004186881554404,0.08488700842125832,-5.59169184271934,-44.967717018590875,1021.0194841514987,1789.6516400746768,1.0,7.967791363114107,2.949832109410466,7.846585940263005,7.530005180648248,1.0147200227618112,1.0134853407717244,0.33551590207551063,0.9589525497555857,45.31412359664699,5.592336136904927,44.96779714049006,45.31404408710396
2394,331813388969991.1,-3.0285518346316795,1.5955126396859105,7.474042622609456,1.0863213981311988,1.0772818943775817,0.032560730538290485,0.9729547404505864,-5.920459634289144,-44.786337859624815,1021.0287926213363,2050.0809162857154,1.0,8.220650821135226,3.42312529692508,8.064331301455425,7.642445531894901,1.5302583641871266,1.5299119124941387,1.0868092662518616,1.0777738543530075,45.186442016214066,5.999873599352941,44.796905024827645,45.17596596817505
2395,331813422303324.44,-3.2203044632434077,0.5376444190356612,5.959216670102013,2.0804192095210294,1.1570711107757867,-0.4551239490364052,1.4609040561054212,-10.095518197034671,-43.758334518915575,1021.0190569423374,2350.4269159692053,1.0,6.794975031486674,3.2648770815002526,6.773671394244567,5.9834208311418235,2.423653327463008,2.3805372592622907,2.1296201295842874,1.2433629254479182,44.931565387788595,10.200672935047152,43.78271440340884,44.90780920436864
2396,331813455636657.75,-4.784160189475656,1.563615420191258,6.107997483642692,3.8041901795242703,1.3589176174828392,-1.1242543868249646,4.751689941445329,-13.49309680805382,-42.63129164262755,1021.0100012239728,2619.1915068972903,1.0,7.914588755014949,5.033197979498087,7.758596650087514,6.304960463194464,4.193145351569549,4.03961879551699,3.966838898705628,1.763690737459494,44.96742427457804,14.305321344560733,42.89528627271764,44.715664912760474
2397,331813488969991.06,-8.700088179578925,2.567510263380598,5.074330193542999,4.73073297200567,1.1013623522956721,-2.133000794244227,7.888908244480666,-19.05377674743044,-39.832171214693574,1021.005167208689,2784.8765568421104,1.0,10.393866951145554,9.071033198319453,10.071760583212404,5.686909166292956,5.304952956598424,4.857245462551369,5.1893667090183655,2.400560646869968,44.85402039179341,20.622349081294207,40.60587072045738,44.154821616869704
2398,331813522303324.4,-9.377044186517786,6.535200427626519,4.867466266307186,4.145932658393154,0.9240295397075994,-2.740723792112083,9.686471479418843,-22.400868612470784,-37.70009740157704,1020.998891148689,2796.9592772447445,1.0,12.422963823451925,11.429689510444142,10.565092783764154,8.148685322362637,5.055111779459718,4.247656789123053,4.9699421035440805,2.8922996896762747,44.910176891247815,24.405463411186712,38.92460756141275,43.85312142460984
2399,331813555636657.7,-10.454563842827989,7.859412633870254,6.421428904340052,-0.45082038991814566,1.0941574660101405,-2.598555533047665,12.229353701547346,-22.13330071392939,-38.319120447835374,1021.008774059743,2692.0489133722085,1.0,14.570621855868044,13.079307018844908,12.269174964815695,10.149143615248198,2.8553301810341156,1.1833932501039883,2.637371775517927,2.8195161674937004,45.91072951224466,25.28715271537658,40.223277885488955,44.25198292041773
2400,331813588969991.0,-13.022821177929785,0.8503350719885792,8.957126523366771,-4.315632608481881,0.8426102378527858,-2.8752266100809125,14.651572588869527,-17.24614885958404,-39.392643143753496,1021.0188482230404,2529.3762418176484,1.0,15.828678299927345,13.050553289688155,15.805821300645437,8.997398806891596,5.253722954595515,4.3971214247876365,5.18571237832465,2.9961508760827957,45.4299302626028,22.629587486603565,42.02914361699537,43.00244160903008
2401,331813622303324.3,-13.96987368425702,-5.361941266492989,8.635014701797653,-4.805250016345659,0.36850695307544595,-2.9390951972193533,16.914326655548802,-9.788182236079502,-39.50322361543675,1021.0090413670043,2368.1720826865153,1.0,17.27632089883951,14.963548539681932,16.423180253969036,10.164344201451566,5.64486542553255,4.819359407022359,5.63282418489232,2.9621070123786577,44.07275387025992,19.542337569935462,42.97207374821244,40.697827798273245
2402,331813655636657.6,-14.468222385928097,-4.283843779903215,12.411725916507258,-3.887417011137895,0.1591638422538452,-3.2202135036924293,18.572524805051504,-3.8488781456981815,-38.87336510570565,1021.0094494535342,2265.3008938001453,1.0,19.53795579803026,15.089094622915134,19.0625391602265,13.130204025723035,5.0504573215233055,3.890673996515937,5.047948695049045,3.224144559110847,43.253798159886266,18.96714371260698,43.0822143381204,39.06344042224042
2403,331813688969990.94,-16.46635338543102,-3.552047067230684,13.128106291462155,-4.307475165770399,-0.07316560518440887,-3.394993692237061,17.676481015914398,3.8568627646421536,-36.790241585921876,1021.0178133567802,2226.4373013210866,1.0,21.356615063760593,16.845113005905237,21.05915403366963,13.600154894991098,5.48504126509912,4.308096506522426,5.484553261119648,3.3957819977306305,40.99823468689549,18.09235671468107,40.816416514148784,36.991854053774844
2404,331813722303324.25,-12.688264811744514,-3.3204659431732653,8.724382733303626,-3.15630151116364,0.11520464037007498,-2.969742807588761,16.67187432303344,9.183867768338395,-36.79545108278537,1021.0294278408207,2207.802097363365,1.0,15.752219275070228,13.115546424481428,15.398276462322674,9.334899472246072,4.335306642183671,3.158403289406955,4.333775671697723,2.9719765228527586,41.42704480185616,19.034043727735483,40.39624504615092,37.92424880695695
2405,331813755636657.56,-12.721448420873546,-4.00470415616339,5.68672812492402,-1.7154475879448505,1.1844497006266683,-2.076709710999107,18.037208062107165,11.895916130709237,-34.43208885925365,1021.0291144323182,2163.597040841476,1.0,14.498682080456149,13.336900138463148,13.93463765914808,6.9553240143931605,2.9425167364109255,2.0846298281230675,2.693600499469771,2.390741373940853,40.64999924324909,21.60679743193359,38.87042086069153,36.429130703331474
2406,331813788969990.9,-7.391880866532322,-1.4295193607189134,1.83820142222431,1.1050074294850583,2.311914865819387,-0.2756250923029953,19.36703772330674,12.391413669971126,-33.70030867134998,1021.0290839787007,2048.0239825588333,1.0,7.749994375245979,7.5288397743395254,7.617013011258029,2.328628366944302,2.5772002168091026,2.5624191237995886,1.138863736679771,2.328286824749844,40.796324435671906,22.99193952054358,38.86892016406235,35.90623813886125
2407,331813822303324.2,-8.58714175497234,3.858562335129212,5.577021031674824,2.5228327229391456,3.9118902801799575,1.028421422923699,25.39551619679831,10.117921148718924,-31.32757727836459,1021.0388073160511,1831.9459665531529,1.0,10.942151086592187,9.414218332610904,10.239246413078101,6.781715629678166,4.767097768582827,4.654843768817485,2.7243963681999266,4.0448159645767365,41.57789880940888,27.336872009678412,40.328021784284815,32.92095725375553
2408,331813855636657.5,-15.348321173727689,6.593124193692496,13.692779795735285,2.3265940214863026,5.272574037646708,2.2212835679407275,28.975620552641413,5.480726051858684,-29.181830244307807,1021.0387953424619,1549.3714673663267,1.0,21.599362676242265,16.704497881868555,20.56849973591643,15.197417713807493,6.176340130893489,5.763078753867754,3.216697130601402,5.721375505214597,41.48739761510447,29.489403935416835,41.12378633854443,29.692045642951587
2409,331813888969990.8,-15.750774053280859,5.607381106409684,14.208189060449804,-1.1377928599517966,5.640502230160394,2.7965819153642606,34.07656175097486,4.597184497642731,-20.58426117687618,1021.0291052719033,1249.2659575024659,1.0,21.94088062333669,16.71913891772019,21.212249283255915,15.274663965207411,6.39771118525556,5.754114875513146,3.0191791933404226,6.295723613516307,40.07565313592807,34.38526088418364,39.81110233296555,21.091370593283372
2410,331813922303324.1,-17.63902201528644,-0.7314124994379823,11.077195676038428,-4.153965280622163,6.191222716862425,3.0076917206557643,38.635681177510214,3.020410528120047,-13.573994031500934,1021.0288882985087,980.5949094656811,1.0,20.841648829815224,17.654179728894057,20.828810856623672,11.101316511548465,8.039457430007882,7.455646603910872,5.128512166224781,6.883127793110817,41.06205126118054,38.753564220708725,40.95081408247509,13.905976906553578
2411,331813955636657.44,-16.83412495273105,-2.963719736077116,7.2022075009494975,-3.681378023688329,5.673449563213452,3.4517714561910955,39.72967068707659,0.06596265743029198,-4.493147587522918,1021.0295496595139,790.6272022185922,1.0,18.548401291887888,17.093021897785516,18.310094369251495,7.788159446284225,7.593108736571463,6.763177810735297,5.046510709299148,6.640990598706077,39.982989623325956,39.729725445511555,39.98293521174772,4.493631751205063
2412,331813988969990.75,-14.462805018456521,-1.162196621212855,5.391526010189044,-3.632317782345015,5.4327565261140975,3.0939248639131556,40.24893727313088,-3.5479638124323687,3.810202549329522,1021.0188700984245,690.896456317302,1.0,15.478759081618742,14.509425556797543,15.435066625072796,5.515365237670445,7.230556479795671,6.535179870820322,4.771383817665463,6.251976850211088,40.58426594503923,40.40501205086757,40.428883178778776,5.206312580055756
2413,331814022303324.06,-14.11776749245606,1.2422762564465093,3.3282284871178773,-4.169742483266832,5.19930254134617,3.230177116689034,39.62120306877881,-8.896799604647441,8.785543944950758,1021.0098954549028,658.9367269152789,1.0,14.557874643327672,14.172318415431537,14.504773829105783,3.552513921125955,7.406317809707498,6.664795517734133,5.274542310185949,6.121012262823055,41.5473050658081,40.60779205796176,40.583562128355226,12.50355251974077
2414,331814055636657.4,-11.966952443253296,0.4701753914314834,2.363225869865083,-4.153738552741011,4.587392215197384,2.8717557576913118,36.50649332550752,-14.534368705409163,13.043870043516687,1020.988348956449,670.9328840214622,1.0,12.207123010349054,11.976185355854918,12.198064899445551,2.4095438179679003,6.822367069603756,6.188514466378869,5.0498044612004716,5.412129753423024,41.40186558963563,39.293408207867415,38.76682345301814,19.529219630515943
2415,331814088969990.7,-12.208191153944762,0.6437206778436309,3.0523470069525485,-3.115044104366633,4.164375550625287,2.497446394900591,34.56739808706292,-17.950601732626453,16.94088141673547,1020.9786755889168,703.0699195949279,1.0,12.600441651513282,12.22515061511876,12.58398798084722,3.1194869068383095,5.769121423076216,5.200531078533709,3.9925854114284487,4.85584824948717,42.47496411121198,38.95034162973225,38.49543445248247,24.68233306920691
2416,331814122303324.0,-5.6542785904121935,-1.2320894516971903,4.580097471719679,-1.8686481816219236,3.049088766248879,2.5180327100490736,30.556876553145585,-21.63840885710094,18.775763425953844,1020.9698874085573,735.9480130265533,1.0,7.380122197188213,5.786960410697241,7.276548579405397,4.742924969619114,4.373702900291824,3.576141542381122,3.1356553948984898,3.9544191777481297,41.88642661744529,37.44253520464717,35.86435552064981,28.648735226785327
2417,331814155636657.3,-4.849037753855049,9.269489701132581,0.7943133339242051,2.3450124001260795,3.5427496482810357,3.3346591104780607,25.955965432791295,-22.958246788605127,23.729481824275222,1020.9688712270083,766.2531898284875,1.0,10.491307836974586,10.461195269074878,4.9136647027205065,9.30346026980568,5.400935993902799,4.248547778611002,4.076645010279827,4.865287910647194,41.99858979541292,34.652463652022696,35.16817381094538,33.017713477088414
2418,331814188969990.6,-0.2417266085735577,14.528076641256686,1.5065919453774559,1.0220954677743845,4.136071189772953,2.4964667284309816,20.072297300907145,-24.300806947644887,28.47684903713736,1020.9686426685678,794.333753157094,1.0,14.607986238266959,14.530087496210083,1.525860754842558,14.605986107897829,4.938026949934324,4.260488708131356,2.6975962024379827,4.831090043978971,42.477726732095974,31.518666488966666,34.84003516100285,37.43608084977135
2419,331814222303323.94,-4.65586292152466,14.389412476083107,5.111417644479799,-0.21045147470707132,4.8443989948902955,2.241231883172733,13.019313451262299,-28.836667025833314,33.02170919872257,1020.9489211702496,820.5380061687371,1.0,15.964298960091662,15.123896685407644,6.914018359848892,15.270290820516667,5.341873435326831,4.848968080416748,2.25109088607199,5.337726292705922,45.732801863717036,31.639467250587547,35.49557438818561,43.84046810383964
2420,331814255636657.25,-9.672615400738588,15.853783801944422,3.111361694190361,1.2944430671405978,3.4392425809633766,3.1123247137806445,7.789398774862807,-25.596829378524244,36.184912763341025,1020.9501988408837,845.1659115478017,1.0,18.830361683235818,18.571536003502796,10.160711603164437,16.156207241517745,4.815655459933752,3.6747751475131083,3.3707785418324545,4.638421569318749,45.002447924504246,26.75579203662482,37.01381694670835,44.323194671908325
2421,331814288969990.56,-7.476114121779579,19.213145292880217,3.9595039106876007,2.147812110301294,1.706145750607948,3.8115854118883696,0.9824922261855711,-24.093311288313345,38.84539889258891,1020.9388446178481,867.5989635137989,1.0,20.993210941300706,20.616431175331904,8.459902693330607,19.616896371854434,4.695978442837519,2.742996570080695,4.37507488087657,4.1760168431697915,45.721088733039046,24.113335310779433,38.85782168494347,45.71053121502653
2422,331814322303323.9,-10.54217324707433,18.868427011723178,9.364510215379346,0.0894080240789857,-0.6571099033481053,4.490398450593941,-3.2070828672477143,-22.23945188680164,39.04234872774792,1020.9492156651362,886.396276856815,1.0,23.555233096745162,21.613767711069134,14.10076126828881,21.064462714977303,4.539104037686769,0.663164549601277,4.491288460994926,4.538223404612714,45.04646040391896,22.469503793870455,39.17384809661254,44.93215123276922
2423,331814355636657.2,-18.169128436588167,13.92610481726926,7.650912112412712,-2.2329957091289936,-4.142837431815706,5.310988234368155,-0.2644509613928619,-24.64903467381303,37.04223582713615,1020.9285509406185,900.0879172988149,1.0,24.136902860115885,22.89221753187766,19.71430151684559,15.889394309835529,7.096193898776923,4.7063119131058295,5.761325009282627,6.7357032306991025,44.49462978534587,24.650453234409678,37.0431797958025,44.493843904792115
2424,331814388969990.5,-23.910308249942066,8.180630501037438,5.016554891937217,-3.4757775726291062,-7.010899856308654,5.33827300875887,3.385218643537928,-27.626406133814495,35.22115317722846,1020.9103846315546,907.2049793119313,1.0,25.76414910268862,25.271041846385195,24.430895677217134,9.59627731874831,9.472639824548574,7.825199456217087,6.370101133454238,8.811916676366849,44.891064280865635,27.83303830225906,35.383461339986894,44.763243258328075
2425,331814422303323.8,-20.976131931666174,2.428230364370735,2.608440904928165,-4.425023151531718,-8.792411352805676,4.431977003378673,5.146107436229351,-32.95000817608616,27.8618488300965,1020.8899062929896,912.7792933711424,1.0,21.276709742618095,21.116212101537467,21.137693222515267,3.563743348917609,10.794894508378265,9.843136049478225,6.262846800782301,9.846264142070511,43.45650792206513,33.34944468127408,28.33310858300523,43.15073184820038
2426,331814455636657.1,-16.856149158822674,-0.42074067120309244,0.9190500089328927,-4.86497009477426,-9.410419572608587,2.358237374377296,6.7827317635244855,-36.75509048097986,17.18693143854285,1020.9089084370934,943.7601108217281,1.0,16.8864276889993,16.86139932440018,16.88118530741837,1.010779714539216,10.852889664485334,10.59357968562009,5.406405232403301,9.701406086049833,41.137971981055564,37.375688976137155,18.476906192571757,40.574958885231034
2427,331814488969990.44,-14.158977088013302,-1.2459857048204095,-0.9595675653718704,-4.3902297003355955,-9.540861887774966,0.6982350664492508,10.012104527669422,-37.56270269409869,9.042853917446056,1020.9048603911474,1031.710950213929,1.0,14.246047959627825,14.213694542781706,14.191455249247673,1.5726570793184735,10.525668367914935,10.502483629280535,4.445407633696617,9.56637746326248,39.91205429103464,38.87414141506186,13.491309945488911,38.63586210578869
2428,331814522303323.75,-13.227981125233711,-0.9320302618573026,-1.3994169183146923,-3.090557678891977,-9.027843882672789,-0.4420983412178396,11.803554569565387,-39.809409099266304,-3.8129424020612968,1020.9296222542297,1208.1953300979858,1.0,13.334411601935143,13.260775432023465,13.301798839285036,1.6813828000438158,9.552432301763684,9.542196389535832,3.1220182110080215,9.038662296668686,41.697139986705224,41.52243915414236,12.404129563905116,39.991593899145656
2429,331814555636657.06,-7.820113815399588,-0.4335036637971202,-1.7386745069536829,-1.794575466597138,-8.22846474965907,-1.1884670307397067,14.049960551815564,-39.53294059618687,-8.236018202704642,1020.9393843291425,1501.3906335938318,1.0,8.022785959594065,7.832120116055998,8.011065417716555,1.7919024715804595,8.50532698518108,8.421884185958286,2.152430019412383,8.31384904960014,42.756131484554295,41.9553904008676,16.285987453724005,40.38174572770377
2430,331814588969990.4,-13.238513426632286,2.835773707898467,1.4716262587083735,-2.0859255745809424,-6.94415780261269,-0.4404642744193303,13.830134860124446,-39.18545212769696,-15.773741357266022,1020.948876795833,1879.8433726569758,1.0,13.618573130649612,13.538827507193211,13.320057116710998,3.1948859710055735,7.264049963162236,7.250683629167496,2.131922672080435,6.9581129887798205,44.44753317235035,41.55444968593929,20.978168334131414,42.2411005403263
2431,331814622303323.7,-14.19563242290052,1.1258025500371702,2.2304135606701285,-2.605498039657829,-6.374027382675883,-0.6567971363358388,11.960268154216081,-38.489763956625325,-21.411968292059097,1020.9588387967236,2261.1305407050677,1.0,14.413818228332001,14.240204045861656,14.369785124967098,2.4984347166358774,6.9172413278749865,6.885989043685936,2.687006236122229,6.4077771148348255,45.63970124680522,40.30520988355586,24.525912836445038,44.044685440775694
2432,331814655636657.0,-21.939343237949256,7.130790438153147,0.7081555006613154,-2.676891732924664,-5.60852267468665,0.7363327055706155,8.428668661467086,-37.131023328912896,-26.14772105864698,1020.9450690168949,2561.188653074955,1.0,23.079957499928874,23.06909087903999,21.950769142006543,7.165867462210923,6.258071731417566,6.214601832963614,2.7763168412653036,5.656652052739964,46.189378274857546,38.075652966916685,27.472636785820324,45.413832804698224
2433,331814688969990.3,-10.080064708784398,15.749142397798261,-1.2865965616284112,-4.920022040667098,-4.510797532745734,1.2985263170711872,6.0693749620729465,-34.529066743902135,-31.395334003135705,1020.9288963751893,2695.9553356172382,1.0,18.742959251724404,18.6987483752097,10.161842118714242,15.801608050401732,6.80000601898274,6.674871628883587,5.088495600546048,4.693981782831231,47.0612447753301,35.05843354508421,31.976621297421136,46.6682273862346
2434,331814722303323.6,-20.148079465714023,26.599828071349275,9.351282467265907,-1.8909051056527069,-1.1883670174924708,1.8885292422718403,2.0772620025213486,-33.38595277472685,-35.93992888014247,1020.9077375565638,2613.3231839452706,1.0,34.65461647983805,33.36908688565014,22.212419722743444,28.19569713995268,2.9247702449531445,2.233324492062769,2.672464184511988,2.2313132606561097,49.09801776052786,33.45051359999441,35.99990979623168,49.05405519002471
2435,331814755636656.94,-5.3086613421907405,13.534511663742947,-5.537336303977636,-3.3918690035928134,-2.891336201040518,0.7873988908094983,-1.6861848262549894,-29.01292636678876,-36.810993299763375,1020.9187566071932,2376.717445530314,1.0,15.55721647870894,14.538393694699021,7.67098289591491,14.623443483644424,4.525991314422637,4.456972107269813,3.4820643806198834,2.9966351197126824,46.90034481054722,29.06188424092628,36.84959222275759,46.87002372604403
2436,331814788969990.25,-2.5358281003447205,12.96944822353677,3.0757337922456336,-2.8692689770088426,-0.6796876623068704,2.561957351395281,-4.53138592138815,-26.92596598949492,-38.410422449264,1020.9496717071077,2075.6649058560633,1.0,13.568240480558291,13.21502975318251,3.9862968423412246,13.32916822550315,3.906188071648096,2.948674241200196,3.8465997884877097,2.650584989895721,47.1264432730385,27.30459856573599,38.67678904846521,46.90808242934644
2437,331814822303323.56,1.5697331496449112,7.002988041649664,0.8709470978878271,-4.1136439398670115,-0.4819735342062666,1.2749124277841626,-7.24758385399231,-21.48262681525813,-41.07215987193925,1020.9686654089446,1799.6923504062127,1.0,7.229415779985376,7.176761363775609,1.7951632261199428,7.056939163603965,4.333562812536399,4.1417828228529645,4.306677160238865,1.3629747562569847,46.91431597231739,22.67224573359017,41.706711549423154,46.3511118683229
2438,331814855636656.9,-0.704110312515538,5.717982602015226,4.494085186660231,-2.046415707502175,0.06592141855542058,1.1583620358389446,-8.090423685333889,-18.098567879528794,-42.62540315386567,1020.9779490169066,1635.099828378316,1.0,7.306702268061732,5.761171440700194,4.548908989763332,7.272697347058225,2.352438200550427,2.047477199222494,2.3515143746072598,1.160236286063017,47.00997882075362,19.82455837334398,43.38640281744723,46.308564578482596
2439,331814888969990.2,-0.6661409501761757,8.819175447091245,6.384086990666999,-0.9107203353112494,0.23748477592203643,1.1977214254316797,-7.062715860543003,-16.345555345377647,-42.58584458638018,1020.9788817820846,1603.2773211277793,1.0,10.907711310650017,8.844297560127583,6.41874679901811,10.887351481006787,1.5232685780525603,0.941175088888446,1.5046421973637218,1.2210387511184215,46.158566853953516,17.806154410078822,43.16753542260772,45.6150341300336
2440,331814922303323.5,0.30064986672375993,7.589122958667672,7.481572478017579,-2.432081051141912,0.8406291006172535,1.502534844748654,-8.193363169290416,-13.170092941502505,-44.14948552403345,1020.979000463769,1665.4883761654173,1.0,10.6611023992816,7.595075880077681,7.487610906436786,10.65686229739349,2.9798131625677446,2.5732616509263337,2.8587810687437067,1.7217050399207277,46.7948674551872,15.510723648872698,44.90332139230598,46.071991709982036
2441,331814955636656.8,0.38875891165605403,3.8359424914172005,7.446888219392785,-3.5357085355843876,1.1367356742487902,1.710556187277646,-6.154810697654824,-8.685361417842321,-46.27800825235409,1021.0086143507204,1780.7282894769942,1.0,8.385805413970862,3.855591820830104,7.457028740961312,8.376789298388198,4.088936941498118,3.7139470703974964,3.927752196668997,2.053818507790717,47.48653751841108,10.645055081234208,46.685498203713315,47.0859804056738
2442,331814988969990.1,-0.2191013102295367,2.098434352023145,6.531191598426748,-3.1605733745374756,1.161812681947865,1.4058176112469383,-6.011985619009131,-3.654135000074152,-47.06129773899483,1021.0088499229996,1907.9924727927323,1.0,6.863519200035448,2.1098417272144125,6.534865651220723,6.860021167978342,3.649021227652991,3.3673480312807134,3.4591252090560776,1.823768588397919,47.58426650228266,7.0353872446326315,47.44375318165178,47.20294956331741
2443,331815022303323.44,-2.090616051488993,1.805138389400098,7.504599465970556,-1.3296770295961033,1.1848269560258202,1.1412537019858915,-4.813904202517808,-1.7022912259070049,-45.215959697132874,1021.0089187883484,2014.3060413647747,1.0,7.996762671498696,2.762100664282424,7.790358696452237,7.718648699709783,2.1152578876008072,1.7809704991270707,1.7522845132375102,1.6450759642101374,45.5033458156822,5.106022824941011,45.4714931028635,45.24799229524493
2444,331815055636656.75,-3.233272245655118,2.5440065135974663,7.407978147823457,-0.6440936608695321,0.9536023928222302,0.7929764520868932,-1.2764403162347453,0.5972025086651553,-44.422187661101205,1020.998760491313,2096.4987750647615,1.0,8.473733462552376,4.114124275681281,8.08283302148161,7.832631063688383,1.397507002176703,1.1507450489003197,1.0216008503993292,1.2402294856842422,44.444535179427376,1.409237636903518,44.44052268458373,44.42620181193131
2445,331815088969990.06,-2.2391966697173187,-0.6688937429572954,6.758998366047771,-0.29944156830160396,0.9676016006981312,0.3140236742568784,-2.0281220568807616,1.6400463407377825,-46.5613281554981,1020.9991485440258,2158.314208238242,1.0,7.151606775912459,2.336968242197688,7.120257062628397,6.79201573552387,1.0604381068663553,1.0128761575338368,0.43390796353687056,1.01728252008347,46.634325455412714,2.60826207988646,46.605477775488865,46.5902031719518
2446,331815122303323.4,-2.033354245477648,0.04923068002270102,6.577431024797518,1.392238329362178,1.0109192609319977,-0.40516736566988676,-1.1826444866449555,1.2256847639895596,-45.50601868703413,1020.9978023444139,2203.4958752307666,1.0,6.884733257972047,2.0339501339653028,6.884557238746068,6.577615262830779,1.767610226286429,1.7205479702317181,1.4499959172180674,1.089090605196451,45.53788189921845,1.7032178728711875,45.52138381822867,45.52252233659044
2447,331815155636656.7,-3.429768592349245,1.2387862051290004,7.684384784502802,1.9074092652122787,1.2680221751010545,-0.715193487708918,1.2383222514071888,-3.6926182819149216,-45.87916395756437,1021.0088237323365,2235.501716375485,1.0,8.50574355217587,3.646629109065416,8.415050927556143,7.783595620169132,2.399498294733068,2.2904345311677554,2.0370841489439977,1.4558097270623163,46.04418049242854,3.894723581239428,45.895872662401835,46.02752562566237
2448,331815188969990.0,-5.364708652343965,0.9398599320537873,6.7639193165814255,2.4674900845639294,1.5219059384637093,-1.0092626792482906,2.0847877809665714,-6.638490096755773,-44.639504763377396,1021.0053226053038,2252.1002702921696,1.0,8.684125755517229,5.4464149324500015,8.633116670459026,6.828904832628984,3.069742034548807,2.8990869257323784,2.665917941937588,1.8261458981293202,45.17854885203801,6.958152833647159,44.68816091104288,45.13042140601301
2449,331815222303323.3,-4.704592390880591,1.5619865027719997,7.284565158524447,3.213841894541008,1.8514090543645632,-1.3771803832115896,6.073312281961728,-8.849522636842272,-44.381033483172324,1021.0110461938286,2245.820107760659,1.0,8.81123606243538,4.957115229563809,8.671682599883361,7.450147071275183,3.9564025348279266,3.708974954039191,3.4964847391358305,2.3074534219537144,45.660434798725625,10.733087765140606,44.794656546386086,45.25472554258226
2450,331815255636656.6,-6.487150003720313,2.459036707383379,5.836511170373359,3.412101639513825,2.0202606418522047,-1.8911353622806122,9.440486249421475,-14.956188422000134,-44.533585394165456,1021.017604410745,2208.9942831744233,1.0,9.066136957983833,6.937577149050477,8.726280869457586,6.333381732546356,4.39320880653973,3.965336134477128,3.9011319583988895,2.7672813408624184,47.91712200038013,17.68644545237643,45.52321395381639,46.97795014870059
2451,331815288969989.94,-8.967261797921513,3.2480912546575453,6.2537825382655585,3.1094624265069952,2.2498172519710926,-2.3148332267254754,12.87147366663185,-16.306631724916574,-39.87848419088958,1021.0179098119182,2133.9560435814797,1.0,11.404897061655603,9.537393823841258,10.932592564820926,7.046977567333249,4.482062819358717,3.838024784850344,3.8764944794764054,3.2280226973828783,44.96525963369813,20.774529418565727,41.90427586432949,43.08363656395646
2452,331815322303323.25,-10.838279287657487,3.609328596415702,7.167362612844218,2.687833737742229,1.9612168058604007,-2.8314164747322583,17.492283657499605,-17.436882611646507,-39.09326438934476,1021.0382370566558,2019.6680657276827,1.0,13.485793920202346,11.423464922437912,12.993821021595704,8.024857614992383,4.368951912612438,3.3272844124502843,3.9040196535277087,3.444312792557395,46.24184450670171,24.69868139732905,42.82830031847679,42.805702842349774
2453,331815355636656.56,-11.175346543540234,2.8316504781073415,7.104725966729756,1.3664847031545395,1.4673903794606817,-3.3191397290438567,21.980299727225088,-17.99690726424798,-35.4029828553881,1021.0385291505798,1889.2063771716441,1.0,13.541925485716803,11.52851312175088,13.242564005151749,7.648226950901078,3.877783324349936,2.0051221832320127,3.589424603592152,3.6290388626537315,45.39155694879277,28.408136988838127,41.671390319469246,39.71473109737551
2454,331815388969989.9,-12.06098052641702,3.8771254401411896,9.406286004923116,-0.2839489429194765,0.8810787494033449,-3.3030941025466327,25.29532359474359,-15.01956565557636,-35.82704968855599,1021.0288396710621,1771.1278566234678,1.0,15.77902307950695,12.668833921762515,15.295275991789852,10.17400206826215,3.430358205073283,0.9257033892318048,3.315276406645973,3.418586025380743,46.35750465276599,29.418374330424186,43.85693656822204,38.8479708848278
2455,331815422303323.2,-13.604908000502796,1.2106273521244522,8.508303177247598,-4.567930861172014,0.3918107858610422,-3.451398789919292,26.45875529298798,-8.97900019879586,-35.97537748452231,1021.0288034629074,1693.9893827932578,1.0,16.09193472655847,13.658665391898904,16.046331189966963,8.594000322415251,5.7386114741652525,4.584703703006852,5.7252201669022345,3.473567229660799,45.55124544266677,27.940797702001916,44.65751355380295,37.07897287849073
2456,331815455636656.5,-13.615159189846802,-6.365772287409922,7.430909910143645,-5.137594124794159,-0.0005853762998112768,-3.5684317588706844,27.576566063475727,-1.521419221383287,-37.79518016160031,1021.0401198280485,1684.7219377013244,1.0,16.76645575763396,15.029824236498108,15.510995514716031,9.784757478232518,6.255284082398001,5.13759415814298,6.255284055007925,3.56843180688413,46.81086792346689,27.618503078560135,46.786137255613085,37.825789613635564
2457,331815488969989.8,-13.950838923635171,-9.787403514524353,8.03114166040612,-4.609199013194854,-0.025873290546133913,-3.6928041184996934,27.262965297115276,7.462209664808075,-33.908102740748554,1021.0291445272217,1737.6556227541341,1.0,18.8392783991014,17.041689300927235,16.097364475053826,12.660667593994972,5.906114393406921,4.609271631223322,5.906057720751188,3.6928947567960804,44.14423270768704,28.26577170135758,43.50894974909038,34.71950467041134
2458,331815522303323.1,-14.622709269030912,-12.00668455978207,14.742011204815025,-4.73618108026048,-0.5178408052807615,-3.8032415269669064,24.68404844503391,16.29590478788466,-31.141782182690175,1021.0387503691223,1816.9799109021249,1.0,23.985641430814464,18.920467766012333,20.76416433978248,19.012821160495907,6.096246093874223,4.76440660781919,6.07421248701944,3.838333650434703,42.94961417762332,29.578011435736904,39.738052860588176,35.147789551690465
2459,331815555636656.44,-17.47774789458484,-5.865808085657369,16.307914831635347,-5.768451379441845,-1.4190053083198109,-3.9601746190532268,20.613173218781586,21.96776651618219,-25.934862888154086,1021.0395420010652,1885.7513787066446,1.0,24.613562564576064,18.435817746018976,23.904387831997223,17.3307758237661,7.139439081287668,5.940421481849947,6.997000380904512,4.206727835079561,39.750506775188946,30.124502914687074,33.12883974990441,33.98823147409773
2460,331815588969989.75,-14.06796192490446,-5.6454760432077675,9.624672260233918,-6.0374754863006315,-1.9917779080221847,-2.905076004789171,16.05434031905317,30.254250677953603,-21.27133775824812,1021.0290963136737,1907.0266027290415,1.0,17.95587003160556,15.158461415163295,17.04528875782038,11.158212933590626,6.989832335340247,6.357538004807071,6.700043047718638,3.5223068901626164,40.31787862958448,34.24998579801797,26.649796492758597,36.98363819461152
2461,331815622303323.06,-13.357932735475874,-5.3477405909877085,3.1397353808074375,-4.002247003990723,-1.1140791219898083,-1.1003571438158033,14.624734640571232,34.6167826555426,-15.377740152311594,1021.0288093200362,1853.087982659066,1.0,14.727207293152683,14.388630803311187,13.721964335582278,6.201311771713432,4.297666717528568,4.154413721694832,4.150754982518143,1.5658729622801637,40.60393326908386,37.579309529689326,21.221634138283044,37.8787081830029
2462,331815655636656.4,-4.857544455827845,-3.435086385536607,-7.636317880093824,0.11815322099818008,0.6771700050963841,1.6262668419159267,15.869541919102282,34.55654392812816,-16.186751555678033,1021.0222960647563,1733.3199000471213,1.0,9.6803361192824,5.949416493778426,9.050364020644942,8.37336068982697,1.765577310839059,0.6874004651107546,1.6305532879202222,1.7616194415700115,41.32805360652786,38.02626840723128,22.66833224230203,38.15973865452823
2463,331815688969989.7,-5.656697602922961,0.24064512651748976,-0.1580974640446028,2.7412553508026685,4.128025828583621,2.2669381534068984,21.656218231744976,32.11855999734046,-14.617514954060956,1021.0303248927129,1566.4321713912332,1.0,5.664020891201614,5.661814006820693,5.658906482621153,0.28793208409962434,5.449228085805331,4.955308077179233,3.557174368747776,4.709522888024367,41.40368857766078,38.73749713654358,26.127830593701404,35.28843492895306
2464,331815722303323.0,-19.664077331769445,1.40817426611451,7.362807471119739,4.3614920902832495,6.669554619397497,3.8464758487871333,28.527410378102445,27.964717462468915,-14.976706894999662,1021.039812819989,1371.1346132426097,1.0,21.04447257429686,19.714433597584186,20.997306283582798,7.4962583080176595,8.848782319055687,7.969038340648754,5.815323697689239,7.699242513158628,42.663102501518935,39.94794820308524,32.21979038261108,31.72266023167736
2465,331815755636656.3,-17.76363246301643,2.547536608862969,13.2222325942686,3.9997313916367556,6.209677673487214,3.864733270600577,36.30982372194599,20.481965113993787,-11.927167906363447,1021.0288444862941,1166.0029067237174,1.0,22.29044673916535,17.945377707215535,22.144391458291874,13.465414124728433,8.336312810034007,7.386335222141631,5.561835529582975,7.314113757762632,43.360944730439584,41.68829804213228,38.21859014910647,23.701650347548476
2466,331815788969989.6,-15.202980654459745,0.38570385515156524,13.935755407584315,1.0673941215569613,6.289516970549151,2.336842990709885,39.22630664720825,18.02515884116112,-6.896153670945922,1021.0188291815705,966.8722577643382,1.0,20.627279680650368,15.207872574550198,20.62367327999289,13.941092003279165,6.793981829294958,6.379447776536785,2.5690787013955565,6.709609443630508,43.716889412253515,43.16954348183338,39.82788054408764,19.29930793324957
2467,331815822303322.94,-11.95849697224833,-3.959504316500692,9.931974902485695,-1.0200203001358532,5.622444389568406,3.013981859567632,44.03478940513717,14.215263444145169,2.303743648462282,1021.0091097781839,787.0162010164181,1.0,16.04142916735494,12.596956944741063,15.545088462240354,10.692137293169843,6.4603722010640565,5.714221060343962,3.1819063566503645,6.379339116522338,46.32972725517668,46.27241503035292,44.095010066362505,14.400727397749055
2468,331815855636656.25,-11.897761769562969,-3.193605169429094,1.4808769584558168,-3.348330288558999,5.482722259938712,3.032739928615683,43.46164747172958,9.870090199125467,11.332204322027042,1021.0093447624192,639.6099475276432,1.0,12.407612408097044,12.318922400253943,11.989567619032785,3.5202429666557937,7.104158681753168,6.424294443820974,4.517612997579745,6.265600917250262,45.9864364382797,44.56830130816936,44.91473762311282,15.027891912541858
2469,331815888969989.56,-10.785806129606797,-6.320885130401269,-0.0044885113327922666,-3.0590199746374234,5.13727328686554,2.63710606149152,43.924912057659654,4.928356431058822,20.737618393517756,1021.0006313207067,537.8286245039584,1.0,12.501488825093011,12.501488019319599,10.78580706355336,6.320886724065055,6.534792147324069,5.979061801752262,4.038803236700948,5.774591345151411,48.82351291150463,44.20052710528115,48.57413628576735,21.315194433706786
2470,331815922303322.9,-9.252402484177237,2.9677476859262004,0.6024245878467158,-2.3539644907508386,5.264718040404011,1.8766743813802107,37.79766021224637,1.7176223109993796,26.128290387736946,1020.9888267603155,491.02146462048916,1.0,9.735368171803863,9.716711277820774,9.271993696786652,3.0282737180384807,6.064677370017312,5.767010045827154,3.0104909163531204,5.589200549155867,45.98152784009664,37.83666665978486,45.94943608039536,26.184686077727754
2471,331815955636656.2,-6.523146506272612,10.258354706747811,0.2557492475307245,-3.02286525285339,5.510792054184921,1.351027392327381,34.688191135767276,-2.3071443612789118,33.50316873224232,1020.989218954204,494.4992238563481,1.0,12.159386880487194,12.156696986918426,6.5281580878459975,10.261542231412756,6.4289826890570305,6.285423088494206,3.3110405240237264,5.673984850110774,48.28100904575633,34.76483164600836,48.22585322596816,33.582513756490606
2472,331815988969989.5,-9.508147667912791,9.18140832071833,3.7972824780020504,-5.016237677813936,4.601377609722521,1.5293215997275322,29.300101791488686,-10.494597755965328,37.000432984577785,1020.9787687385661,540.3535647083478,1.0,13.752181101350164,13.217531192571146,10.238370294757699,9.935673755186267,6.976685524156085,6.807004946933407,5.2441839208511105,4.848865894479751,48.34940111415386,31.122862128202655,47.196694863494734,38.45996129880715
2473,331816022303322.8,-8.40354239813401,3.8876413373891676,0.7599782261154323,-3.3322198676469457,1.5883571025857066,2.179170513409977,26.52891670616044,-14.22034051900915,34.706724115622116,1020.959454475514,620.6761496733001,1.0,9.290363120437354,9.259226749864858,8.43783691128274,3.9612273441884898,4.2866480679186845,3.691418092234404,3.981516466480646,2.696602012134895,45.94081197494095,30.099858904635614,43.68455242348609,37.50699645818736
2474,331816055636656.1,-7.851422903608144,15.358403031140755,3.2824667196929704,-2.843484517606909,1.1274060987020875,2.979003683078405,23.357344746884532,-20.942252803612366,34.58508364550141,1020.9477805900467,727.5548697014251,1.0,17.55847297016879,17.248924177416285,8.509960597863804,15.705258082338077,4.2697671666093875,3.0588312659022003,4.118235926421033,3.185201320981982,46.69337765552578,31.371061603255068,41.733602341412414,40.43149716813291
2475,331816088969989.44,-4.912598860139839,9.517477547512279,4.221940466864606,-3.4101018371696035,-1.1898720251447614,2.0765740092617784,24.23154678947607,-24.836262776407665,28.20516882702923,1020.9389121973347,853.0022375852128,1.0,11.512636002836038,10.71055584122727,6.477531077995394,10.411875919984316,4.166143251501458,3.6117294992966458,3.992612447484609,2.393314657992892,44.71620910889654,34.698815664361526,37.18466630711898,37.581531332025236
2476,331816122303322.75,-12.418351685799006,9.526430184204768,7.532001947334064,-1.1604209907863976,-2.790321917418485,3.6165415173519846,22.415722391474144,-27.32678502391924,23.96549456398943,1020.9221574390788,988.9612095646884,1.0,17.36949578949714,15.651464169422448,14.523997794231144,12.144296002204978,4.712944496322256,3.0219982261218576,3.7981507898697595,4.567851677709836,42.703193320543825,35.34427520936215,32.81477624528685,36.346913341301814
2477,331816155636656.06,-14.40662175187159,8.978166822596084,6.566542415766217,-1.2631431213869468,-5.215588019414117,4.088509648077886,20.716549058171463,-31.405009943519392,20.084057540329578,1020.9192410688378,1127.3721370128847,1.0,18.20103593463629,16.975223998400278,15.83256863555489,11.123262057167487,6.746391633739416,5.366366455373993,4.279187035820369,6.627086051250733,42.6476191799196,37.622467415524156,28.85385194671405,37.27792935284659
2478,331816188969989.4,-14.185748150246855,9.366704582723262,4.810558428718833,-1.2186907926143342,-7.535046620779368,5.467631807187065,18.088745402735192,-35.892305506896705,14.318222277913097,1020.8906091749045,1260.1757306650018,1.0,17.666694023454383,16.999135428669337,14.97921636729872,10.529797108022867,9.389202969596791,7.632963698677043,5.601803711927672,9.309775784425867,42.666987168595675,40.19278921455167,23.069768083895003,38.642840006916344
2479,331816222303322.7,-13.646468613525583,6.2035247255841375,1.7520582803628413,-2.8425445955926247,-8.634800823099363,4.950285211369295,15.383599393311258,-38.223879631187295,4.635205305117108,1020.8888639044036,1382.9677521793712,1.0,15.092366708328438,14.990324367433567,13.75848152369028,6.446194787525563,10.351095048661847,9.090646018437319,5.708360837564,9.953145680060098,41.463299827365006,41.20339918445299,16.066743867830603,38.50389723495637
2480,331816255636656.0,-12.197331710627608,3.5479180489733704,0.043941445918056585,-3.619542738323946,-9.083013218081314,3.126949115769437,11.78599449232371,-39.7778366751746,-6.228028620207617,1020.8984512083056,1503.9935458933892,1.0,12.702934865297161,12.702858864889937,12.197410860906144,3.5481901489210492,10.26547755961722,9.777638710567775,4.783189355144208,9.606192788636461,41.952047592746595,41.487178220866625,13.330341581040225,40.26244690839083
2481,331816288969989.3,-10.444132746980516,3.822944733432509,1.6511917663416986,-2.243938117953707,-8.7017593130408,1.1616294964304246,7.477330395073871,-40.520050597861754,-11.678847211898148,1020.9098922490303,1634.23306979817,1.0,11.243720448350926,11.121817084965484,10.573851856621852,4.164293539619172,9.061195092606445,8.986427177655084,2.526784787864377,8.778952000613142,42.82733289021432,41.204186319964776,13.86744179854225,42.169538444855405
2482,331816322303322.6,-8.62253431664057,4.094547849655013,3.416039560670128,-1.081277505233293,-8.584806624047708,-0.23378644696991208,4.293608910359763,-40.039847111290364,-16.344357062005198,1020.90888403235,1784.6662818848267,1.0,10.138182599204953,9.545334993323113,9.274557904380544,5.332414872567386,8.655791235837643,8.652633461300493,1.1062626930844002,8.587989338318966,43.45989463794116,40.2693982345233,16.898907812206087,43.24728158469416
2483,331816355636655.94,-5.944657419065834,4.724968460844567,3.6200666693535237,-0.41254322340095095,-7.346629781333184,-1.052805070903078,4.151530553187915,-39.13507633801382,-17.209924554522992,1020.9047708634721,1964.6150948934917,1.0,8.412440875072742,7.593699940478972,6.960160524055374,5.952328086265086,7.433139281115682,7.358203656813646,1.1307477298200876,7.421682266258163,42.953124555596595,39.35466180665541,17.70357899144764,42.75202571989475
2484,331816388969989.25,-5.277399312941921,3.1296385928382326,2.0148221441116365,-0.4120720440328977,-5.9918176902806675,-1.4974922130103832,5.098140991794606,-40.067886720974826,-18.202149467921693,1020.918387711897,2154.2477393519434,1.0,6.4579477779264325,6.135599500458153,5.648933685275698,3.722115795375674,6.1898437404396995,6.005970579601086,1.5531536619086295,6.17611222061153,44.30287612683458,40.3909220971382,18.90262645308261,44.008564979301845
2485,331816422303322.56,-4.8985762280856235,1.6020760367396116,1.7746113538131614,-1.151672260818796,-4.3895966504944415,-1.7920184594918156,3.941483291411842,-38.953515332713096,-19.755186649214973,1020.9371849405634,2308.837187822548,1.0,5.450866183180748,5.15390111370609,5.210114635921954,2.390793400647133,4.87916364857041,4.5381612741694735,2.1301828924998194,4.74129612165191,43.854065340145084,39.15241559996513,20.14454492118897,43.67658132593754
2486,331816455636655.9,-5.8876456398453225,0.8830425328327985,1.84915017466708,-1.1495845143514174,-3.260179064601778,-1.4996955342345217,3.891567842640188,-39.44513030713606,-24.135006504103117,1020.9349845584159,2382.856714889527,1.0,6.23405900386359,5.953497736220398,6.171201467207251,2.0491755618450695,3.768208962399415,3.4569223434876735,1.8896114021246675,3.5885727286305196,46.406477394582694,39.636632112489266,24.446734735480952,46.24301940725804
2487,331816488969989.2,-7.362977877752361,0.7209886319193651,1.6247773667858985,-0.9132804212357339,-2.5394517421968024,-0.8583545439870817,5.089274795806721,-37.68205495060351,-22.442245533024785,1020.918918890484,2330.787981292568,1.0,7.574507860399073,7.398193552187427,7.540115696717815,1.7775618411117728,2.831901976047576,2.698684175437892,1.2533370061542868,2.680594649351081,44.153056154836065,38.02417629939583,23.012064281845824,43.858769361039684
2488,331816522303322.5,-13.215388515469149,3.1371708672360183,-0.406619095906794,0.7715849744061867,-2.417957384135974,0.07805682196061428,2.157106168875988,-38.714143359003074,-22.874934966668597,1020.9134517067063,2132.350859915382,1.0,13.58873333884304,13.582648293504043,13.221642587210937,3.1634127361744073,2.539282211901952,2.5380822059632107,0.7755232041557407,2.4192169764103992,45.01889217622489,38.77419248733937,22.976417404659074,44.96718298660435
2489,331816555636655.8,-10.62940016396357,8.378551860498899,1.317991820662518,0.2441197582058551,-2.2930795243396958,1.0080462919945856,0.5967288237508933,-38.13230708860953,-22.63641495547186,1020.8989014799864,1848.1254834438093,1.0,13.598580130442723,13.534558697081273,10.710800636973973,8.481582029220895,2.516737071705442,2.306037328685824,1.0371845463322902,2.504869464014043,44.349027173382574,38.13697587891724,22.644278909371465,44.34501241330676
2490,331816588969989.1,-15.742225745211842,20.955047377403783,-0.9652232165376378,-0.07395379064802368,-0.9179663794278956,1.0365281746130568,-1.6094304276586393,-38.58556407563449,-19.934351543751212,1020.8783025941215,1554.8524781704373,1.0,26.227148870210634,26.209381564669695,15.771788968628568,20.977265466380036,1.386550429547316,0.9209405175749251,1.0391630381792298,1.38457680557152,43.46049232125914,38.619114714560304,19.999215928914058,43.43068185631848
2491,331816622303322.44,-7.133415746498767,16.600167536514892,-1.624761798773399,-2.8999396212718933,-1.4440363626487873,1.4943964726042382,-2.0802028470580507,-35.43402580548279,-24.163294192779887,1020.9199847906827,1329.2724703878519,1.0,18.140866389329723,18.067960107681206,7.316110381558628,16.67949079387966,3.567647914383719,3.2395818902559803,3.2623412795651165,2.0780909109045087,42.93905232903212,35.49503385923908,24.252670577314547,42.88863452046999
2492,331816655636655.75,-3.215996285509944,12.334224714426822,-3.255420770567193,-4.195289470796704,-1.025413339027081,2.2192157416273712,-6.051404564494495,-32.029042192498274,-28.84793032967345,1020.9273577681433,1243.5391602451134,1.0,13.15574003269415,12.746596856196213,4.576067799088433,12.756600789372445,4.855599321146574,4.318787591400201,4.746090206861266,2.4446658306896243,43.52794648588092,32.59569052761453,29.475796537309694,43.10525058591503
2493,331816688969989.06,1.6286827434871771,15.159426362452487,0.8804774601512381,-2.5668532829930344,-0.6451346677951569,2.415635371877136,-8.628724566532636,-30.47530186847326,-31.531384473906712,1020.9344164627576,1297.8876650330435,1.0,15.272067825785307,15.246665704918973,1.851444851127706,15.184974421988791,3.5833264944555747,2.6466836826495315,3.524773755331838,2.500298580061021,44.692584602604704,31.67331545038589,32.69071878203979,43.85170727367288
2494,331816722303322.4,1.4271322439121212,9.423067078130714,-0.36810364576813864,-3.5555309757580047,-0.15641802432898616,1.7020951036074983,-13.049854478467873,-25.857519658971636,-36.14439752038155,1020.9577686703127,1435.460537022011,1.0,9.537630727523077,9.530524623574747,1.4738408108209793,9.430254156329973,3.945046876734708,3.5589699518132565,3.9419447308783124,1.709267193875669,46.317680176522835,28.963943530246233,38.42806492682857,44.44129605474472
2495,331816755636655.7,0.7152253243891767,7.981923843685536,3.4288420329519402,-2.6875023520639276,0.3687515638404215,1.8606897826460487,-11.467122178798004,-20.492553620307334,-38.4575034480808,1020.9800365904928,1597.8282345460814,1.0,8.71662854537127,8.013903887060492,3.5026425669179546,8.687235805095524,3.289500429461486,2.7126825483612897,3.2687666419603194,1.896877482358351,45.06017328421851,23.48275207348262,40.13071719422203,43.57664885394835
2496,331816788969989.0,0.3547835147434138,9.310383884989966,7.026442359274171,-2.7503156133701,0.7725312658784048,1.7954535432914611,-13.85719754124777,-18.12897898124144,-41.33815951970418,1020.9888762880339,1726.5628653467795,1.0,11.669619173581326,9.317141161762795,7.035393632948768,11.66422480553608,3.3741212124084847,2.8567534947746265,3.284492258974774,1.954599187270258,47.217848691739086,22.818453115832746,43.59891462150947,45.13871189321648
2497,331816822303322.3,0.915344969747689,5.859841382218112,5.70223907125673,-3.8878432211688567,0.6194771675434999,1.811872217925243,-13.287942761955662,-12.946538898514543,-40.91933801548116,1020.9885864163809,1780.1956949957444,1.0,8.227461811771908,5.930901907669547,5.775239115344854,8.176384986687129,4.333815617626768,3.936886698077092,4.289312980708912,1.9148453972049693,44.928549007518164,18.55215061106825,43.02280379601278,42.91858680194342
2498,331816855636655.6,-4.17148437907889,2.0689692606799257,2.879271670587288,-4.430033738040337,1.0392820893377477,1.4721655027662537,-13.475577685625565,-4.220420576121042,-42.83933291180348,1021.0005901274673,1775.9831146801366,1.0,5.474679997916238,4.656384404936691,5.0686770737487015,3.54553792176659,4.782528353175639,4.550308361132669,4.668240588027856,1.802048425751442,45.10666899837545,14.12101780328442,44.90879243855994,43.046723384802185
2499,331816888969988.94,2.188227176782799,-0.362060678878068,4.519577854988555,-3.681822894344247,1.3448802398046855,1.248394273215658,-11.87718944146384,0.6031772589775531,-43.60237962227166,1021.027167215097,1743.8838428245865,1.0,5.034482108390436,2.2179779332537253,5.021446222405828,4.534056894492237,4.113758736986433,3.9197605392083017,3.8877124490778763,1.8349907685911555,45.19512098179248,11.89249561001255,45.19109577951293,43.60655147486945
2500,331816922303322.25,-0.7354803205571708,-1.8150430093325476,4.368987506958961,-0.14385166487060239,1.3820186067174298,1.1415883173606298,-9.813946098444127,2.078932781227679,-42.582726369445,1021.0180628656378,1713.8565978537233,1.0,4.787835028864017,1.9583953706169317,4.430460826809143,4.731007605330014,1.7983027045337792,1.3894850595811494,1.150616003634713,1.7925399062914777,43.74841808096672,10.031724653918177,43.69899453166163,42.63344399135366
2501,331816955636655.56,0.4859365356279048,3.0131799556860615,5.696449712203178,2.685105511371074,1.2660924852928679,0.932614898505928,-8.019260254537876,-1.3661317974626166,-44.334808546588086,1021.0389213375466,1714.5325191832678,1.0,6.46257898100023,3.0521120166216553,5.7171385885176615,6.444283728158462,3.1116799863458984,2.9686329831271476,2.842457063195597,1.5725014245558868,45.07493871299959,8.134792629074777,45.054231586973394,44.355851529991604
2502,331816988969988.9,0.16013205999774438,4.638158932611046,5.7421075115756155,2.377199386640449,1.614589937073358,0.7106611468826537,-4.6617580897497115,-4.850515814637282,-45.60815985443813,1021.0222917188144,1749.9685179430921,1.0,7.383086023831218,4.640922382544095,5.744339905605536,7.3813492641015666,2.9602393238437408,2.873669707663405,2.481152189917478,1.7640691399679092,46.10166740437243,6.727517532893782,45.845787525085974,45.86536546214396
2503,331817022303322.2,-1.669271243089469,3.3398068489081423,5.229445691779576,2.1544642683657873,1.6367215952521679,0.14249179080633184,-2.3262262951838046,-7.068417995417458,-45.20741285360476,1021.0188667829325,1802.5629273846341,1.0,6.425564451026164,3.7337348956533045,5.489405134099453,6.204950606675745,2.7094054282216464,2.7056559027396165,2.1591711822160193,1.6429125024821003,45.81576190188934,7.441361551110517,45.267223304424945,45.75666847437879
2504,331817055636655.5,-2.3275211946099574,6.830958272615657,6.903742290288227,3.383029461063076,1.3878618896956412,-0.3912172301624976,0.2580215695492545,-11.30626380234922,-46.64223388725376,1021.025814787575,1853.9725491806448,1.0,9.987041776436554,7.216602097495389,7.285534470584344,9.712036271191042,3.677512730156933,3.6566444945182024,3.4055747320528353,1.441947137049612,47.9937095700254,11.30920758933467,46.64294756041513,47.99301598317817
2505,331817088969988.8,-2.9433306644268336,6.940070614612801,6.013718387445794,2.6966041672203125,1.191424582395524,-0.6797906596112777,1.2007517466588993,-15.09692766495548,-43.62841232868993,1021.0288079124944,1885.8546554957115,1.0,9.643266271314458,7.538419962828246,6.6953718525305925,9.183103450321996,3.0254391269865337,2.9480784538757283,2.780969143224119,1.3717171269730086,46.18221943562464,15.144603978909535,43.64493289122218,46.16660684134239
2506,331817122303322.1,-3.102794734692651,4.755329518918494,5.180419706783466,2.57917840970829,1.03031194468818,-1.1187577283826518,4.42124010205204,-18.365222443052634,-42.72595361915022,1021.0288251287254,1884.1249703861072,1.0,7.68617215117932,5.678071327408104,6.03854978484627,7.032062796358412,2.994214893304827,2.7773555718475307,2.811366237956431,1.5209081360105385,46.71547786428576,18.889911577950734,42.95409732151019,46.505790048644265
2507,331817155636655.44,-5.778853267464323,5.351736239746568,5.845702007983318,2.8414475100258567,1.0256668559693987,-1.7104541738418706,6.228867360501541,-21.959481959210148,-42.77734449454231,1021.0392401165459,1849.3489513033333,1.0,9.808591021795129,7.876307882929655,8.219937776712381,7.925485016448958,3.4715227109266285,3.0208966304172495,3.316546009487162,1.994403665321348,48.486274743646234,22.82581075255811,43.228462736945325,48.08450945909322
2508,331817188969988.75,-5.960633905950286,5.081471967180998,4.668304410435222,2.5538823045106307,0.796872400418429,-2.307332723426511,7.766391345919937,-22.984799928202783,-40.236958289995144,1021.0288736820619,1785.2399072605929,1.0,9.118310149501356,7.832656887289938,7.5711440766408025,6.900320530361997,3.532860702665187,2.6753168873688886,3.4418162533591663,2.4410632763497606,46.985430451452714,24.26144806637664,40.97962477828206,46.339117818214014
2509,331817222303322.06,-7.160017750716515,4.175373367741285,5.183927235500953,1.8784925379731854,0.5013748637402945,-2.819270972169221,12.572308482000004,-24.531495807052377,-38.33859697355431,1021.04899886325,1695.51114727109,1.0,9.776129015801056,8.288522000370076,8.839624187347793,6.656338658978504,3.424675135502275,1.9442507475147177,3.387775528239279,2.8635058177881505,47.219754817222686,27.565507923816632,40.34737858234655,45.51529747713461
2510,331817255636655.4,-8.55135086765052,3.8988330114438616,7.513441993746329,1.3066703728672537,0.1991000431022495,-3.0163171905588384,14.43906631879587,-24.991416704235544,-36.05007813337923,1021.0477656830664,1584.5131607340136,1.0,12.032385927412008,9.398217943460967,11.383207467803532,8.46479234503217,3.2932047741604418,1.321751977676737,3.2871806852361813,3.0228811126513198,46.18079339364014,28.862736270896573,38.8341958791647,43.865465258076206
2511,331817288969988.7,-9.508326968865967,2.81155115904115,10.294904194843841,0.13263669576958187,-0.2176230747539009,-3.3718151241379815,16.87666645491028,-23.83750488394805,-35.6725284489672,1021.0388094511087,1469.1470438023184,1.0,14.293290525550189,9.91529634790456,14.014040606758538,10.671919803902153,3.3814330582011594,0.254857402737324,3.3744228727932577,3.3788307199430654,46.103988934417764,29.206994191846256,39.46328871967804,42.90403157087479
2512,331817322303322.0,-9.037700471644007,6.900155463102563,11.130449562874668,-2.0413422170273163,-0.553911386546324,-2.9486173082769076,18.49476614697296,-22.784957120111198,-37.645654149232435,1021.0496537689064,1377.7959527059127,1.0,15.911602141262687,11.370671714113394,14.337605702726352,13.095764692704318,3.6288069529576554,2.115158592437851,3.586282487156882,3.00019363622014,47.7326504828733,29.346390677501095,41.94343394567066,44.00397194900623
2513,331817355636655.3,-9.017203302203196,2.882038043637025,11.267918788167702,-5.916572769146522,-0.6484964535758515,-3.0377504098746324,19.934902166637368,-12.789333726366618,-40.01561889571498,1021.069014225002,1339.2659841294874,1.0,14.716728321708533,9.46657798141627,14.43176874849396,11.630655059011673,6.682387936628649,5.952006466974527,6.650846629211927,3.106199478944318,46.49964663483889,23.684749978789768,44.706264438001355,42.00972283616592
2514,331817388969988.6,-9.868367256699951,-1.2149500892368577,10.201258705403433,-6.759806433637488,-0.4678904834073726,-2.8125125894316327,20.983236783389916,-3.9032571722742575,-41.450395840326415,1021.0690205689966,1382.3617683951957,1.0,14.245225698703889,9.94287564200842,14.193320664582938,10.273353050192814,7.336493139806061,6.775979967850404,7.321557900198441,2.851166177228997,46.62260136221988,21.343187261061033,46.4589231604388,41.6337691288293
2515,331817422303321.94,-10.39984043212502,-4.780713996252102,11.381962716531511,-6.264058565662795,-0.3125876538523397,-3.014236553276713,20.207359734390618,6.665060938344859,-39.26820432543956,1021.078795899655,1520.6455942123234,1.0,16.141901455780744,11.44604330446216,15.417709177895906,12.34521371198061,6.958574764598266,6.271853055947209,6.951550310050479,3.0304014652270723,44.6626498955379,21.278167795816483,44.1625322912935,39.82982435633279
2516,331817455636655.25,-13.647728340452426,-5.351374439990636,13.96904582835516,-6.650997424424407,-0.16884666467518408,-3.6875182498233197,17.686845453936012,15.827121001198458,-35.645851437283625,1021.0644825074828,1714.8707092329798,1.0,20.249245383629983,14.659389388776512,19.529329998990622,14.958992270593358,7.606711955809295,6.653140306341963,7.604837774895671,3.6913818603541917,42.82463059953804,23.73441091112215,39.7926026643183,39.001595914468325
2517,331817488969988.56,-17.134309118396857,-7.823106971803237,15.013406831222252,-7.073856099375624,-0.38589549299537546,-4.205020453055158,14.950556239055388,24.612584996223145,-29.105287262170947,1021.0488204347638,1914.3613888382583,1.0,24.087090657380045,18.835751953586936,22.78128472331112,16.929364647619455,8.238358602100304,7.084374033475919,8.229315714279403,4.222690178325466,40.944062068472846,28.797542812772527,32.7205879909064,38.116887160546035
2518,331817522303321.9,-17.930867842592736,-6.596418504562011,10.447850398099908,-5.663216383417417,-0.5384287201298965,-3.7298327630746693,10.720381765752773,32.83141023526264,-21.52191887057856,1021.03821734879,2068.441908409249,1.0,21.77581999872636,19.105725808664122,20.752676924425984,12.35598296487999,6.80246850287257,5.688754282975155,6.781126178291676,3.768495446085339,40.694238844231485,34.53734331473098,24.04411730705143,39.25677635654606
2519,331817555636655.2,-14.11602456422349,-6.771068088235364,4.236236497782323,-3.3906401212085036,-0.1988039644191177,-2.9296041019615497,6.301497496794027,36.52278379076201,-15.168002827234327,1021.0263257352848,2128.537743491852,1.0,16.218976916514286,15.655973701858352,14.73797303440687,7.987055948261684,4.485369955984401,3.396463373542776,4.480962020122326,2.9363418075044834,40.0461098771883,37.062415012096146,16.424895143321002,39.547212867580654
2520,331817588969988.5,-11.114307948354911,-5.915292237454007,-0.11782016862722568,-0.9978431431576069,1.0814707813600453,-1.2314964997677267,5.85821837594462,37.63799924681079,-13.779078577287535,1021.0302470443352,2086.0925345713695,1.0,12.590965213893815,12.59041394972178,11.114932422781548,5.916465485965331,1.918815681148745,1.4714856401889076,1.585015636290953,1.6389517015079087,40.506798395852634,38.09117627276933,14.972699455319322,40.08094302460952
2521,331817622303321.8,-5.343407184864382,-3.9925654961855055,-5.634531732652208,1.4834974087456068,2.7386529896738114,0.4985278865732071,8.528682032123719,36.70544947808119,-17.005984876997832,1021.0300486507116,1968.4329053497584,1.0,8.731582183708518,6.670275825225769,7.765304127304029,6.905688024201187,3.1542851509169845,3.114640390093893,1.5650222411985328,2.7836577109157035,41.34285863640442,37.68326470189441,19.024771715890548,40.4535974052327
2522,331817655636655.1,-9.327171083033539,1.0536755517089442,2.5976361098186875,4.024539332647517,5.035747235556652,1.6167247793464665,12.011570160046144,34.09912282693726,-21.27547376072606,1021.0488167564157,1804.1565578977832,1.0,9.739305208251775,9.386498419562333,9.68213993759701,2.803202726757933,6.64601129043551,6.4463685172695016,4.337132215206243,5.288908132362421,41.94846575286881,36.152842146590146,24.432020003533356,40.19198877027482
2523,331817688969988.44,-13.188853193500304,1.0065172574965462,11.797948756776522,3.1697774651895703,5.907635013219424,2.3826957881774193,21.34193590507155,28.020319342215643,-22.46888642397829,1021.0488598923383,1621.8607639145966,1.0,17.724291817075972,13.227203995907129,17.69568996753808,11.840805371982222,7.1151162918984046,6.7043001594677785,3.9654417657837353,6.370038513887846,41.77879104700808,35.222386691079386,30.989176905975064,35.916418991505545
2524,331817722303321.75,-18.399754910844756,1.8968165469582279,16.44151218188819,1.1422197727450716,6.186207524498754,3.0014408928337497,27.113676424160023,25.82657040266771,-20.615345253742042,1021.0388102200883,1444.657085227281,1.0,24.748176026106407,18.497267197939543,24.675378489626727,16.550566027782622,6.970113125236165,6.29077336624161,3.211434794982526,6.8758861951998345,42.745241231381385,37.44546952567163,34.06088532561999,33.045486812799965
2525,331817755636655.06,-15.438315593087792,-3.887431811259992,8.118982361833032,-2.45040049502208,5.922052214157574,2.7256385481310432,32.66107138389905,24.95215926188395,-8.456653655744532,1021.0486542106768,1276.4635350713052,1.0,17.87097056767566,15.920229723184708,17.443034797406487,9.001666550086824,6.96450073646855,6.408990951250678,3.6651832261242214,6.519187673496333,41.962731403327254,41.101774119550726,33.73811753784385,26.346256714828357
2526,331817788969988.4,-13.240692176506005,-5.305055405565973,7.274559108707238,-1.4500903308452147,5.448836847703561,3.321568236479712,36.920907078833,21.987713716821478,-2.0819829785090853,1021.048828107218,1117.002813890638,1.0,16.0118316377355,14.263924500960881,15.107453112257632,9.00348949475703,6.544111896208209,5.638491372743498,3.6243037286079827,6.381429192781427,43.02264040176429,42.972234454548904,36.97956236418465,22.086063651445475
2527,331817822303321.7,-11.941941483966838,-4.761768018056152,4.951540875299199,-2.402583259752462,5.331982603286738,3.0970854477929723,38.96295229361031,19.339724177470405,4.919359093128421,1021.0486370945881,965.9976221292486,1.0,13.776870403107859,12.856298108875297,12.9277888073037,6.86965732024103,6.617732472133199,5.848285629293014,3.919737821713815,6.166196295341514,43.775982873967905,43.49869633327861,39.27227705801254,19.95557629204876
2528,331817855636655.0,-10.867705276399416,-7.749716112377867,2.0216331470428006,-4.21868295580177,5.2165210085348725,3.1787773023449777,40.71877870441552,15.202167227561596,13.240203041451016,1021.0427745197546,823.8077294412182,1.0,13.500078458229456,13.347850680807335,11.054140335453585,8.009063640880331,7.423880552107615,6.70890283981353,5.282225953087957,6.108740997160488,45.435974779603434,43.46406363415541,42.81730860012119,20.159584941005022
2529,331817888969988.3,-10.454853290292464,-0.4554145064846175,-0.40788511487695395,-5.087605371806138,5.417688806256328,2.9297741495180634,39.061027844663,9.466473283618916,23.998328561079266,1021.0287671493978,702.7635454149831,1.0,10.472713591099204,10.46476754133869,10.462806869501001,0.6113694788381357,7.988658021711162,7.432030706386095,5.8708862181458565,6.159133751479945,46.81129977298774,40.191765483877525,45.844123614778056,25.797943525695676
2530,331817922303321.6,-8.799092415973371,4.182140969636966,-2.316532361599979,-7.496917457993577,5.264104009685611,2.8143733920932936,36.50273182063527,0.4044624870098641,30.47792479779666,1021.0161918996407,625.8422131174958,1.0,10.014022798910341,9.742398597612198,9.098920239631736,4.780860306707988,9.58307153197135,9.160489200733606,8.007775531450141,5.9692117247515055,47.55540894843367,36.50497254173213,47.55368892472347,30.48060842377571
2531,331817955636654.94,-10.225725340275089,9.979793492486523,-0.758883679911354,-8.60693675354497,4.2622241999552255,3.1228410346045945,30.331409491100555,-11.918257325306095,30.78390754659069,1021.0288126269004,616.392022816233,1.0,14.308656167755805,14.288517658855325,10.253846262470482,10.00860542694696,10.099408474639368,9.604473718544249,9.155954150547801,5.283814082468672,44.82954631965486,32.58894382131825,43.21623960450363,33.01051077322578
2532,331817988969988.25,-11.773520790781403,12.099817792936179,1.9461955902917498,-10.172395664944263,3.069093026319457,3.467199636662681,26.04874042910491,-22.737799706681177,26.487755889977507,1021.0299299645754,697.7607963795936,1.0,16.994383181183363,16.882576297272195,11.93329246631595,12.255336302930491,11.176691768535687,10.6252983754989,10.747051078535483,4.630421722119547,43.55623520841848,34.57664549148797,37.15020982484383,34.908576991739274
2533,331818022303321.56,-9.634045910324325,2.0519842962733525,0.8847357722357024,-7.87558487808945,-0.4522305470168931,2.9805295025500533,22.13163561419828,-32.142244558060824,15.223769537230151,1020.9872105948018,882.0717818196915,1.0,9.889804727145162,9.85015127571091,9.674585158491828,2.2345910003456897,8.432846835749935,7.88855814706632,8.420712160355707,3.0146423640668334,41.88909570655037,39.02477649122209,26.862100697494725,35.56525051441206
2534,331818055636654.9,-2.815217686467083,0.2646790756183716,8.502768060900772,-5.267704211477477,-2.343919804143903,2.3149272264796066,19.786254599309633,-36.71475132472456,5.75033483404031,1020.9977803643212,1141.131553499062,1.0,8.960612162834721,2.8276325141834238,8.956702256951012,8.506886605012697,6.2130150307054715,5.765645471920342,5.753920031032245,3.294366116896323,42.10148675057263,41.706939900993284,20.6049077108411,37.162337326114745
2535,331818088969988.2,-6.049707116849987,3.7793266929907374,11.661455752101487,-0.7247635279609932,-3.2125675864151373,1.9147823455821962,18.430277399335786,-37.188759570323086,0.5749660769620408,1021.0029194275335,1437.6981704710638,1.0,13.670106682474666,7.133180668679134,13.13729448775075,12.25858313634056,3.8094965677502457,3.2933072539238797,2.047357712373615,3.739917369172538,41.5091501886683,41.50516791190905,18.439243775332127,37.193204007842
2536,331818122303321.5,-9.210061819988814,4.057073164763247,13.00731765095441,1.936763025126299,-4.882943712882817,0.9954251035742534,16.144997485343925,-37.83998443992812,1.0799421884971816,1021.0087993708887,1734.5296917890555,1.0,16.446136137861924,10.06404895617354,15.937865327604127,13.625349725312457,5.3464999256994306,5.253017258555144,2.177595497865062,4.983373399616734,41.15448506962832,41.14031315164925,16.18107595100702,37.855391921686646
2537,331818155636654.8,-9.408955538140178,9.253752529197575,15.100962420871575,1.0462368426387418,-7.315330185988849,2.0412262292980023,14.783185486060837,-39.31380663373971,-0.7318156009198022,1020.9780654512056,1995.3946694211877,1.0,20.054910775840035,13.196983753507059,17.79234415009091,17.71075949552153,7.666503230294008,7.389767740662377,2.293734084428451,7.594778485855515,42.00777927032213,42.001404323550375,14.8012880246629,39.3206173159683
2538,331818188969988.1,-13.522056841405583,9.987237936267373,10.361832912826772,-2.4323262272835144,-8.741797504456297,2.1867629476542985,11.740317577848783,-38.80785252025516,-6.26307256916853,1020.9688440546345,2203.1697447753877,1.0,19.747367524081834,16.810441481942753,17.035656797891406,14.391403785210056,9.333657732854967,9.073876486091796,3.270801593671645,9.011157295162041,41.02573036606772,40.54484522183578,13.306432085101415,39.30999230781591
2539,331818222303321.44,-11.002795974615356,1.9739981013889436,3.6234094968220605,-3.4114360335577048,-9.29248741180518,0.17132421729203068,9.572169006006572,-38.30843182810354,-14.27873541829526,1020.9688916435161,2357.7915452422985,1.0,11.751054597139754,11.178469831032288,11.584067318548877,4.126228894032352,9.900382320751275,9.89889984339743,3.415735323248371,9.294066617255789,41.98862529011504,39.48623011390185,17.190366622769638,40.88298220866643
2540,331818255636654.75,-8.62250762333404,5.537785206639676,2.821036593754509,-1.9008278891925376,-9.556997076115469,-1.005055174689461,8.403192649767329,-37.49976930301951,-20.80714879982499,1020.9785944335334,2459.7959191610526,1.0,10.62887341972953,10.2476681596025,9.072259100012282,6.214926585099722,9.79589075487175,9.744195183657386,2.150181984972951,9.609699736050532,43.70107304937542,38.42975857963186,22.439944025936477,42.88554697048579
2541,331818288969988.06,-4.298285459334571,7.96102202386498,5.356942979024355,-1.8883911107073192,-8.845132198935897,-2.7963061608606714,7.042712368296777,-37.20999050006765,-22.809751206748228,1020.9896190217779,2509.718800945273,1.0,10.514274470209944,9.04727193989383,6.868194520428593,9.595556770973824,9.46687449736809,9.044467071290104,3.374218299438519,9.276620708098392,44.20936485216042,37.87061117169467,23.872254766073368,43.644795143623675
2542,331818322303321.4,-5.97736921611952,5.030876664938188,7.400462152908827,-2.1370925114880315,-7.420017286678246,-3.0213254849030964,6.115334841799906,-35.29085010336479,-27.271462647373,1020.9850756159349,2511.951966280254,1.0,10.76129652227225,7.812724413649368,9.512927142706877,8.94855072592515,8.291696365822084,7.72164625823161,3.7007529083124626,8.011558164322901,45.01748655991975,35.81677569583134,27.948702924364714,44.60018807073826
2543,331818355636654.7,-7.482753047540992,2.653983660230451,5.421267272165915,-1.5456378325172393,-6.847665192271701,-3.2823030425858093,6.62929713107815,-34.46136582336871,-28.880289600480555,1020.9788448949795,2485.0278049928233,1.0,9.613810965247419,7.939472428269666,9.240223590733141,6.03603910731429,7.749388889333537,7.019936958033029,3.6280173060056717,7.593683681114028,45.44892124431328,35.093208956494216,29.631380458219397,44.96283867617424
2544,331818388969988.0,-5.50165672850735,1.0487566055729138,2.3187392967979292,-0.6664086063065375,-5.355313681410912,-3.31758835278946,4.817157146884794,-34.38114040875967,-29.139564769381494,1020.99541714959,2450.7194380624055,1.0,6.061738125536105,5.600724700970671,5.970324839139421,2.544885526747279,6.334814719897545,5.396617927634522,3.383857696346539,6.299664840677731,45.32529154604093,34.7169673039658,29.535051005995612,45.0685816368324
2545,331818422303321.3,-4.950953743840141,1.548627481281477,1.936081492457356,-1.4020824711684694,-3.6930618811249976,-2.8701957793051367,6.523405928422163,-33.9410566591847,-31.87373182277706,1020.9888655249663,2430.7999864684216,1.0,5.537021003649961,5.187503257774873,5.316046888344817,2.479245575011906,4.882884918295475,3.9502583856978757,3.1943479878527485,4.677256660624851,47.01579449886251,34.56226485705125,32.534437219925664,46.56103636574574
2546,331818455636654.6,-7.277091344193234,0.8319614017883029,2.2901168665823803,-1.2041417308535063,-2.483211186360684,-2.3155047756457705,5.962835769012276,-31.511355408158938,-33.52422910075937,1020.9778000679332,2445.2498070236443,1.0,7.674167933294316,7.324494399328711,7.628937913912866,2.4365539264852436,3.6024793504041193,2.7597635956816506,2.6098888240730194,3.395276154027122,46.39390980363394,32.070561736076904,34.050394229853104,46.009123621945996
2547,331818488969987.94,-8.25085125169679,-0.04386839435988358,2.1992023599519093,0.24557490445561792,-2.0203375138281903,-1.5897003280753648,7.292043353284754,-30.829107523447785,-31.960770944194905,1020.979127139316,2484.5907935868604,1.0,8.539025812917318,8.250967871325777,8.53891312742111,2.1996398468935228,2.5824828821432257,2.0352077789453977,1.6085565475858496,2.5707801934168537,45.00109605671602,31.679769048376745,32.78208009894244,44.40635934232391
2548,331818522303321.25,-12.594912667217823,0.7268327256907733,0.9348711124051358,1.8879714569329797,-1.8318458670653386,-0.754750149426723,6.266466708531957,-34.40895345427276,-32.34683213908432,1020.9789691734951,2515.2405178469326,1.0,12.650458288251405,12.615867425824474,12.629560922362012,1.1841747370826212,2.736739536553974,2.6306074399039474,2.033244700043086,1.9812387712600477,47.63992267270747,34.97491505103978,32.948234466253844,47.225984661544196
2549,331818555636654.56,-20.865503023252973,19.52782208748295,1.6656748511022448,1.5499776016493514,-2.494207524515417,0.11923196671172448,4.502534576624573,-34.16071020521285,-31.166062322570465,1020.9756081981587,2502.9081401555854,1.0,28.626552789383503,28.578051926150703,20.93188212089332,19.598732310789426,2.938999490107126,2.936579939481301,1.5545567945561272,2.4970557537298346,46.460202109252386,34.45615967194013,31.489621437992014,46.241513409693674
2550,331818588969987.9,-13.69373309506775,17.946640351602348,-0.9393833579874981,-1.1754580450095553,-1.1285738361301956,0.910308734436176,3.587399789422573,-35.09617528124058,-32.18792633974382,1020.9585657181768,2413.307489672179,1.0,22.593863482857007,22.574326700672945,13.725915895568413,17.971208668395832,1.8665590028622465,1.6295338349280482,1.4867291641615423,1.4499451353718242,47.75639809149645,35.27904415684631,32.387220308355005,47.62146702301743
2551,331818622303321.2,-5.531380457865676,17.125602403699876,0.10450984887511974,-1.0690219185523286,-1.621933835772274,0.5524823819054864,2.2429528818737743,-32.6776777186649,-30.469516962250072,1020.9649101817992,2227.8763257251485,1.0,17.99703724971922,17.9967337997557,5.532367673805691,17.1259212890321,2.0195826331903883,1.9425440097892925,1.20334726686076,1.7134486131597064,44.73536545763407,32.75456393718644,30.551960682469314,44.679101210720134
2552,331818655636654.5,-3.157004430834667,10.02527880517747,-4.461805206350684,-1.435012247590406,-1.456004469736038,2.0878553224241574,-2.1701448564703774,-31.22024512516601,-34.800412201700276,1020.9789141385686,1978.8682540886527,1.0,11.4184323703943,10.51060855031003,5.46574630546715,10.973327700427006,2.9220453476975115,2.044311416253842,2.5334561370012607,2.5454054418237977,46.802584584419755,31.295578511564806,34.86801138732053,46.75224481331031
2553,331818688969987.8,-0.9574556800766699,14.94850647569788,1.3491232747153925,-1.1774655649311794,-0.3393898244988845,2.754974712926515,-6.605945047823093,-30.099782816855328,-35.062038297805216,1020.9779822625962,1708.7832699121473,1.0,15.03977063800081,14.979137733304027,1.6543442778605253,15.00926312196439,3.0152108182408437,1.2254022235870494,2.9960492027774235,2.775800987433702,46.67956689166554,30.816155431797746,35.67891589680967,46.20977661944082
2554,331818722303321.1,1.161001351742701,12.04482398416374,1.7577967401090069,-2.6480758655751226,0.09454855730384801,1.6439806259207108,-7.256887411300681,-26.729009940075976,-37.398570274780425,1020.9918441472613,1460.121368345088,1.0,12.227655471421015,12.100649112681287,2.1066023635907727,12.172412833494596,3.1183196625638505,2.649763238391248,3.116885960096084,1.6466972180977568,46.53767770177907,27.696613281716857,38.09613462673063,45.96839165094174
2555,331818755636654.44,-0.11487523951026989,9.552822224903288,2.5055649456905953,-2.911450826128939,0.5340752639781926,1.5939648671851188,-6.15568793524715,-22.811353203526572,-40.28530594252618,1021.0096147662929,1273.5486141735337,1.0,9.876611993914324,9.553512902658307,2.5081969654965413,9.875943912238451,3.361920031526736,2.9600307938533774,3.319227306284906,1.6810593045499167,46.702850060945146,23.62732166226611,40.75289399342189,46.29539620587534
2556,331818788969987.75,1.216857632571847,9.297684261811657,3.854653684998236,-3.649617331163824,0.6742312695820853,1.7583979210825784,-9.024009538811622,-18.666292661758465,-41.30733639341315,1021.0076186486555,1162.192120772414,1.0,10.138344547388346,9.376975798747084,4.042164955716038,10.0650527899068,4.106854966721026,3.7113736633238137,4.051131929818984,1.8832288904298926,46.21860307072873,20.733143270883485,42.28154193114482,45.32909133937071
2557,331818822303321.06,0.9123938002084552,6.351098554329588,5.173250730441254,-3.835065549727749,0.5959628127635378,2.0300536221339933,-9.065819687146991,-13.32176893630888,-43.74374082545064,1021.0088017173828,1117.929269678093,1.0,8.242053046024223,6.416300748364762,5.253092952410969,8.191396460117062,4.379956295860151,3.881095134740403,4.339221759653215,2.115724316383487,46.617308755401815,16.11392609491139,44.673302407635575,45.72728276419452
2558,331818855636654.4,3.8314158611311218,4.169472532316876,5.698766401043312,-3.735426523577857,0.58707839811388,2.107580813185764,-8.97955467699306,-6.167698703897265,-45.738403279721034,1021.03482613907,1132.0879184696323,1.0,8.033690757823093,5.662530238212599,6.866999781169888,7.061192511991515,4.328968611885478,3.7812791960632732,4.288975191949438,2.187820360459406,47.01780986049393,10.893709629835188,46.61152150247301,46.15237850729312
2559,331818888969987.7,1.2325561847305726,1.3749504333709572,6.262727341743507,-3.9471973132768032,0.7567787881346245,1.3601986896263156,-8.151382473260394,-1.6422237231397676,-45.40618667767102,1021.0488874595546,1195.9954725985333,1.0,6.5292753962263115,1.8465328165902084,6.382863660265608,6.411882909976497,4.243020296837062,4.019089544176657,4.174985880838492,1.556552154420679,46.161279483889196,8.315162955842764,46.13205853669319,45.43587445361157
2560,331818922303321.0,0.11618965817991546,-0.6845746692037329,5.338252192797184,-3.025791177207419,1.0201217577460395,0.5426661438872796,-6.62887647777422,3.0757685565852273,-45.13136103568032,1021.0488897759268,1298.3667565243302,1.0,5.383221989504735,0.694364828014327,5.3395165053188025,5.381967944127812,3.2389114208966285,3.193127095605987,3.0740687682268506,1.1554803954842154,45.71916561469807,7.307691535038047,45.61558672526872,45.23604869069139
2561,331818955636654.3,1.737249478981187,-1.6257451984437696,3.3210959417144252,-0.485510799341921,0.9576212981147482,0.31847582163846094,-4.954391210105812,3.8407348292505272,-44.37583993923088,1021.0471227126216,1419.1559790968834,1.0,4.085432835888432,2.3793030917651867,3.7480280156760344,3.6976648988699607,1.119904520862783,1.0736662828274932,0.5806441123837595,1.0091904674397534,44.81643009660218,6.268750775983347,44.65155274539747,44.54173789089124
2562,331818988969987.6,0.41404422185396494,1.2641942714160677,3.497296297509768,2.8578583632682633,1.573923949716005,0.44446356434949585,-2.394354235219038,0.9289616190611445,-44.5189484413108,1021.0490621124371,1536.4831417072835,1.0,3.7417510828631277,1.3302705640326924,3.52172031970544,3.7187724518255663,3.2927403304886105,3.2626049445177983,2.8922140799976437,1.6354768294059956,44.59296662270284,2.5682487989678973,44.58328949868774,44.52863954815797
2563,331819022303320.94,-0.7531688474504301,6.224449435768237,6.088386886746478,4.450713492690628,2.123873096539626,0.19510151151590407,0.021982313622196364,-4.314789237327539,-45.50919179036967,1021.0476635438587,1628.468245746622,1.0,8.739535970170945,6.269851201679776,6.1347956930509335,8.707021629761924,4.935357345118894,4.931499520858055,4.454987676056377,2.1328153998882815,45.713285014285724,4.314845232991533,45.50919709942994,45.713279728927866
2564,331819055636654.25,-2.3345074329850615,7.3274396681189495,6.084183153656915,4.799399610819734,2.2286586656421106,0.040869791466335674,2.552083503234431,-11.839594715354616,-46.3035089459213,1021.0691140532912,1674.208470321386,1.0,9.80604821994203,7.690337901847073,6.516687011197108,9.524109235890029,5.291769686232838,5.291611859563991,4.799573623166032,2.229033375209123,47.861300378660296,12.111528938632574,46.373786462963054,47.793210226232624
2565,331819088969987.56,-3.529979652041962,7.18744538057448,6.452764296419566,4.9451463120629855,1.959303205109269,-0.40594123627774403,6.008805383452351,-17.877646246051533,-43.17799986214641,1021.0685274432658,1669.6174609701495,1.0,10.283885185459765,8.007504445366967,7.355197034001019,9.659065077112201,5.334616142195454,5.319148531227682,4.961779956328258,2.000914125309269,47.11746650161362,18.860434179391696,43.59409838764556,46.73274983771526
2566,331819122303320.9,-6.12725454803499,5.897185922802522,7.221216358281365,3.6883046638565555,1.211721334646787,-1.3441921925388702,8.091401690590068,-21.929256098242995,-41.47163085914744,1021.0589527916366,1624.7775468684852,1.0,11.156433829751606,8.50411959608493,9.470438954426866,9.323238037356475,4.108371032020679,3.8822493333458388,3.9256138302064905,1.8097296050296148,47.605243623556866,23.374410245839602,42.253602774625904,46.91256163480862
2567,331819155636654.2,-5.532381157228737,6.088716719366338,5.232031576847568,1.1530741960977187,0.6335196934290797,-1.8444969029574503,10.68211779365303,-24.319055431407776,-39.82450940868597,1021.058639073307,1550.2138010202693,1.0,9.749557270906244,8.226768050550032,7.61455157510865,8.027865576217705,2.2656337145903573,1.3156471045340674,2.175258358615368,1.9502605023386237,47.8697780157364,26.561703590571195,41.23225909648895,46.66270466570065
2568,331819188969987.5,-5.244384672892478,2.4358799726446416,4.567010399011045,0.1352553171966,0.3790889948944387,-2.0629460149282943,11.302207941943403,-23.074352572362134,-40.39898764816471,1021.0755626837478,1456.451983093979,1.0,7.368491421117068,5.782480595592241,6.954218473843381,5.176011517163219,2.1018441253786064,0.4024953004446495,2.0673752105843013,2.0974877178564375,47.87738353328395,25.693688933210886,41.95018602294266,46.524229704856374
2569,331819222303320.8,-6.248395648398379,4.39491444563993,7.988285660208612,0.8472706020664924,0.4947679286962017,-2.555776444001913,14.927074195067565,-22.031706313292545,-38.0446084869694,1021.0690048613288,1356.9361628570307,1.0,11.05307328088043,7.639222549672076,10.141753101314306,9.117454731096231,2.7376369386950326,0.9811537985415163,2.692556536981383,2.6032265623609083,46.42850268991033,26.612283387567977,40.86820009435009,43.96348846488366
2570,331819255636654.1,-7.386592402523315,6.090275532634253,11.059155340513216,-0.9283903940053339,0.3085204708369576,-2.7209508644375076,17.714180622242726,-21.331562261036417,-38.01894292126016,1021.0832256812189,1274.7014969361903,1.0,14.627307347219467,9.573567954760575,13.299122684095263,12.625227637908374,2.8914818365831136,0.9783116091546891,2.8749751877824266,2.7383861100306284,47.05600667782968,27.727743211698872,41.943202261719094,43.594444248625436
2571,331819288969987.44,-6.199530945809907,5.229875622767727,9.947748878406346,-2.383105461069813,0.150300924030323,-2.5675116938423708,19.012331467393576,-18.212170854828983,-39.26431329060421,1021.0987004705515,1234.7505535857886,1.0,12.83524408515512,8.11084354291678,11.721428739530408,11.238741334217762,3.5062655781275973,2.3878404482597104,3.5030426683953033,2.571907203960067,47.274075488096486,26.327778392251904,43.62516528345494,43.2824383027135
2572,331819322303320.75,-6.982992865975012,0.9447673854269423,10.059530132385184,-3.8479180088922327,-0.00035086630679848226,-2.9135066311532465,21.98103028620948,-11.999711991046011,-39.5072656637993,1021.0887962220457,1262.085901060156,1.0,12.282056882427709,7.046614419621977,12.245666002738414,10.103797894699396,4.826488787518134,3.8479180248888265,4.82648877476485,2.9135066522802218,46.775878618592806,25.04313838781617,45.210504671738335,41.289431191263326
2573,331819355636654.06,-7.840371471343553,1.0192212074261575,13.450712074956044,-2.816014722338642,-0.1596831676487273,-2.9493470686461594,23.046790515095953,-7.564470267506185,-42.21775898362809,1021.0994777782582,1379.4165697730605,1.0,15.602304060673008,7.906341548296854,15.568978133841226,13.489272300351697,4.080941773878917,2.820538535538614,4.077816455869448,2.9536666781074037,48.689988057858585,24.256458180754706,48.09879132209485,42.89009657284179
2574,331819388969987.4,-8.96290376856427,1.0363066872807236,10.328396789732517,-4.772120524378021,-0.31557593332847095,-2.9086265810824985,21.880191582782956,1.5897940176585463,-41.27507140055983,1021.0912526747546,1570.3414177186366,1.0,13.71434853577826,9.022614671737143,13.6751389101062,10.380255863718375,5.597573675894384,4.782543514583646,5.588670941052946,2.9256959441944406,46.74293259776478,21.93787201890532,46.715889190088184,41.30567714176703
2575,331819422303320.7,-8.726857386002628,-3.4378843934130714,10.995627976561485,-4.717630838820931,-0.3989260411613349,-2.853611511912507,23.730901942765566,8.422143033962854,-39.0098291744392,1021.0787263720363,1785.6961610434414,1.0,14.45271336244663,9.379610276450817,14.037872860037243,11.520541814576898,5.527954538401208,4.7344675220885115,5.513541456479117,2.8813609019413446,46.431185344772445,25.181108003852483,45.660951361487,39.90863647762796
2576,331819455636654.0,-12.210698410613828,-3.9007063845752015,11.913444712077391,-5.344757338906275,-0.15205190467204233,-3.3498064155409404,18.08799461028783,16.115010131375232,-35.84057088422684,1021.0694152902153,1975.3048750174744,1.0,17.499909453518825,12.818606241461387,17.059640107068255,12.535775811906916,6.309576357815644,5.346919748182769,6.307743973354635,3.3532555529386125,43.259861556221104,24.22538132942654,40.1462584848089,39.29682013651506
2577,331819488969987.3,-15.292718847699293,-7.134413043305779,12.683827150562207,-5.770455733068988,-0.24186467938197803,-3.990865437567562,17.470146224289902,26.090037513634798,-30.72209869333358,1021.0687883777764,2088.995359821226,1.0,21.110342735555193,16.875043680751432,19.868233966312058,14.552639645707943,7.020232533984371,5.77552230455751,7.016064873422999,3.9981877724669053,43.92884490495818,31.398981935103272,35.3419489731537,40.305550555547555
2578,331819522303320.6,-15.863622447498761,-7.653421361690588,11.805340321090318,-5.555953351426859,-0.34717210772197826,-4.232015768240691,12.581626330363738,31.910731956653315,-23.170136979158517,1021.0687876855671,2094.160670729546,1.0,21.203665621611968,17.613329489235372,19.77424024466041,14.069147757996667,6.992789398963,5.566789569905752,6.98416602794272,4.2462319690542065,41.39380850754429,34.30148881792563,26.365746125415665,39.43539097869253
2579,331819555636653.94,-13.99074731596138,-6.552960475145424,7.974046492869095,-4.606635062102262,-0.1535641449385335,-3.844837688215668,9.033211581414312,36.60017251970959,-17.14369214970235,1021.0580407096365,2016.331248599409,1.0,17.385848236952278,15.44934631134595,16.103615368280458,10.321177668234185,6.002286680151508,4.6091939145582295,6.000321945038742,3.847903168653586,41.41349683944678,37.6984288790276,19.377953761900756,40.41631859776779
2580,331819588969987.25,-11.234478907624764,-8.130811011402283,3.377491289912273,-3.6505700955092237,0.34343232433715726,-2.8287429894569787,3.7012126401694836,40.97205770075221,-9.702884683571222,1021.0588383077568,1893.0492942970666,5.0,14.273438669165872,13.868078599034774,11.731196176831201,8.80440430219864,4.631025230338079,3.6666889401237523,4.618273370279008,2.8495144607110925,42.267652624958956,41.138892635090684,10.384842136038053,42.10529044450887
2581,331819622303320.56,-8.488946736140926,-8.133695790339281,-1.423807930144738,-1.159985157343556,1.3693976584527021,-1.5051100158196637,2.2134643116440054,41.2319977054928,-6.687828144171532,1021.0579035462459,1761.8570086887714,5.0,11.842569523577376,11.756667210515939,8.607522623320877,8.257374657342732,2.342257815005378,1.794663063706694,1.9002425437238328,2.0348479320815134,41.82946454750118,41.291367851461224,7.044605705424152,41.77085922113329
2582,331819655636653.9,-6.0066112160912395,-3.3529764342932156,-2.145238088819135,2.409469369918577,3.0359564833213355,-0.05795353787239986,3.6799965366200693,38.135153162034094,-10.73150717320037,1021.069003131369,1658.50227103801,5.0,7.205822349178413,6.8790863688573305,6.378199178372643,3.9805147188078607,3.8763298396484016,3.875896594750262,2.4101662301857423,3.036509572053541,39.78690145525014,38.3122993463109,11.34493810992315,39.616349565555
2583,331819688969987.2,-11.961780547186683,1.406215457206269,3.498201110152947,3.751493093232917,4.778572696344863,1.2472766869235532,8.165349153835155,37.11286279243501,-15.990535702303157,1021.088250090677,1586.7410045837075,5.0,12.541891674632454,12.044153592973627,12.462808867431493,3.7702589989496937,6.201947805050434,6.075233118393639,3.9534035415471154,4.938669471426045,41.227839423146776,38.000493568559655,17.954669555596627,40.411159556448496
2584,331819722303320.5,-15.48310866410819,0.9082699215400521,10.120508752849664,2.6067734249033343,4.752022709724022,2.072472231062439,12.164537702006113,35.523414856408195,-17.832945275736247,1021.0788122740433,1522.7735653997122,5.0,18.519619476961807,15.509726243714184,18.49733362733907,10.16118357608409,5.802769052016461,5.420054199223021,3.330226544442162,5.1842898242920175,41.5680516475263,37.54848839253067,21.586799547661805,39.74829480956241
2585,331819755636653.8,-14.694675598634758,-0.052816281853301596,14.542513185881587,0.15409314083072137,5.16440750406311,1.6924700792626628,18.72662192729159,31.711452367235964,-17.80188957178427,1021.0781743218158,1441.8994685894002,5.0,20.674161900069382,14.694770515688246,20.67409443508111,14.542609096072432,5.436846929358395,5.166705871643405,1.6994704072888238,5.4346628080519155,40.904887878751055,36.82801352295822,25.837833522447653,36.36651596682692
2586,331819788969987.1,-14.335472854137144,-8.65049401331768,7.7957195053404655,-3.660554353471911,5.361393480112867,1.4555220119509118,23.94906916274847,32.94797455788083,-11.034588360716517,1021.0892254970059,1319.4200734407382,5.0,18.469165417855073,16.743262185910723,16.318058234901873,11.644925473372117,6.653025067635967,6.491856300267199,3.9393149787743287,5.5554553707027825,42.200581530582404,40.73238197342346,26.368922125346156,34.74667131909506
2587,331819822303320.44,-12.9342474623715,-9.217139368222153,6.294922837417847,-2.30012078284936,5.590317020597791,1.328359664565457,27.377565967944506,32.93399616590671,-2.0063799143292265,1021.0786970122791,1142.1849784892615,5.0,17.08439255812565,15.88239325640485,14.384742296854274,11.161617788756047,6.189243847589572,6.045014475291264,2.656142882854762,5.745971091924307,42.87429045646977,42.82731863875103,27.450986843641466,32.99505514189334
2588,331819855636653.75,-11.765256480344295,-9.745376937684743,5.963421699952365,-2.146425280416384,5.266030043042345,0.7514442455377986,29.745098379367118,33.54198142283138,5.113701044892146,1021.068985199415,935.957840733982,5.0,16.39987896532483,15.27722591656748,13.190286517727587,11.425181400267586,5.7361034119676555,5.686669842591102,2.2741613703874277,5.319374104946599,45.12189417283282,44.83118775325715,30.181464775168873,33.92955136965557
2589,331819888969987.06,-10.984106300709527,-8.115929480867054,4.098719216026412,-2.259605220634391,5.2808266105689095,0.5060067681427955,29.789403204786524,32.21663423939368,13.546444668221392,1021.07856017006,734.6903582914747,5.0,14.258976182584703,13.657192338240451,11.723911055492996,9.09218403631554,5.766193570581657,5.743948593433868,2.3155687427767093,5.305013905759252,45.921958017504025,43.87846926468856,32.72483317675629,34.9487866007399
2590,331819922303320.4,-9.19103984268556,-7.7336207218198,3.0291975319063695,-2.2928526936999534,5.07867675151785,-0.1961995993381184,26.877997654512065,32.08548834097309,21.276212225016494,1021.0687787787167,572.3342292783143,5.0,12.387902992278462,12.011831786151271,9.677357649541586,8.30571653478905,5.575717469904252,5.572264442882717,2.3012317914081515,5.082465133101096,46.952982084619684,41.85576806122038,34.27978944742656,38.498776197726876
2591,331819955636653.7,-8.783936592144155,-3.4026425209896964,3.2772249888000453,-1.6140781912471724,4.587132630108188,-0.060084239444158825,23.691696303029445,33.13887154748335,26.44933627008896,1021.0687869821245,481.14043172931395,5.0,9.973751641567562,9.419953194175445,9.375379762016284,4.724212077464619,4.863192808175777,4.862821626757762,1.6151961253325637,4.5875261178583875,48.570038812871296,40.736731350902225,35.50864490294191,42.39990797830633
2592,331819988969987.0,-6.718211948113915,-1.5024117512084991,2.47657207387825,-1.1361821171702504,3.572542930590809,-0.1991695369835951,22.239303644303156,31.144163287948558,31.526161281839222,1021.0687866430869,463.43282510063716,5.0,7.316079693870452,6.8841566549541815,7.160152304029166,2.896661924920305,3.7541498769700308,3.7488628668293322,1.1535069604643624,3.578090481720191,49.58270241383034,38.269381148509815,38.58089516525056,44.31543469351216
2593,331820022303320.3,-4.846417608531309,-3.3546135574491194,1.083718732818181,-1.402583580080863,2.7064538428199207,-0.18661099903456121,20.276179987191863,31.15678897994237,33.75118552878787,1021.0730191833144,495.96729487434044,5.0,5.992966047623231,5.89416624774902,4.966106113258492,3.525319618372564,3.0540066744176975,3.0483000348435465,1.414943237049857,2.7128796634342986,50.20967535258835,37.17349828054468,39.37341742180452,45.93351743704501
2594,331820055636653.6,-3.4429539675915954,-4.498990899640398,-0.3949393476290913,-1.456985688535727,2.327891948092395,-0.019771063404751987,17.111322956868733,30.230167661897298,36.79365615347853,1021.0678057062295,554.6776139934766,5.0,5.678981266592409,5.665231781489776,3.4655315770110073,4.516292307120168,2.7463210142915715,2.7462498463525367,1.4571198274493697,2.3279759055758205,50.60072670763822,34.73701786568162,40.57795591789551,47.61970359007739
2595,331820088969986.94,-2.974872862923348,-4.918343251710681,-2.1400503139804092,-1.5161096175394355,1.4524805375637506,0.3609625923439696,18.503148747035265,28.162344513160612,39.513002139956626,1021.0485612410274,615.4987644040724,5.0,6.133496901325817,5.748040439332847,3.6646533119690057,5.363759473355945,2.1303948172741913,2.099592361482832,1.5584872041397235,1.496660851720643,51.930352397659284,33.69694588583452,43.63076725966585,48.52210822491295
2596,331820122303320.25,-1.58342611139422,-4.133247265772096,-4.461105812651689,-0.7902552085256126,0.979714499121798,-0.24065505854775598,16.12041023216125,27.97192365898643,40.31155552746084,1021.0593721736377,659.8850406979041,5.0,6.284300779078944,4.426168908916324,4.733783193379235,6.081545694285885,1.2815063993581768,1.258707191681741,0.8260860438274474,1.0088386179137372,51.64608066718028,32.2846114927427,43.4153099159355,49.06577241038526
2597,331820155636653.56,-1.6778883634347859,-2.902382812719864,-4.965710465132433,-0.7900318663359767,0.5006898565046384,-0.5125670552744432,14.20539299309661,26.67485751416675,42.36777908052979,1021.0485555573844,687.5188976752697,5.0,5.991445215909706,3.352481968888354,5.241525520654805,5.751704652978752,1.0665672357548097,0.9353291838881869,0.941740588473822,0.7165300541912736,52.042001476749476,30.22153559118756,44.68581312122334,50.06572407963033
2598,331820188969986.9,-1.9890300176045992,-4.42200797349008,-7.470413624324928,-0.49134811767842285,0.04921763963525627,-0.8183076573971899,14.921531360028181,27.929371969091665,42.39317447767622,1021.0588670263843,701.840584693921,5.0,8.906035854803276,4.848751893894139,7.730673976402812,8.681084853640666,0.9557576946864053,0.4938069954925661,0.9544895991581082,0.8197864345097098,52.91392216620203,31.66546883777639,44.94255600678496,50.766436361858034
2599,331820222303320.2,-2.775966659569099,-4.685909532597503,-8.0308521624227,1.3631151800500847,-0.349552045854545,-0.7871615019868189,14.26035770411637,29.71839208908836,40.620648285388,1021.058366927277,706.2903511116095,5.0,9.703521293706565,5.446442787978899,8.497092287937598,9.297974758106063,1.6124183257003182,1.4072205324127676,1.5740731318122165,0.8612838457623844,52.31230923344271,32.96271575902296,43.05107279702268,50.33110266511141
2600,331820255636653.5,-2.2199875806510367,-4.700646767741251,-8.315201751303444,1.8181688124422386,-0.7125830662619613,-0.6129230402719126,14.381430992706703,30.34042088460723,40.773284591457916,1021.0654103861272,704.2567749625972,5.0,9.806477709055427,5.19850217787019,8.606446712966084,9.551893016567771,2.0467503780766925,1.9528216654013544,1.9187007280536963,0.9399198261657551,52.818817037388435,33.57628176038996,43.235243653459435,50.823241492757326
2601,331820288969986.8,-2.094011734829593,-5.284084882942432,-8.12876757021081,1.719956215302301,-0.8940232693597487,-0.3958563564644207,14.7730664709043,32.547127884565974,38.20127250295395,1021.0688301029794,698.2028586814591,5.0,9.918835637626815,5.683875279749264,8.394149591001758,9.695277987796517,1.9784411145310834,1.938434158983407,1.7649225585022992,0.9777422263101765,52.31535383931752,35.74295771880174,40.95828016163157,50.18618091047811
2602,331820322303320.1,-3.015114653296698,-4.661832944162322,-8.091502796698558,0.8373721423062527,-0.731263586898888,-0.3411782916977848,14.97826163343138,33.09742514015172,37.43593676611204,1021.0786895896345,689.7920860329366,5.0,9.81305356557184,5.551900825105003,8.635006304659253,9.338367304205683,1.1629020444390874,1.111727726664578,0.9042094510877343,0.8069380770852533,52.165479332828994,36.32888482278901,40.3211815689454,49.96887943975016
2603,331820355636653.44,-3.5953102850501475,-4.3749632892462325,-9.341669496887462,-0.13486831881176983,-0.9308480512755681,-0.5963431655675246,15.772925841369073,32.47307233548627,37.11184921741416,1021.0821288962179,680.6616503684018,5.0,10.923980447488784,5.662734306679026,10.009647597935954,10.315381368196228,1.1136843040564646,0.9405676785764201,0.6114038228030713,1.1054877953567008,51.77426937040383,36.10104730479508,40.324614591256946,49.31318058330661
2604,331820388969986.75,-3.866670740645125,-3.3324873941298745,-9.794941734156456,-0.4944507414377667,-1.0097162671262692,-0.18057125691859216,15.705037557872714,33.757542965424115,35.50942930527253,1021.0888019361396,672.4486120712774,5.0,11.04524777558727,5.104568037414688,10.53052829596317,10.346320882688417,1.1386897973692944,1.1242813152444384,0.5263910281658659,1.0257353064629138,51.45035938983124,37.231974319885964,38.82741008978503,48.994808670394896
2605,331820422303320.06,-4.160375897210946,-2.56815924977925,-10.751997638785323,-1.497777976132398,-0.9746144076159278,0.3618658304559833,16.177364064480745,31.56161434199405,38.90179710894302,1021.0793091755818,666.4059279722085,5.0,11.811419168024038,4.8891890471038755,11.528841261399124,11.054451372938951,1.8232276293900898,1.7869561016767614,1.540871748407005,1.0396249914195717,52.64211646821284,35.46607686152385,42.131424452303065,50.09476338079792
2606,331820455636653.4,-4.196294446920696,-2.293671097314344,-11.709315642650973,-2.2017785627698414,-0.7833191647142655,0.6132486349586627,18.67622467503208,29.691086237308934,38.4185166169663,1021.0889958296971,662.5599197347725,5.0,12.648236517678795,4.782239453217777,12.438527240171492,11.93184813521719,2.416090155925508,2.3369676406149664,2.285585860944955,0.9948179743487336,52.022537319047686,35.076515933934964,42.71748807175339,48.55453656456245
2607,331820488969986.7,-3.8379105875625945,-2.0300340038663793,-11.885078443338296,-3.0278133135899994,-0.5144244616678596,0.7099831046614936,19.813900989290723,27.526514837998693,39.21831564590308,1021.0680787651339,660.6925717498527,5.0,12.65328753088633,4.341727275518215,12.48938138109449,12.057202314847272,3.152199549143406,3.071202694176195,3.1099404288277976,0.8767602498214895,51.849551335008336,33.91606833847311,43.93935541761056,47.914353812070225
2608,331820522303320.0,-4.353488360693173,-1.9611512498692303,-11.878237846382637,-3.1760700856588375,-0.4319420053910452,0.8777618160730518,20.08670829252415,21.773610994547287,41.76560737902193,1021.0688229031965,660.5858684083323,5.0,12.80201193042685,4.774827235780848,12.650904917907166,12.03904682938398,3.3233207625497174,3.205307330824639,3.2951308008594737,0.9782840598604783,51.20480392999704,29.623740239389573,46.34481427050463,47.10048933376894
2609,331820555636653.3,-3.9722070115076833,-0.7668142114430683,-11.068771928132024,-2.8521022225682118,-0.22436175459912888,0.6102138972206407,20.284565492482567,19.219290195607783,43.22340977386209,1021.0588784198194,662.0395405308406,5.0,11.78491173382921,4.045544781255283,11.759937947934688,11.095301529560816,2.925266874195675,2.8609133655015375,2.9166501484305134,0.6501532106265433,51.46948479750887,27.943598781148427,47.74648416059565,47.303744757705836
2610,331820588969986.6,-3.2842070859335277,0.5035883266479851,-10.29546279159536,-2.9642185964582466,-0.026768115091438994,0.3984885421182023,21.73553406590664,16.035379589317195,44.29954861845159,1021.0578169165453,665.1293200676567,5.0,10.818325724397312,3.3225919680322034,10.806598460034524,10.307771596997124,2.9910034332601385,2.9643394575477426,2.9908836496574702,0.3993865923951864,51.884649439908856,27.010494991830093,49.3445381874098,47.11245489647134
2611,331820622303319.94,-2.9314842805465133,1.0023416993452023,-9.417290287744207,-3.691783353209659,0.30413405990911524,0.5324225152347836,20.94531281497092,9.888494226635341,44.40484393511279,1021.0589670833441,670.1488863723825,5.0,9.91381083806721,3.098110548275761,9.863009502719374,9.470482841222383,3.742356956272569,3.7042896557144065,3.7299782923986147,0.6131649542543464,50.082717696715584,23.16222025167677,49.09680533210595,45.492554148694744
2612,331820655636653.25,-2.795911424497774,1.878042654526606,-7.448962433209549,-3.7860986079655725,0.6592941902683171,0.7713525340446328,21.04562777884977,4.042611484941239,44.97365774278416,1021.0698046390828,677.3978511285668,5.0,8.175035549600114,3.368109990166371,7.956391268973912,7.682062583941143,3.9197188968518493,3.843073184127568,3.863874661659708,1.0147184639586648,49.81858134259908,21.430379283252826,49.65428822741278,45.15498420311172
2613,331820688969986.56,-2.3997224498708793,4.038262757248003,-6.546897154583712,-4.423596744186183,0.9172673520180804,1.04780020843025,20.17291058978698,-1.2000447138230244,44.88746510726133,1021.058911957456,687.1752121819276,5.0,8.057797235329692,4.697471014598232,6.972842332156278,7.692166694064329,4.637614993403326,4.517697151232346,4.545997517812903,1.392574835283453,49.2267300633946,20.208573155438614,49.21210059953896,44.903503550065864
2614,331820722303319.9,-2.1757855840320564,5.755407391366458,-7.039672402043174,-6.084194565575931,1.0099567871021529,1.1721653158593222,18.35560800257667,-8.9531136175546,43.08573788506251,1021.058001072907,699.1022434023264,5.0,9.349638745767972,6.152947029536121,7.368244732347727,9.092947914108162,6.277850567774051,6.1674497341767935,6.196079005265126,1.547250541934721,47.68089132654096,20.4226978774377,46.832778630405514,44.00612517081176
2615,331820755636653.2,-2.2453273211530043,5.628025463063063,-7.781095483563136,-7.287168883206515,1.0915712907161257,1.097872463006393,17.482738662727737,-19.272277897211495,37.78915520224468,1021.0686517446451,710.8270860014254,5.0,9.862130211892811,6.05938655244921,8.098576523281283,9.603130611275306,7.449810880828901,7.368470547887734,7.3694066435094365,1.5481769368335754,45.88122815919293,26.020508190590398,41.63731982306944,42.41981784787251
2616,331820788969986.5,-1.388007721002754,5.496498227281763,-6.894505414869128,-6.976825842037104,1.1512043263325071,1.0099212707169898,14.34727623992178,-26.710111522116147,28.54609987354645,1021.0587572112129,719.6407715186018,5.0,8.925932058431464,5.669043852015507,7.032835157262182,8.817352078610181,7.142920355437966,7.071164701170765,7.049541815122693,1.531408624114838,41.64317724452584,30.319538140092202,31.948773896585024,39.09360402309271
2617,331820822303319.8,-0.9211139688006859,5.992166830774197,-2.9023228626994406,-5.518260607747311,1.041839033736244,0.7499219077344444,12.149399123564775,-32.640347499322914,22.799151149852662,1021.0688028116655,722.8343314932321,5.0,6.721457600156242,6.062550145883351,3.044984227031008,6.658043355759886,5.6655989599452115,5.6157482766976115,5.568984018895708,1.2836710793332298,41.626932112444464,34.82815217521929,25.834263918631482,39.81448954878592
2618,331820855636653.1,-6.557929820622601,8.02545681302911,0.9874088806885888,-3.6461366859600464,1.38866273753044,-0.0718489677173615,10.895285132330022,-35.416725718473934,15.338830800641698,1021.0787320351648,718.1622099116494,5.0,10.41102189449572,10.364091884483008,6.631848899807192,8.085971392198841,3.902288970011228,3.9016274721338076,3.646844527377848,1.3905202165979413,40.10400764341513,37.05471223383586,18.814541409385615,38.59564989669597
2619,331820888969986.44,4.193379255397533,10.624083022591204,3.268953519779478,-4.091141125292567,0.33026426194625175,0.5312749415367757,10.00372302162437,-37.82920389492788,8.315853031207707,1021.0886256087904,709.8609346391779,5.0,11.880304152882099,11.421714829678992,5.316999783155628,11.115628510587662,4.138691007224861,4.104450047177945,4.1254925488437175,0.625561784497588,40.003456766310215,39.12956863571849,13.008761890742095,38.73244220237956
2620,331820922303319.75,3.8192813219557644,8.835527865902325,2.978074458052352,-4.9822787451385535,0.24114137776037547,0.5252669438996094,9.255279844911836,-39.29457398756189,0.39370913573435984,1021.0787619890598,706.9354627895885,5.0,10.075831973741943,9.625666859255864,4.8431226800427,9.323919784449043,5.015690981378459,4.988110930836199,5.00989090266575,0.5779745032627369,40.37175691935103,40.36983712961457,9.26365003069481,39.296546308136755
2621,331820955636653.06,1.2532073018950298,3.5522546395502945,3.259486032249776,-4.6485858678638,-0.0016196217777765358,0.3580432707613885,7.945512570538454,-41.72670962721074,-6.8042941473818335,1021.0706074275888,718.5012733148762,5.0,4.981294084890091,3.766834422393638,3.492102194374387,4.8210747991125364,4.6623543599575585,4.6485861500113925,4.6623540786431645,0.3580469339517041,43.01799489941669,42.47645778925246,10.460859852453778,42.27785135455273
2622,331820988969986.4,0.5943269615290735,2.501423101257361,6.265286561086133,-2.9629847836363346,-0.5459805773633244,-0.5121198412342806,10.08138449212645,-39.759362254882355,-11.224429037522414,1021.0788053450473,753.6724366281135,5.0,6.772308156103861,2.5710585502287526,6.293412447132866,6.746179157421666,3.0560825169985626,3.012868005558565,3.0069162874689876,0.7485729908591505,42.52562765452648,41.01757184662509,15.087150840913072,41.31337185625666
2623,331821022303319.7,0.3905050186213015,5.088915578533155,7.317991919108297,-1.8151484415086754,-0.8603561538286911,-1.0977032855237807,9.129040734755431,-39.859871494429484,-15.659495519034921,1021.0700281990074,817.4664821898567,5.0,8.922026768797558,5.103876559538432,7.328403639108776,8.913476734337268,2.2890891374500852,2.0087251121401035,2.1212534897463518,1.3946917991013645,43.78776701545685,40.89191534141261,18.12620160561773,42.82556660994816
2624,331821055636653.0,-0.7229787122862892,6.158114922267658,9.165140074420428,-1.543962012724969,-1.051818433373692,-1.3074157801050206,13.011885919812958,-36.91866379195125,-18.317753513298356,1021.0637197656935,901.8115524159861,5.0,11.065481019730775,6.200409471500633,9.193611412397548,11.041837346184868,2.280236114000049,1.8681918299581617,2.0231546453015787,1.6779922642409015,43.218479903246404,39.14456426342436,22.468851082424774,41.213199705398836
2625,331821088969986.3,-2.6710998041539784,6.455277594428174,9.330181531340314,-1.6571846904947662,-1.3201227213556939,-1.499444091578887,13.146449037590425,-35.46087539351857,-22.807192388065342,1021.0588499390997,996.0270271077706,5.0,11.65579986069775,6.98608495402667,9.705001884158255,11.345611320192944,2.5956343505240933,2.1187225155385017,2.234858761125872,1.997762894642504,44.16413511661741,37.81934433557267,26.324838972426555,42.16208851920024
2626,331821122303319.6,-3.965547435900543,4.3920512182529245,7.217075903924081,-1.8322932032251604,-1.5670125942901774,-1.757645861495951,14.255548939439066,-36.03169552882068,-24.4948007382628,1021.0588381731594,1089.43228606648,5.0,9.332837991368756,5.9174048678567175,8.234789072549399,8.44844947352818,2.9836463978968744,2.4109804755014403,2.5390189753168375,2.3547499750712126,45.84210969680146,38.7492420344757,28.341064531381704,43.56923623256249
2627,331821155636652.94,-4.370009734350399,4.600870901396664,5.783426894793528,-1.4122938292522613,-1.4643712003498717,-2.166389530247753,15.958400112015198,-34.70954535796584,-27.21066076911125,1021.0588866200977,1171.785810743221,5.0,8.58562896805219,6.345470678337092,7.248793811782644,7.390266551264553,2.971901826999879,2.034442644204584,2.5860814869046753,2.614885582426352,46.90248535614615,38.202396169505576,31.54505656401359,44.1041109019141
2628,331821188969986.25,-5.184663271997761,5.1342513854346725,3.7402923313640564,-1.5666226000306192,-0.9703282355317028,-2.788700125506897,18.347381121792505,-32.20663179063907,-29.86300792315421,1021.0795769230929,1240.0181692905455,5.0,8.199454692654943,7.296661601913603,6.393005550448341,6.352190489342918,3.3425576503029752,1.8427813911576068,3.1986176328109117,2.9526911918912635,47.599293771488696,37.06606973130698,35.048903495639905,43.921138117268484
2629,331821222303319.56,-6.767214662297095,6.152709525446813,3.313273756531564,-1.1699665886009427,-0.571912188712467,-2.9536802907722604,21.263406048735682,-30.25253856759048,-29.815696858173474,1021.0590493702686,1296.9059753699764,5.0,9.727734154254705,9.146093635543686,7.5347844873844645,6.988105429245092,3.2280230219341557,1.302269315479871,3.1769559453254983,3.0085396476853,47.50078215898612,36.97767605700713,36.62114438315527,42.47577979180659
2630,331821255636652.9,-9.028210857951054,7.102961511545212,3.2579530923882016,-1.2043702921922175,-0.40212799890288,-3.229802188936477,23.40724894325201,-26.843148014753215,-31.199036282912594,1021.0491073553483,1345.396256753657,5.0,11.940473687518423,11.4874128301423,9.5980648907906,7.814494263015009,3.470423159771105,1.269730179296689,3.447046559066765,3.2547394837621786,47.34800696350184,35.61536042823829,39.003578913657,41.1574350552175
2631,331821288969986.2,-10.876296787134585,5.552138145519376,-1.8702113334538528,-0.5052272272024981,0.3747318538479851,-3.6577863777828714,26.83070309903597,-25.00509237722253,-31.3486594878477,1021.034700341708,1388.434661830755,5.0,12.353856087090568,12.211472875487438,11.035919636967883,5.858662681765403,3.711479448803268,0.6290298191620747,3.6925134714176284,3.6769314853260844,48.248105924140425,36.67616765124255,41.26287775317715,40.099789232344556
2632,331821322303319.5,-10.510887516290554,9.071305270745802,-2.3630216536587922,1.9208364509762137,1.5842437609924354,-3.666540809624097,29.997927901156345,-22.01648877876511,-27.04349987132067,1021.0288074174023,1425.906782215773,5.0,14.083721348806694,13.884067692689097,10.77323664066528,9.374030651257808,4.432038185110918,2.4898676602667766,4.1392190302082135,3.994164468682078,45.99948197315471,37.21023322297865,40.388445917775734,34.87229076839677
2633,331821355636652.8,-10.385696569794987,11.384642879327933,-0.1062574398508146,3.706190821676459,2.1831782355814466,-2.8827734229541013,33.37328828893383,-21.246758859790788,-22.87879611362708,1021.0288086199064,1448.1399388174302,5.0,15.41051840053433,15.410152067052536,10.38624012255518,11.385138740189152,5.178078815843368,4.301408794220255,4.695341629186244,3.6161650704035933,45.70164597551497,39.562622932035055,40.46252195334845,31.222813352659553
2634,331821388969986.1,-7.816522675460788,11.9989970642126,3.3869661391668044,4.083924319611443,2.0873870481304384,-1.900291233384023,38.68599586425141,-20.624467627640918,-15.497027841453775,1021.0285403549517,1443.6003670545404,5.0,14.715484936312421,14.320403530731085,8.518777281033655,12.467857481333555,4.964547241057604,4.586460785509508,4.5043917036587695,2.8228162285878398,46.49873990605852,43.84033463527035,41.6745023716861,25.797801007884406
2635,331821422303319.44,-6.510966428120716,12.406625163610384,6.683380607060031,3.3802341335417756,2.0485278213978755,-0.8204681583809262,38.116796503505526,-20.91446862047813,-11.351416694057766,1021.0378876295288,1400.7543023459189,5.0,15.523678949181843,14.011317988627814,9.330608777938401,14.092264696958983,4.036783005255426,3.9525243873507026,3.4783833596195097,2.2067247753079937,44.93506241598813,43.47763992406459,39.771155837513504,23.796421130899027
2636,331821455636652.75,-6.032204410029846,9.436795047670374,6.939541375898544,2.9464529070359378,1.8133961901138487,0.1871833148212506,39.54525120872296,-22.200032688834654,-4.3034207196986225,1021.0387955937031,1309.2561913230602,5.0,13.175652747546419,11.20002637568857,9.19482052854711,11.71368154251873,3.4648272783859544,3.4597674019650437,2.9523926444035182,1.8230313589367828,45.55422894130756,45.35050544973377,39.77871696085403,22.61328992597182
2637,331821488969986.06,-4.616191749059396,9.44281580298148,7.245653492255822,3.265463066614377,1.1809706252235546,0.8017017886377772,40.632602113870576,-22.097276615417428,0.27480475690500455,1021.0372430684489,1177.6402078523458,5.0,12.766185455450653,10.51075623126713,8.591200195195258,11.90236383324236,3.563799435289323,3.4724545579551487,3.36243584285672,1.4273812999846693,46.25336210500606,46.25254575007081,40.63353137740476,22.098985304142168
2638,331821522303319.4,-3.590837338545289,9.00539530191149,6.475648821661254,3.0003058135778655,0.3863821534049213,0.5052527490349861,38.71219150051412,-22.48603715280363,1.3124112289839762,1021.0438946380765,1029.5584637014035,5.0,11.658699970282422,9.694908835857124,7.40460265330786,11.091941768922712,3.0669865477152602,3.025082832495494,3.042550790931278,0.6360593595547783,44.78814643232857,44.7689137416773,38.73443163396671,22.52430443035319
2639,331821555636652.7,-3.128931208624035,9.314547101794183,3.6007270063313164,2.9866586064290903,-0.2030967580255984,0.5779101408582961,38.85912301173947,-22.303592824464197,4.9169022153402295,1021.0688049652143,889.0872596635478,5.0,10.465000391493906,9.8260367503813,4.770266814594876,9.986291738461585,3.0488289646000677,2.9935560667001817,3.042056830873449,0.6125589147399326,45.073912871152075,44.80492935069746,39.168959248832714,22.83913702999105
2640,331821588969986.0,-2.7779845187062104,10.962700672906468,3.603854734619203,1.9952736888042941,-0.7213643235168178,0.8337281041302277,38.55268580905822,-22.53185714567133,6.29868118704579,1021.0787926612708,780.3001587808766,5.0,11.869531287214022,11.309199973027061,4.550271083617834,11.539868933050375,2.2796021872454313,2.1216699980151414,2.1624568538704487,1.1024831240701418,45.09620332379372,44.654161838790564,39.063831964977574,23.3956827455192
2641,331821622303319.3,-2.671648648975573,9.955776457202504,3.83121826135906,0.08892955090432947,-0.8995385570699703,1.0772780722221489,37.19366812930599,-23.445339218179758,6.269905368716935,1021.0887568002381,719.7753500654035,5.0,10.996973435247162,10.308015879370803,4.670753672561222,10.667507592308466,1.4062738444450424,0.9039237139712455,1.0809424174833344,1.403459176658229,44.41131154673475,43.96649724470293,37.718439286980285,24.269232463928137
2642,331821655636652.6,-2.921122963160908,7.1225446242023045,3.7363921292738937,-1.056356627721461,-0.9749483172325561,0.8699864779045355,36.98670857768779,-25.164030413580054,4.145090407099092,1021.089552329061,700.2578495072302,5.0,8.557115602430471,7.698285607176387,4.7427402953994715,8.043088217062714,1.680264865413304,1.4375025378084207,1.3684903348828579,1.3066754352215135,44.92690521891543,44.73527733306664,37.21825339660405,25.503141005346908
2643,331821688969985.94,-3.062409796486764,5.585475178011672,3.653944295276409,-0.6971971340364026,-1.0608144999996745,0.43973961691274716,36.84170556297877,-24.676510321682887,0.7321400915282311,1021.1000788098085,709.7662942008903,5.0,7.343513848205478,6.369920464637107,4.767563599429074,6.674491881571775,1.3434218167800844,1.269413741503586,0.8242904672450988,1.1483459122111808,44.3483647901359,44.342320986224244,36.84897960463551,24.687369053217175
2644,331821722303319.25,-3.3288690622697916,7.058714402840738,4.018663777786105,-0.062478457496590784,-0.9847698744392228,0.31957584875413403,35.92692217524182,-25.4574641006642,0.5407202717507447,1021.1087827972699,736.3193212409171,5.0,8.778181862635243,7.8042820460698525,5.2183357301564115,8.122506237594488,1.0372097118524881,0.986749848367962,0.3256259829283874,1.0353262426452678,44.035424306287446,44.032104371952165,35.93099101608755,25.46320594208217
2645,331821755636652.56,-3.5577846429044944,6.716102544976345,3.0281548212716065,0.05504903526343329,-1.0027501586193504,0.1459569452959125,34.87717435871264,-25.743493450831647,-0.9939513454636186,1021.1090212381761,768.2141467490645,5.0,8.181294920824898,7.60025426942578,4.671996702361587,7.36720808829425,1.0148111680380154,1.0042600643730524,0.15599303241987672,1.01331698421138,43.360496832695574,43.34910317758666,34.89133460510204,25.76267444055762
2646,331821788969985.9,-3.279287568211636,7.312627652766211,1.6959182283062273,0.6701181342637226,-0.8132083877352607,0.10378453495510787,36.037495470605954,-25.5315737532404,-0.7516415526303662,1021.1188234294566,798.4588305076026,5.0,8.19172684970207,8.014252937300423,3.6918647851903676,7.506707788711533,1.058837771071623,1.0537391497671873,0.6781073245179855,0.8198043129789145,44.171566681913596,44.16517109794888,36.0453331905475,25.542635403199778
2647,331821822303319.2,-3.454385578999297,8.488237755358266,1.5749281719135844,1.3088597967006073,-0.4804645489652627,0.32615358793958754,34.813257265690716,-26.826917952215542,-0.5812671624776826,1021.1090174002011,823.9870071890074,5.0,9.29856755992959,9.164221730179158,3.796469211660405,8.633109459411285,1.4318995471601401,1.3942597140531416,1.348884772819762,0.5807084860222551,43.954343127570986,43.95049952232707,34.81810955467488,26.833214461355155
2648,331821855636652.5,-5.534715335095456,9.03464439938139,0.9360049765755419,1.3842241599709593,-0.1456749992992938,0.5724536142462537,35.86376416365452,-26.018590786240207,1.7766854086437613,1021.1176440508701,841.8521977831884,5.0,10.636445768206055,10.595181605985541,5.613303764871003,9.08300086642337,1.5049919836769083,1.3918684314503857,1.4979251201281412,0.5906981851033978,44.34335640802737,44.30774928258097,35.9077455575746,26.079180921630023
2649,331821888969985.8,-4.450680713301674,12.24990296490558,-0.3243994827013512,1.5460235969960092,0.10899059849950614,1.080205654001674,34.09734647860392,-27.42392858888236,1.7976637525128298,1021.1087621776192,849.1082651595797,5.0,13.03740451492301,13.033368001455264,4.462487404590897,12.254197553245966,1.8891564699534402,1.5498606108388455,1.8860098667307292,1.0856901977536986,43.794206136168064,43.75729534751985,34.144701372966516,27.482784688150105
2650,331821922303319.1,-2.7481125141903493,12.46412417450329,0.41997113364565236,1.766391362162713,0.5195005076055034,1.1685333811635839,32.80660759359914,-28.02165549819283,4.966362105041799,1021.1087648070218,843.8668401529974,5.0,12.770391128747097,12.763483608642545,2.780017651696697,12.47119750427091,2.180708482264197,1.8412004838488991,2.1179255669679806,1.2788084455054138,43.42984493661234,43.14494963097995,33.18038960528933,28.45835429918244
2651,331821955636652.44,-3.532908430395069,9.47983223182033,-0.810799517897247,0.23038141717458072,0.7573995524271567,1.4087297230828373,31.35732898430105,-27.988678691086882,6.631424887283343,1021.1089930396835,827.6358617412606,5.0,10.149189966654411,10.116751510293023,3.624753486208263,9.514442443027445,1.6159359863847556,0.7916626045205277,1.427443529557795,1.5994291215036398,42.55142784840796,42.03151455637291,32.050863905133156,28.763552126060194
2652,331821988969985.75,-4.108425861691796,6.312603592221179,-3.962885515615558,1.1994340858092518,0.4465368452960118,1.0430202346836648,30.41523825931082,-29.96715244769231,8.804811097315778,1021.1092663996998,802.6035525020258,5.0,8.510733739426776,7.531807696266661,5.708206782422441,7.453417050078395,1.6510386095932332,1.279858304816588,1.5895072620660287,1.1345864286895386,43.596348960128424,42.697973537322305,31.664039805906945,31.23387462808043
2653,331822022303319.06,-0.7523212273200272,9.129707590705292,-4.040161369950619,1.0393939429682741,0.4533824557205305,0.6705036956403712,27.36983736096334,-30.7523667383202,11.017738670281325,1021.1290714214878,770.958135012949,5.0,10.012015372346339,9.16065215587068,4.109609607288456,9.98370996108276,1.3173726221922597,1.1339732888539813,1.236897317705286,0.8094015425130929,42.616975755916094,41.168143717852125,29.504212624169405,32.66647555851036
2654,331822055636652.4,-0.4438981180886765,8.818242585175321,-2.767130197597079,0.16850286158114663,0.4232378056763902,0.8732445406351698,26.523264320019226,-29.653528718215075,11.891452084911226,1021.1389037384984,734.9743264029173,5.0,9.252862117242202,8.829408124571103,2.8025087100125696,9.242208168043673,0.9849261303589877,0.4555474229043568,0.8893532718274352,0.9704052080975734,41.52375161662721,39.78461154305281,29.066994734188544,31.94899682509211
2655,331822088969985.7,1.6796464924242756,11.657179938113746,-2.2832919320564007,0.044516157612468174,0.049368675816236905,1.106199813288203,25.842045928384874,-31.963403497456913,11.571480318858836,1021.1389619960289,698.3653335350716,5.0,11.996852857981906,11.777565811706372,2.8345430648531384,11.878689580781016,1.1081953714753017,0.06647521673847182,1.1070951698961715,1.107300904483828,42.70093274948138,41.103168988607116,28.31449265896337,33.99350408403021
2656,331822122303319.0,2.776082151933384,12.540772383724054,-3.205549719227719,-1.377311543943049,-0.24633693675890517,1.2762250498723684,24.153366903584658,-33.168655929153,9.676592501028916,1021.1489958750407,666.0304791752005,5.0,13.238321385171908,12.844360789648466,4.240540191617573,12.943976243133976,1.8937843999284278,1.399167243574029,1.8776947214604707,1.2997816217863254,42.156628320546275,41.03102324980106,26.019638260555197,34.55135566917028
2657,331822155636652.3,2.003322812208067,10.335902130411785,-3.8065252934003877,-2.684114616730197,-0.1759178114881478,1.340659383422811,22.429574362288363,-35.854648024814445,6.1465424966362345,1021.1363360310287,642.9045163152026,5.0,11.195258368999843,10.528256035040377,4.301504050818753,11.014558895332476,3.005459354991031,2.689873296670955,3.000306460697694,1.3521518623137017,42.736653773075275,42.292334897198025,23.25652146681396,36.37768230173942
2658,331822188969985.6,1.907152098212803,8.690868903651495,-4.825580016850058,-1.4192090474304764,-0.2833372254275962,1.2569444784525547,19.77052808688917,-37.18266144949491,2.1715118361176935,1021.1287825704691,633.9212750956904,5.0,10.121988634907503,8.897664380396355,5.18878132365781,9.940695388124471,1.9168577739451338,1.4472160528482017,1.895801609404551,1.2884833740585764,42.16799209064415,42.112042141200284,19.889425443910458,37.24601691620399
2659,331822222303318.94,-3.5416151263192392,10.470577683360732,-0.16365403471566528,0.07669172807786975,0.2445564368619029,1.1113770695572798,19.61364401970235,-35.28373748834326,2.643615835105724,1021.1287871646065,641.5538954777436,5.0,11.05453831552199,11.053326862364337,3.5453942440935897,10.47185655298861,1.1405474399181679,0.2562995746507587,1.1140200231114774,1.1379660985935902,40.45523288230519,40.36876469348456,19.79100140001075,35.38263466490224
2660,331822255636652.25,-8.917880278743503,10.53528953287323,3.3893942990199726,1.0763493829201116,0.46957986127919493,1.093135881087869,17.10345817454642,-36.36205973677647,6.185109161146586,1021.1183035090787,660.4681145419991,5.0,14.212983779688894,13.80293136284719,9.54026112746561,11.06708268947591,1.604362582072159,1.1743224600728257,1.534103662936197,1.1897274060223795,40.65689664945738,40.18367417035629,18.18746427800638,36.88434578023853
2661,331822288969985.56,-5.443948361815074,9.543955957826094,3.140022421079182,-0.32531830085780095,-0.0916329972930773,0.5099278197643509,16.731629556907862,-37.57757915797439,4.915734069561637,1021.0989856117232,683.7848092538668,5.0,11.427309827597798,10.987432324753279,6.28460934115948,10.047230271562615,0.6117638306042161,0.33797722270283215,0.6048622803933397,0.5180955390297598,41.42687925062752,41.13419359855526,17.43880354474589,37.89774263483882
2662,331822322303318.9,-0.02134164751658203,8.33127128214372,0.8864407042773944,-1.4659746524368893,-0.3244725263561381,0.5204928671738438,15.44562324274372,-36.35237097113289,3.174041307412944,1021.1091383028055,704.6248565787578,5.0,8.37832404271828,8.33129861681787,0.8866975742148644,8.378296861467279,1.5891119931352358,1.5014539959477258,1.555633152888658,0.6133475728645084,39.62495035707697,39.497622112978526,15.76838024585749,36.49067570550084
2663,331822355636652.2,-1.006799115155193,7.922733311497137,0.6360948826440601,-0.8354513893367718,-0.07414943891042872,0.586770835218373,14.92316956103236,-38.25072354871316,1.4285492273652416,1021.1214011031425,716.4583624131272,5.0,8.01173915470977,7.9864477449854805,1.1909077033940287,7.948227464336458,1.0236098750492497,0.8387354548577719,1.0209206810558835,0.5914373613102223,41.08356842634788,41.05872430735522,14.991388949738065,38.277390257109815
2664,331822388969985.5,-1.0848749865554153,10.296685516384585,1.286318301944869,0.2990746742506668,0.039014201095284376,0.3491292439962233,14.561560368128037,-37.549796787468345,0.6148683382145002,1021.11877593483,718.4467767260396,5.0,10.433278541939538,10.353679846304777,1.6827265108662024,10.376721418504133,0.4613664461993527,0.3016086349315048,0.45971392168555963,0.3513023440008303,40.27908070212308,40.274387383730684,14.574536130799354,37.55483060610854
2665,331822422303318.8,-2.3275736824983158,10.408810207078945,3.5887099127510624,-0.5130353123421483,0.0481985809662851,0.47148346043961775,14.335844807903936,-38.687750953182395,1.6061140247983017,1021.1187333172159,714.3839476944307,5.0,11.253433609895575,10.665876859145225,4.277433586315106,11.01009394895741,0.6984446924311801,0.5152944157636188,0.6967796532463633,0.4739406678850003,41.28968542423671,41.25843574557537,14.425534604199596,38.7210753476207
2666,331822455636652.1,-1.5199219218537985,8.550999918685138,2.367357971564664,-0.3010701023528099,-0.23684919063808899,0.37462891251515845,13.271577638794568,-39.29727719701166,1.9495383358865777,1021.128846426983,708.1983454130773,5.0,9.001896801420006,8.685030930162826,2.8132803653497644,8.87265368279885,0.5358055316333898,0.3830675470940461,0.48061422016313843,0.4432204431185548,41.52362541788007,41.47783466047046,13.414002860654362,39.34560578796397
2667,331822488969985.44,-1.3956642668271986,9.426969662389357,1.978230206343149,-0.05304084045152925,-0.21982917128824572,0.575310661385589,12.503359049417686,-38.48425552839389,2.0707514733570824,1021.1287771074687,703.8180969134756,5.0,9.732883977043807,9.529723802991754,2.4210067110577698,9.632297325399469,0.6181590025300976,0.22613755836897473,0.5777505412024538,0.6158792265153945,40.517402714855514,40.464452437829564,12.67367346837789,38.53992650796218
2668,331822522303318.75,-1.3265325797005054,9.318377318627421,3.100555301475332,0.2077367900354096,-0.39613806694158743,0.5473023848147618,10.00408312081597,-38.59558815567889,0.6681373008870293,1021.1277294467121,704.2066891519507,5.0,9.909858107703846,9.41232407736351,3.3724074283089918,9.82067202536653,0.706837918081903,0.4473029644596975,0.5854011226143502,0.6756221344095701,39.876653716476916,39.871055970101615,10.026369559368517,38.60137086342423
2669,331822555636652.06,-0.7710814135561543,10.178125017696416,1.2606613319542004,0.11093287961969917,-0.31828508906304903,0.41754342725386284,9.560532602383114,-37.50291141454534,1.7354850973879732,1021.127351228754,709.2536857110346,5.0,10.284846251455292,10.207291287221574,1.4777799363289161,10.255900539189243,0.5366134692154992,0.33706305300431805,0.43202849144890954,0.5250218200825323,38.741244904258316,38.70235326447819,9.716773752871175,37.5430456022216
2670,331822588969985.4,-0.16223061876153333,9.618597476936442,2.519863614714995,-0.8959198637951579,-0.20356935289564465,0.5621315897431447,10.836410512928358,-38.498171990935134,-0.46345225300481874,1021.1187714155603,718.2377030057798,5.0,9.944518532023375,9.619965498742282,2.525080476030075,9.943195163532325,1.0770816162056804,0.9187561612207483,1.0576692897734572,0.5978565092273451,39.99689772268772,39.9942125744254,10.84631646207686,38.50096147675325
2671,331822622303318.7,-0.016515793131787117,8.19328355709865,0.8553069333853798,-0.68669913296689,-0.3506002050465452,0.5395210412095399,9.24269588182231,-39.07711742147948,-1.7735759708554506,1021.1189561511768,730.437357451239,5.0,8.23782241667924,8.193300203119978,0.855466376732525,8.237805860623338,0.9410415277255219,0.7710228291018094,0.8732918487683854,0.6434310046046162,40.19445365794074,40.15530516800925,9.411322908510309,39.117344972486194
2672,331822655636652.0,0.17043994446334637,9.274109664983348,2.5644985125585262,-0.38824074270908915,-0.22503014538927674,0.5882586177792102,6.6589338066583155,-37.99054106113433,-1.7567242642051433,1021.1287606756608,745.0912841760111,5.0,9.623658996126219,9.275675708691319,2.5701561033492815,9.62214958827041,0.7398767748920972,0.4487420647022342,0.7048255640162409,0.6298307453002162,38.60969683511692,38.56971103805667,6.886761182290563,38.03113580026477
2673,331822688969985.3,0.6714004598017492,10.099949706905072,4.2600688340376,-0.6194909148963679,-0.34835715562514524,0.5999360973616337,6.213255683532366,-38.105966746507335,-0.6425396659756359,1021.138799759771,760.8489347754207,5.0,10.982165047483685,10.122240989990006,4.312651742044618,10.961622624080357,0.9300779657813039,0.7107191439059317,0.8623759705352686,0.6937406062735186,38.61453230452523,38.60918605558618,6.246391231046878,38.11138358690583
2674,331822722303318.6,1.4493586497181914,9.620813057048055,2.930547644958536,-1.1396409146209545,-0.3136336566608298,0.5862045104948371,5.962672528781204,-38.984966427575515,-3.97734273346515,1021.1483143852832,775.9107931876301,5.0,10.161141366674872,9.729372249748659,3.269365381061738,10.057243826120473,1.3193874385460174,1.1820099343358028,1.2815682355624212,0.6648321583038346,39.638369369389046,39.43831983039683,7.167476466995205,39.18733038341139
2675,331822755636651.94,1.2307552311808017,9.328855007088789,3.3935789445757867,-0.5265920346447487,-0.26009651518043475,0.5794019768530878,6.077604198527769,-38.52078984230911,-7.591204773774619,1021.1595202006308,788.4660562116107,5.0,10.002933181593916,9.409691503039006,3.6098665476921745,9.926928719213898,0.8250187991443397,0.5873239039578606,0.7829468830850291,0.6351038088299205,39.72927022721013,38.997288660486475,9.724384952856449,39.261656103541064
2676,331822788969985.25,1.2564597350947917,9.277895185181265,3.1183558200332757,-0.36350724603123113,-0.2886981520947293,0.48400284027612417,4.828971071276996,-38.17326229722905,-5.121560173069701,1021.1587823762337,796.7074320469264,5.0,9.868240631108444,9.36258672232862,3.361968781272348,9.78792532090152,0.6706287276395761,0.4642026938096347,0.6053067547224014,0.5635648786238074,38.81684292451735,38.477485832890366,7.039129222681158,38.51529998610192
2677,331822822303318.56,1.5732659260784927,8.371633438058701,2.443515409893568,-0.5973837346098909,-0.20682408273109787,0.29567398942230827,5.718412010687818,-38.17807330194173,-6.6015614433063785,1021.1486656445851,801.6353346668059,5.0,8.861725546064351,8.518181266877464,2.9061887812987903,8.720952584414727,0.6979015944923208,0.632173653021083,0.6665511491231291,0.3608314138464988,39.16434769611469,38.60395727088629,8.733890851947262,38.744624072743115
2678,331822855636651.9,1.3851141930301742,8.18844864947035,3.124546482516989,-0.6295878746757403,0.05733363887499518,0.344546461814697,5.603831427858802,-38.65906773137275,-6.057827652145233,1021.1388110788247,812.1084981851936,5.0,8.873106746464607,8.304771677339868,3.4177963732707832,8.764330094560684,0.7199863210050524,0.6321930386245677,0.7176999068466863,0.34928414005745356,39.53003567407724,39.06310848525401,8.25228468576754,39.13081642033503
2679,331822888969985.2,1.2415829159484373,9.002169752470003,2.9355762560121423,-0.8548492467344058,-0.052636584312646714,0.2960813630387164,4.863964566486412,-38.32177378217218,-8.25758438084653,1021.1387939963133,838.3500073526552,5.0,9.549774675055067,9.087386224292487,3.187339971204404,9.468720515843104,0.9062019742802084,0.8564682391370292,0.9046719892763593,0.30072376618246616,39.50195181156008,38.62921817893826,9.583624111516265,39.20135259935274
2680,331822922303318.5,1.5862489875911212,8.058175530007706,2.2260543757702744,-1.3776164370448714,0.037238970424328235,0.3643404884277777,4.037570468565308,-37.19338380693884,-11.092429799858614,1021.1387899461104,890.5829469197557,5.0,8.509153706857974,8.212817952630438,2.7334051903294254,8.359994674418218,1.425467565412227,1.378119656827545,1.4249810662335123,0.3662386277088418,39.021683371731704,37.411893487217284,11.804404862313987,38.81223773341408
2681,331822955636651.8,1.8057228306187922,8.010227087042914,2.8328689467615664,-1.2679879266862362,0.14612195377500642,0.4010876058436693,2.462915709771101,-37.247216718045074,-13.209854457141082,1021.148248416016,978.2054413471365,5.0,8.68616828046406,8.211234555596006,3.3594317094627675,8.496404207399857,1.3379148983244382,1.2763796486927723,1.329911519531832,0.4268757347711764,39.596986776941804,37.32855618738091,13.437492644548216,39.52031639574596
2682,331822988969985.1,1.4623453905519694,9.139415118605264,3.601610941204023,-1.7183814865193636,0.38009751056178037,0.5596805763798601,2.953070362514641,-37.147667610970046,-15.704120841097616,1021.134654328352,1099.8974895516928,5.0,9.931715064542457,9.255666521189008,3.8871654728180944,9.823467314649701,1.8467678246939037,1.7599173420214258,1.8072291721830382,0.6765474596154768,40.43870973328492,37.26486057267725,15.979362814510434,40.33074038902472
2683,331823022303318.44,1.0956996711265434,5.855698273647854,4.174451243047416,-2.991600658054543,0.4652483037083814,0.5955083973912962,1.1353976036690887,-35.25798771433729,-19.303078860981596,1021.1289031648234,1246.8479216242815,5.0,7.274324932383031,5.957328263685766,4.3158546024961195,7.19133127123084,3.0855729990942447,3.027561804716115,3.050295846083774,0.7557024781400921,40.21223295088264,35.27626433429108,19.336441793455485,40.19620070575867
2684,331823055636651.75,1.7970075325004724,5.1992090572815695,5.269522335534754,-3.077513379598578,0.5385069508596433,0.37495242704759024,1.9229665161682978,-34.68905326703717,-23.317366404447224,1021.1488774195691,1410.0920716481044,5.0,7.617668707543127,5.501000899216628,5.567504083210275,7.402677925319887,3.1466915419661476,3.1242724493443927,3.100270621116347,0.6561852319833392,41.84169921053506,34.742311621215514,23.396524875749144,41.797487874303954
2685,331823088969985.06,1.0786696377690292,4.307724104858317,5.174752691600206,-2.900400591632578,0.6231878085819841,0.07158658670091604,2.903827415123272,-32.60903514944866,-26.972474837222983,1021.1388153472373,1580.6652804249613,5.0,6.818950107622561,4.4407223681538746,5.285980855685002,6.733093819545437,2.9674587235719576,2.9665951251742837,2.9012838936129803,0.6272859668131461,42.4181068163046,32.73807243920753,27.128335970004656,42.31859605684722
2686,331823122303318.4,0.9925175340741248,3.8425283860540187,7.022263503760199,-1.3333690322497327,0.4393750951039789,-0.15702368293035043,3.203600149988632,-30.86502430170927,-30.7198114405584,1021.1383458775272,1749.6287850211904,5.0,8.066120515422389,3.9686415122905068,7.092057231275495,8.004824115111672,1.412649952168346,1.4038958117895426,1.3425831121996135,0.46659073201108664,43.664855364578656,31.030835938886838,30.886402653343588,43.54717602886054
2687,331823155636651.7,1.580955821716422,5.750945713337145,5.885832775374808,-1.005931548420109,0.3405374836676732,-0.23443139232854152,3.3085342745805852,-30.149212561474243,-30.16345910341553,1021.138804890997,1908.1283474245795,5.0,8.379488371472702,5.964293579961497,6.094460498673804,8.228997755342213,1.0875762665664819,1.0620094434088563,1.0328873887389547,0.4134293839240377,42.7756435627385,30.330206348177565,30.34436791448284,42.647500315497716
2688,331823188969985.0,2.2900206944685055,4.892095137193044,5.83608314767677,-0.8415935342586098,0.09587578097372565,-0.21655421697906074,4.715784379645705,-30.51762886986485,-31.24907925587011,1021.1391187264256,2047.3269467978803,5.0,7.952147893433486,5.4015543700347814,6.269295118886238,7.615278152368738,0.8742811739793062,0.8470370961671158,0.8690082886815936,0.23682882904903266,43.93255340284435,30.879836368642223,31.60290456041916,43.67872051901773
2689,331823222303318.3,4.0314531731964385,4.983060140913087,4.599813917693305,-0.41746615216702443,0.14376394431777853,-0.20051440408452156,4.587288218060185,-29.155463218128382,-33.04537236073205,1021.1251347888467,2158.387562303845,5.0,7.889346686072137,6.4096414139663365,6.116445271976254,6.781532013148783,0.4849248252423434,0.44152696394551777,0.46312418901468755,0.24672676776380817,44.306668607768565,29.51413642069154,33.362251837293414,44.068556476506814
2690,331823255636651.6,7.065818338578503,5.053780029394828,5.076938576072487,-0.03483574106618127,0.21719475572474747,-0.19081473546881808,5.809695964991357,-28.62013468922773,-32.30385670966709,1021.1102397138192,2233.0593718486216,5.0,10.06189776754441,8.687144604488996,8.700637568535148,7.163518541242349,0.291199852407239,0.2199706588842311,0.19396853385965737,0.2891086736615969,43.547719057992886,29.203846952673434,32.82212250181789,43.15844376189021
2691,331823288969984.94,2.7820390881062225,5.127076137230881,8.238549868358477,0.6925981958173212,0.4252390161392757,-0.08721690426647648,5.223772417299763,-30.659860872291862,-30.9940063227914,1021.1187556698308,2271.883343830305,5.0,10.094570577203505,5.833236769128545,8.695599198513026,9.703639196218695,0.8173905248327358,0.8127241116741324,0.6980680835271271,0.4340910149230538,43.90835108397113,31.101685918548455,31.431134663021236,43.59650784920195
2692,331823322303318.25,0.9052210315616367,5.473754519280533,8.320841712832433,0.6907588386179955,0.5133772691150499,-0.2538427342888051,6.360768955089288,-29.90947541402159,-30.471642016746408,1021.119921254408,2282.1788948752514,5.0,10.00089098347431,5.548100003904541,8.369936196052732,9.95983912256399,0.8972960087530342,0.8606416173837449,0.7359238458428282,0.572706167415057,43.16893638299112,30.578360015572933,31.128449188752928,42.69774802889149
2693,331823355636651.56,-1.56756858038881,5.581917595897273,8.662755963146164,0.7768330648323842,0.7192958831932534,-0.18215782699098934,6.876997775994792,-29.983107115359015,-29.819012277755327,1021.1386911253605,2271.440415018802,5.0,10.423934774289132,5.797850920954227,8.803443197479417,10.305393972304602,1.07426144496101,1.058704953325353,0.7979041825626398,0.7420027233864048,42.84219069939179,30.761661377470006,30.601741643768584,42.28664334647544
2694,331823388969984.9,-1.6912432578640955,6.071368858356557,8.784182639450794,1.335065341669885,0.5844079369662087,-0.737881783619653,8.507140417919647,-32.03512182582087,-27.77023424961811,1021.12879706481,2247.160172391542,5.0,10.81127597532878,6.30252517420538,8.945511075422102,10.678173273432611,1.6335242973139235,1.457371642141162,1.525407812070545,0.9412768792373584,43.241257830503145,33.145444158818975,29.04405874475647,42.396166579937955
2695,331823422303318.2,-0.5710050543025281,7.296408133234432,8.308246215904797,1.5708541221538739,0.49857653151838977,-0.4270451055939186,9.21342585323016,-31.348879023929786,-26.508417625717666,1021.1386677444494,2214.0534838491035,5.0,11.07206275284172,7.318716992668087,8.327844976711287,11.057329100231483,1.7025066088213716,1.6480780414982554,1.62786676214595,0.6564648353054633,42.075356647679335,32.674752210383396,28.06391670762349,41.05421319519404
2696,331823455636651.5,0.9141008410649241,8.321516182650099,8.157359060336075,1.4158198827828663,0.27726194476565474,-0.1942108360313807,10.671226243125194,-32.259231252386556,-22.560173951284934,1021.1456209792286,2168.596610566179,5.0,11.688700473747717,8.371571652070063,8.20841563195253,11.652902574781724,1.4557259272715213,1.4427127664571775,1.4290779507484177,0.33851445293700655,40.78595982981341,33.97842065969102,24.956692854707313,39.36520607982624
2697,331823488969984.8,0.5524827802132194,8.498858321994911,7.603724994816413,0.8396847088280123,0.13137095378476685,-0.07082190206896238,9.740267244444322,-34.14204488539977,-23.358003048631566,1021.1584927485494,2105.7449030316784,5.0,11.417200348446643,8.516796933106617,7.623770131583716,11.403825085213208,0.8528449328867287,0.8498992515221454,0.8426660976046499,0.14924499760790996,42.49880399928602,35.504253758526566,25.30749123111725,41.367566224961
2698,331823522303318.1,0.06761155101022341,8.691554658274912,7.75256723300094,0.670667818674293,0.0012204083574676085,0.030068963182364454,10.567910894864836,-33.65269313476424,-22.83577364759752,1021.1588231041295,2020.4537117345146,5.0,11.646887670180828,8.691817629219468,7.752862053721184,11.646691422029699,0.6713426509233238,0.6706689290565752,0.671341541655361,0.030093719335126487,42.019722202660034,35.27299953086512,25.1625376058559,40.66910760401459
2699,331823555636651.44,0.5974627447711229,8.74849389970788,7.114656636866543,0.4534589236709039,-0.25698477562029487,0.1855547129317789,9.019401363981421,-34.5637711979556,-21.30174605241426,1021.1378269683518,1908.8179372357588,5.0,11.292096630171235,8.76887149208012,7.139698928659288,11.276279731087515,0.5532600851756638,0.5212160495968903,0.48995463764308783,0.3169727533902688,41.59048286893002,35.72119651396374,23.13253090014442,40.60072246039683
2700,331823588969984.75,1.687386691913602,8.161979024347376,6.470791755068789,-0.16772749867553138,-0.23981707377789313,0.29022718286851246,8.86732588998208,-33.86406275657766,-22.74406524637529,1021.1287175421883,1783.936887532524,5.0,10.551602787226209,8.334577100365301,6.687183247490183,10.415807579412782,0.41216084283096904,0.2926512304558821,0.3352078929377161,0.3764891054880398,41.74561915640913,35.0057740211608,24.41151311104092,40.79298040487856
2701,331823622303318.06,1.5459199956928513,7.179041307817949,6.472796697300549,-0.5297311461164985,-0.2008016493928752,0.3828633672178461,8.240234488448486,-32.21569935611547,-22.59058503277019,1021.1297973166861,1671.9760851091667,5.0,9.78905510338073,7.343602844138524,6.654845281271975,9.666215970271994,0.6837548884813808,0.5665124796196447,0.6536049610607972,0.43232587287402363,40.20058807469183,33.25286077058987,24.046538140602202,39.34699247879613
2702,331823655636651.4,1.8995157742797872,7.635333242435103,7.546949173535965,-0.5315585485140475,-0.17444662117438184,0.22260470869680754,8.647693671468552,-33.57367049410038,-22.682431797910354,1021.1287844303404,1599.4357883279,5.0,10.902427056747845,7.868066719326437,7.7823262592025095,10.73567676259721,0.6021120912849283,0.5594516191213671,0.5762875556806267,0.28281527535327516,41.4302627139732,34.66949604886093,24.274993678730628,40.51770060989741
2703,331823688969984.7,1.4176560092522301,7.589443662582605,7.32428928747701,-1.0110067590249976,-0.23917132277876468,0.248217845191548,8.059673359667412,-32.496117825512954,-24.50684857131276,1021.1277500564383,1592.8089500414153,5.0,10.642115261297198,7.720712639911178,7.460225340244049,10.547268303886355,1.0681524643539932,1.0389117327444009,1.0410315871604305,0.344695547275098,41.4914646076926,33.48068112201652,25.79813872281849,40.701146183208095
2704,331823722303318.0,2.0739885988080227,6.989803795260652,6.9578730393783825,-1.2390496481889823,-0.2499724990196295,0.2506867089543268,7.934922724979255,-33.432229631508385,-26.62198791278493,1021.1387952562033,1665.9537041513067,5.0,10.078233130679923,7.291007187229065,7.26040122445683,9.862522716239937,1.2886326501333538,1.2640135604270073,1.264154997112139,0.35401988123899203,43.467312054160494,34.36098043981428,27.77936714685666,42.73691868352671
2705,331823755636651.3,1.9924737901998981,5.825148461936241,6.870950919759136,-1.5164799994217704,-0.13619004754258576,0.3332392320230418,6.731745275769259,-33.42685997277794,-26.62221188536539,1021.1471353347608,1794.159593057547,5.0,9.225631303600347,6.156484906846739,7.154014142170286,9.007903260211949,1.5586236567738894,1.5225831069915048,1.5526622216069916,0.35999460386088905,43.25983735252406,34.09796712558603,27.4601267318112,42.732857771380026
2706,331823788969984.6,1.8891059934389183,5.331333169813197,6.950670256893255,-1.5658927767329578,-0.011928575484338103,0.3136612778782776,8.46254263471826,-31.013431117074603,-29.84324279759773,1021.1469351642363,1945.3827822596515,5.0,8.961230487051308,5.6561324968566,7.202814621695285,8.759847623538379,1.597042853644752,1.5659382105107271,1.5969983047782759,0.31388801849277337,43.86418445810117,32.14727885059567,31.019893109435323,43.04012140236015
2707,331823822303317.94,2.3872102412654934,4.523622370903169,6.694420393709794,-1.3693484817320458,0.07448134044568978,0.4241038892424267,6.20371516531884,-29.624684661610875,-31.590632478816016,1021.1587452655531,2087.5794372571363,5.0,8.424796525629333,5.114873614326992,7.10732278313856,8.079506405855076,1.4354535322911008,1.37137257318952,1.4335199242746546,0.43059444834454064,43.75015524045503,30.267276440940133,32.194007862706876,43.30808240630735
2708,331823855636651.25,2.06803153365481,4.130987387194215,7.086679341192129,-1.1693475622299934,0.16644360864268148,0.5002628655920606,5.6890189238925295,-29.049051774474062,-32.369331693771194,1021.1487189202676,2190.2984976939924,5.0,8.459481975997564,4.619719820221606,7.382261070232477,8.20280932839701,1.2827081237918494,1.1811338603863772,1.2718634580738644,0.527225198134894,43.863264579986094,29.600884198153306,32.86546166749811,43.492770011778454
2709,331823888969984.56,2.1811225617770154,4.414078202704727,8.163298168631794,-1.1749438485409351,0.17999356225026916,0.5847442361983225,6.117478416224816,-28.018354255347205,-32.25672975888093,1021.1493225446109,2249.0133838618913,5.0,9.533143185700766,4.923553798739862,8.449658727988956,9.280276039514137,1.324694889943675,1.1886508022441769,1.3124095660240152,0.6118198298671768,43.16188517764932,28.678419017636056,32.83169439597127,42.7261604864702
2710,331823922303317.9,1.9164578561830428,4.703289293783761,8.12641097560704,-2.2764313340271407,0.16694611448838784,0.6919112609079564,7.366286153140844,-26.444791542825076,-34.52608702885624,1021.1389985857827,2280.2813232940402,5.0,9.58291689622806,5.078753872314216,8.349333270327175,9.389328278715551,2.385110441186025,2.282544769261571,2.3792605598193375,0.7117669549185379,44.10940780556436,27.451578669239176,35.30315647663973,43.489972238064574
2711,331823955636651.2,1.3651512555202288,2.643406578845306,8.354549536759759,-2.9019833596985554,0.14265762548398758,0.6747617101712752,5.60512852271131,-23.667485038756755,-39.26301984704501,1021.149149902291,2301.2712002334415,5.0,8.868468540492422,2.975102736298547,8.46534913117121,8.762767616641181,2.982811087479277,2.905487673020838,2.9793977219365293,0.6896771444828323,46.1860589499184,24.322156849586484,39.66109168020419,45.84467881411348
2712,331823988969984.5,0.9384557033256936,1.2616082738976726,8.680457332439317,-2.494702699785487,0.020491992319765985,0.6215608617647367,3.871785898724661,-21.912086160253228,-39.64056621037713,1021.138532882864,2329.149329067245,5.0,8.821717182282093,1.5723722663134156,8.731038804598455,8.771658619501022,2.5710502497897534,2.4947868610497035,2.5709685850268027,0.6218985661882133,45.45882461546072,22.251522328594152,39.829200538359494,45.29364204139091
2713,331824022303317.8,1.195879535074627,1.3677000921911995,8.992734424158861,-2.169985441543815,-0.09849301347991131,0.3428964646303567,2.429598371374537,-18.384651661368814,-41.27130603958133,1021.1385021134297,2376.159903673695,5.0,9.174421171280613,1.8167915137929618,9.071901690707527,9.096146215053473,2.199117021823181,2.172219530852363,2.196910285370821,0.3567616279259185,45.24620500294847,18.544496891424608,41.34275813802181,45.180926494735075
2714,331824055636651.1,1.747434434102581,1.149900253248005,8.990801504427406,-2.299590103183824,-0.061083490321185416,0.14035389596428155,3.001701779552427,-16.656215172534623,-42.29028001908798,1021.1389356504061,2439.3757822052967,5.0,9.23094303881902,2.0918407429599495,9.159041368696919,9.064037857623607,2.3046789476113934,2.300401233578788,2.303869323284926,0.15306994774341148,45.55115258190525,16.92453005099819,42.39667437035882,45.45214283140724
2715,331824088969984.44,1.320604280053094,0.016196710833591123,8.387229777729488,-2.0958543416494817,0.06548832616096777,0.025843252850282265,5.652454698814119,-12.632057090533241,-42.597259871205985,1021.1129992234734,2512.9561068143407,5.0,8.490576031245972,1.3207035995772773,8.490560582725193,8.387245416575936,2.0970364841824356,2.0968772358615437,2.0960136676865604,0.07040308644689462,44.78890106930167,13.83904297488222,42.970650363442275,44.43079354314468
2716,331824122303317.75,1.418035537614895,-0.44248756605811135,7.52271762818961,-1.1904176987381185,0.1639957658516148,-0.09176813178610128,4.504203120856195,-11.409341236114262,-44.98681750923079,1021.108036931197,2591.060019653122,5.0,7.6679789087822545,1.4854696335014042,7.655201192614958,7.535719989462901,1.205159864373904,1.201660895879622,1.1939496168098842,0.18792552042968758,46.62911818600971,12.266250983736963,45.21174178642938,46.411063519929506
2717,331824155636651.06,1.1872512298678444,0.13541288037120752,6.676372529791448,-0.02165270595073201,0.34255590985000084,-0.21641707317458786,3.3946880782741613,-11.393922016716722,-44.35694815976074,1021.1099496110978,2667.6097712943724,5.0,6.782466534200298,1.1949485892678129,6.781114631045295,6.677745637917356,0.405770551678662,0.3432395534435837,0.21749756144941895,0.40519242457703575,45.92258938822484,11.888875727830566,44.486658193176055,45.79694650269518
2718,331824188969984.4,1.9333384793163497,1.9029233506694323,6.295365827459672,0.9572979639505448,0.6722087574074821,-0.10643462014394692,5.303845197226734,-13.16588246597065,-42.44955619007666,1021.1184937273969,2732.845222298757,5.0,6.854965051382482,2.712732009271877,6.585546945937919,6.5766821559255835,1.1745689991159973,1.1697367247886037,0.9631966155199284,0.6805827957717543,44.75975933490231,14.194056325937929,42.77961657858356,44.44440664293123
2719,331824222303317.7,1.9394646128349524,2.2440645348313693,5.546037076113065,1.6782695915338137,1.219960592813401,-0.026353513522673306,7.682814972530329,-15.181788574330398,-41.90044256963121,1021.1274906634477,2774.0993543140526,5.0,6.2893462196437975,2.9660324713203936,5.875376603594002,5.982838196550922,2.074990886138946,2.0748235274077405,1.6784764906134562,1.2202452031016613,45.22343903053779,17.015062451187337,42.59897573220628,44.56606098643487
2720,331824255636651.0,-0.4356139703137256,3.005665610893866,6.683931920055126,2.122886576664903,1.66429526553123,0.01732313375228473,10.437219151660697,-17.943609712993364,-42.323006168554855,1021.1229693397088,2778.626083772344,5.0,7.341575526246004,3.037068536540209,6.698112080509275,7.3286405066998475,2.697559311528979,2.6975036882743457,2.1229572554215577,1.6643854186553866,47.13963856772297,20.758339845758925,43.59096689410921,45.9696636998332
2721,331824288969984.3,-1.0441758818859022,4.788404197170113,8.225178599256546,1.572755303643171,1.9204425196433768,0.18385195698555024,10.66564442118123,-18.813993585902303,-39.06242352421099,1021.1187850764866,2733.682959243603,5.0,9.574585161637888,4.900930322682476,8.291192089318645,9.517477488554634,2.489068150629737,2.482268864646198,1.5834648045426016,1.929222904006071,44.649694927897094,21.626888948007462,40.49233140366095,43.35711344445344
2722,331824322303317.6,-2.190749163187622,4.541889036031543,8.652126767246221,-0.43262876770697156,2.0096708536210413,0.5583032717758978,14.287660185994573,-19.19864592381526,-39.89354668602788,1021.1239319163622,2633.2103270541984,5.0,10.014361462825743,5.042632042062043,8.925171118387917,9.771798893352344,2.1301753763052584,2.055710239927208,0.7063074358403179,2.085780305585801,46.5211812628266,23.931678564164336,42.37490177900995,44.27282544065055
2723,331824355636650.94,-2.770631719034404,0.9366944599124845,7.737371702921693,-1.14251878090259,1.8257841504545973,0.6163488572956309,14.848875125358916,-17.78014900705491,-41.43312980062908,1021.1101153224001,2491.6692863712397,5.0,8.271681661120887,2.9246874420611646,8.218474371298658,7.793864085317634,2.2402506205011945,2.153795934801242,1.2981660443120404,1.927011592580814,47.46922198938335,23.165120142178807,44.01355856510901,45.08700415628492
2724,331824388969984.25,-3.045634625537517,0.6865066660610121,8.54783354586662,0.23451994043964605,1.5730068758618074,0.35471280022942236,17.41263739406354,-18.887843416115945,-37.7925993047548,1021.1183160803828,2327.4467014811185,5.0,9.100145053935238,3.12204767337388,9.074213387402557,8.575357119699968,1.6294696697450175,1.5903931067419586,0.4252302589308682,1.6125048223664702,45.697167659917476,25.68950310786206,41.61106226986873,42.249629479102744
2725,331824422303317.56,-4.269568596049968,0.10454443908461804,7.462550573086144,0.8105477092317592,1.365057791107543,0.20331303295201386,17.118428607913735,-19.50243934087503,-37.865964030749545,1021.1086034313372,2158.9294366702256,5.0,8.598244390105922,4.270848339161625,8.59760879851162,7.463282829667643,1.600533208456608,1.5875674354194398,0.8356576920659554,1.3801155612598357,45.90443301280136,25.949677035538407,41.55564738976229,42.593149357878296
2726,331824455636650.9,-4.153473648406873,-0.9045017599655591,5.772829766147991,1.5237571527737954,1.1683655598245382,-0.19260802977139357,19.108361416717365,-20.573057102855312,-35.96805220834674,1021.1173747170202,2003.7332063661806,5.0,7.169032730481524,4.250819542369577,7.11174429074433,5.843259958508184,1.9297698813966986,1.9201338344015009,1.535882063754155,1.1841350997738918,45.62982505173119,28.07810810202921,40.72873992274067,41.43611297189569
2727,331824488969984.2,-5.45163752306951,-3.844538475550157,4.628201308385113,2.856669835378057,1.281139730430914,-0.9945904042596387,20.438408728140878,-22.944147268332216,-33.031337105446504,1021.1161599051866,1867.8067076878215,5.0,8.119179461242538,6.670894075978496,7.151265554702688,6.016703702271136,3.284979700012291,3.130795674784206,3.0248591075625733,1.621890588521293,45.11354204873642,30.727226448370864,38.84324628956998,40.21819395304274
2728,331824522303317.5,-7.233602488838663,-2.611362953160356,4.298818709550768,5.192104869589531,1.09666368664785,-1.9556487993627572,23.644999492395648,-25.713389345315615,-29.266291341652526,1021.1087634013691,1748.0512544847988,5.0,8.81045195987442,7.690528033865508,8.414561620436125,5.029816971890936,5.65554475226537,5.306658479535627,5.548199275734814,2.2421492965592296,45.57170395666226,34.932282957447555,37.62448418104727,38.95759490161419
2729,331824555636650.8,-9.020539264639702,2.1285371666866304,6.03142377419924,5.274252612986353,0.49476730808891206,-2.6253779631020517,26.689944211440444,-27.255230321885165,-22.39057705040009,1021.1086661081175,1641.1315807830156,5.0,11.057977746353478,9.268268397865532,10.85118433024167,6.395994310030471,5.912287608353369,5.297408358315122,5.891549038642999,2.671592060606452,44.23277792043718,38.14709296799445,34.838069158030365,35.273014055349904
2730,331824588969984.1,-7.3660611090474,6.487788690825128,3.702682064153819,3.0384215069565483,0.05310033622841346,-2.5501783702805634,29.315068617792743,-26.045528520339296,-18.44339863425064,1021.1289098608324,1543.714087812886,5.0,10.49095385688191,9.815816744368195,8.244313842305313,7.470023866428059,3.9671443911068454,3.038885469978043,3.966789000461574,2.550731143408572,43.33476384095779,39.21406385430748,34.634263399815154,31.914393446933722
2731,331824622303317.44,-8.46626847361921,5.292756199665703,12.747785633525439,-2.2030851452732363,0.4728973950488584,-2.737005927788087,32.160842664513694,-22.66398964807491,-18.861752449774396,1021.1305896403878,1454.2015106971983,5.0,16.19249852909723,9.984536546905835,15.303063105983592,13.80287313378694,3.5451964053229434,2.2532678721287427,3.513514708389695,2.777558891363264,43.63189123950762,39.3443290406591,37.28385047668997,29.485965004466397
2732,331824655636650.75,-8.984500145506217,4.404702609715189,11.966145479558831,-6.709469831304551,0.31864995448221606,-2.059820324663513,32.41916125076346,-18.705720471094484,-22.636286919820645,1021.1388765825702,1376.0176237098792,5.0,15.598438562324091,10.006130518069062,14.963618563120603,12.751080060841828,7.025765650843639,6.717032321693669,7.018535829293944,2.0843218473614913,43.7413703496149,37.428678771040346,39.53989759368942,29.365038121193823
2733,331824688969984.06,-7.9562433924665745,-3.0610757533031556,4.453991828439574,-10.369991157078454,0.7342203247909098,-1.5770921367244852,34.49403532572441,-8.560188284007646,-27.40895875711146,1021.1288614854844,1313.4885010783953,5.0,9.618213810029127,8.52478701714175,9.118105731344341,5.40446370838652,10.514894944360575,10.395950946557097,10.489229533459715,1.7396261359999945,44.88169244423635,35.540333376460964,44.05779718961628,28.714592868552025
2734,331824722303317.4,-8.511168622198547,-14.16748799818384,8.048432662036552,-6.885859894517751,1.2296967618862567,-1.7558933352326014,35.38582745893488,-0.8104352642289474,-26.85174240747303,1021.1295895740377,1270.9402170302135,1.0,18.383007800942615,16.527483398696255,11.713977105613358,16.294016831156764,7.211822378416972,6.9947995405959675,7.106210515573141,2.143668708291422,44.42780278821248,35.39510686904357,44.4204103455922,26.86396984130959
2735,331824755636650.7,-14.575768074083932,-12.918654975466001,10.592117226832727,-4.134552677658908,1.6707047890966493,-3.074839889373324,37.400348833176366,5.029038797364278,-25.05625071459141,1021.1287842222187,1252.052996550421,1.0,22.170647457203035,19.47677235387365,18.01793446254179,16.70582514340729,5.416679857802959,4.459347523645912,5.152588300031141,3.4994134990869306,45.297825819139874,37.736949056179306,45.017794178699376,25.555956861324088
2736,331824788969984.0,-16.51197756966434,-7.989156143841697,9.673468643625718,-3.4708267347948096,1.3952234359717455,-3.851759978946272,37.847920772245196,11.87804743221262,-18.128985815331138,1021.128784471944,1251.7097582720553,1.0,20.737599059461818,18.343173639034816,19.136911946819115,12.54601974691151,5.369296191742768,3.7407601713089287,5.184852279320848,4.0966697904147695,43.61436969940664,39.6680364725057,41.96576263425493,21.67367383473255
2737,331824822303317.3,-18.285171386945624,-9.110155537276677,5.23802036846311,-4.066594558020743,1.2694245785367255,-4.3530021971476645,35.47442470051075,17.41271650692981,-13.399188331137879,1021.1291434718535,1258.438738216384,1.0,21.089790988622486,20.428960486606947,19.02062959079981,10.508653162694415,6.090751857389156,4.260120897335786,5.95699751785212,4.534320995360335,41.727398096648855,39.517559438595306,37.920615181791405,21.971366459189728
2738,331824855636650.6,-18.263189147208976,-5.655409534917224,5.834538551448567,-2.3250094922568234,1.3684455134814637,-3.9996440607051618,32.79891334955524,24.44256862412507,-10.294817768364917,1021.1081664175782,1260.62710644016,1.0,19.989236477232037,19.11877963768515,19.17253029558361,8.125607492118494,4.8244652423647905,2.697834735941377,4.6263183798154675,4.227268117318988,42.180459347196994,40.904863743284814,34.37661981340625,26.52211216756511
2739,331824888969983.94,-15.300129960322797,-5.364246905647521,1.1365633953437697,-1.3547992198499954,1.398151400423266,-2.9861357327889597,31.613327661016328,28.999802018140954,-5.557093861728313,1021.0996315343477,1246.6699702345722,1.0,16.253027349363308,16.213239086238023,15.342286438285614,5.4833312152727345,3.5647320908100166,1.9468714042308228,3.27909858661572,3.2972464198395297,43.25820494521486,42.89977858793856,32.09803386487775,29.52744163112393
2740,331824922303317.25,-8.178169807419355,-3.8133250229862203,-4.781433629943376,1.6294543907374848,1.7558499933354996,-0.8391755523007302,30.580953423028802,29.152346858216468,-6.7308349715898395,1021.1083401071928,1209.3010490304111,1.0,10.212052520794822,9.02351977500567,9.473361016900972,6.115844609576534,2.538177775131044,2.3954395860864333,1.8328494807465514,1.9460793423382075,42.78268550497967,42.249899876842555,31.31291828744542,29.919282524093727
2741,331824955636650.56,-7.2268712227989225,3.118118426425657,-2.8701973863093273,4.746639811489256,3.56080059495143,1.4173048018263348,31.088527810568074,27.70241130648422,-6.4397860225517105,1021.1181509693447,1152.7669626911024,1.0,8.377849558717996,7.870853206110149,7.775969438423488,4.238006082769598,6.10070842429805,5.933792242488881,4.953720056815357,3.8324996775324642,42.135388898624655,41.64036687665095,31.74850241262912,28.441069533508706
2742,331824988969983.9,-11.678538009944631,4.126260704493863,12.629130668188008,4.925449224115722,4.618794136909791,2.2312803571128694,36.7752332950758,23.242147899403722,-5.400641276457143,1021.1187819948977,1083.2025804104105,1.0,17.689240200905708,12.38605172971483,17.201255520568502,13.286119404687627,7.111393771303356,6.752281787551111,5.407278621578501,5.129509850969193,43.83813578474775,43.50419776165294,37.16967460315229,23.861357152826187
2743,331825022303317.2,-14.952803722834,-0.21040814066961944,18.031236432527873,1.401830040699576,5.4893275290590875,2.4941183605770894,38.68840917408964,20.0113434512582,-3.572633588868293,1021.1197465942652,1006.7427713820996,1.0,23.425543708630947,14.95428402696894,23.424598747029133,18.032464026621003,6.190191481760598,5.665495934540393,2.8610756473004213,6.029373360296549,43.703667831273705,43.55739743311115,38.85301423547591,20.327753872096256
2744,331825055636650.5,-15.57212673815146,-8.20409373989225,9.409490853525174,-3.266629324213628,5.6112487437774226,2.5668834038580046,39.074879647790965,17.530764502509133,7.704138619594373,1021.108913855659,929.4435925745358,1.0,19.958376771785947,17.60108761531488,18.194220216091306,12.483816412280065,6.981824261277116,6.492840642304113,4.154486436470101,6.170494540435585,43.51468344595544,42.82725678270537,39.82712607456473,19.148928322816392
2745,331825088969983.8,-14.603131045636218,-9.104099388614726,4.074637044750701,-3.567661267088174,5.026753797835568,2.965702593229653,40.02258236700625,13.19833280152916,14.761075056351853,1021.0884507989807,856.3641983340391,1.0,17.684420518079015,17.20860430173811,15.160940056028158,9.974331693112564,6.840457041179674,6.164126917961334,4.639353272620041,5.836406909695673,44.65302257275506,42.14265164964967,42.6579000437557,19.801144551746837
2746,331825122303317.1,-14.358600585417705,-6.850079306342679,4.485843245384989,-3.235488900895075,5.10840290121348,3.329693573034775,37.921076206865216,7.176041164008596,24.43304204890187,1021.0952121036457,791.8800580181164,1.0,16.529240360552205,15.90889679628169,15.04301167963795,8.188185154559607,6.902972397398862,6.046831288281616,4.642762940117049,6.09775692295416,45.67797205697547,38.594087467828864,45.11076993856663,25.465056657132198
2747,331825155636650.44,-12.707154536016894,-7.996088885430278,1.803639530561205,-4.791937675500525,4.866211569310303,3.182922847296597,34.33804280486897,0.46178279601338723,28.66337131720123,1021.0879732625654,740.3532791165303,1.0,15.121584884598551,15.013634265757121,12.834519545289483,8.196984385730198,7.534831091339306,6.82954476690583,5.7527093215044385,5.814723801620513,44.73145741296008,34.341147724263784,44.72907375451416,28.66709086423748
2748,331825188969983.75,-12.549260322546083,-5.4674210517860935,-2.6999493066537985,-6.162960644613104,4.637062057970545,3.4273574289477784,31.34169699468041,-8.882001862519791,31.977781689535444,1021.0800915993881,706.1438033852014,1.0,13.952288481071609,13.68855827326396,12.83641931776653,6.097738860923291,8.439858256054038,7.712614889680411,7.051869458009946,5.76620529249814,45.64833457395519,32.57594093180064,44.77589186481881,33.1883786718995
2749,331825222303317.06,-13.286939824760752,-1.874131162976619,-0.8350165178267991,-6.77148297117006,4.093261872674045,3.2797896954651287,24.461140787066775,-16.76622378657809,30.28848658134575,1021.058725884494,691.5397278567839,1.0,13.44441854852403,13.418462561815842,13.313152237237315,2.0517358994479986,8.565325144652267,7.9125074652181615,7.523961860305071,5.245170464795808,42.38922136645919,29.65558410597098,38.93250348992553,34.61933967380052
2750,331825255636650.4,-12.40581489161777,-3.9174995409554456,-1.8970488238604877,-5.759665229053025,3.4840450127790072,2.1248406575522694,19.13811013478069,-25.858023029157508,26.403357488299903,1021.046888557336,692.8983180955513,1.0,13.147236972785644,13.00965202372728,12.550021408953679,4.352654005718418,7.058842753725278,6.731442133884292,6.139111610872504,4.08087214588468,41.61780750066488,32.16993339295926,32.609884179278495,36.95638837374944
2751,331825288969983.7,-10.94008199067192,0.5706740862827101,-0.12700029439301064,-1.1753371973863924,2.6122787586540217,4.075173474509571,13.814686017064231,-27.435044770451295,25.965208414919548,1021.0481318137058,705.5223468265648,1.0,10.95569221684119,10.954956087332285,10.940819120952508,0.5846349181587749,4.981210363739068,2.8645100524304494,4.241280039670395,4.840561864108484,40.22088113576014,30.71688837279481,29.411521514200498,37.7739821780399
2752,331825322303317.0,-4.6270220738589645,9.889359702123178,2.361842654143486,-1.2532936031252502,2.786734675012466,4.253485476421004,7.326633776303334,-30.39444159230964,23.4857357958248,1021.0588765718634,724.7145867748857,1.0,11.17081327893755,10.918276814129415,5.194962367034978,10.167484253290455,5.23724867680311,3.0555907783195555,4.4342850104339355,5.085079040392711,39.103470793162046,31.265022664319165,24.602019192809262,38.41096022725296
2753,331825355636650.3,-6.0803522430412125,6.5010272489158085,1.7011963183062833,-2.519838779556832,2.037776035560306,4.320302943941533,0.6279784389851225,-33.19608278275849,20.5231768919817,1021.0588727294911,746.279363418211,1.0,9.062455936666451,8.901350385789907,6.313853998381271,6.719927395780753,5.400660716383896,3.2406972468995527,5.001460286995023,4.77677178631487,39.03299961288084,33.20202206251277,20.532782243510056,39.0279477023751
2754,331825388969983.6,-3.3149224496962906,15.405307146856318,5.622449687849056,-3.645491586251163,0.32942902472016966,3.275390023554462,-3.0280912091011327,-32.39291091993898,15.974688073184174,1021.0385377839716,773.2821229607508,1.0,16.73093361498027,15.75792496290304,6.526917445463395,16.399250860370916,4.911854252128843,3.6603459382626804,4.900794702069055,3.2919148361900525,36.244457138620106,32.534136137874285,16.259151128093013,36.11774268836072
2755,331825422303316.94,-9.671783595549131,11.576760410480361,9.094455568110442,-3.207287875145921,-1.1421957030370988,3.5714968895031682,-7.988797547976819,-33.67352444311438,10.780684773843026,1021.0187411087604,814.2559129375675,1.0,17.614593427074432,15.08525039635732,13.276012955683205,14.721769719772158,4.934257448677081,3.4046007898275605,4.800238071782362,3.749693461573522,36.24845236526041,34.608194617511934,13.418049428122231,35.3571691826989
2756,331825455636650.25,-18.913709309132766,8.487619834272063,9.055076055344784,-3.5483344109533457,-5.096059619624308,4.189420365899703,-12.383108811080138,-34.2743946592207,9.268596813381071,1021.0287941302138,877.8675554732307,1.0,22.622168168625713,20.73084875931287,20.96956847907114,12.41104720880583,7.490777245448984,6.209710197643774,5.490165761993969,6.597049844360784,37.602957330136746,36.442770381559455,15.467652398346308,35.50550684253126
2757,331825488969983.56,-21.723423071296974,5.339709228778705,5.482816305301431,-3.709784548057996,-8.334221451389913,3.2571683206609485,-12.092305248010536,-33.45417858636541,8.183451647342501,1020.9982208022401,972.7784655996728,1.0,23.032170527767054,22.370060451023868,22.40465095850049,7.653350200113915,9.686634816226682,9.122595496557855,4.936764817380623,8.948094359690506,36.501709438927456,35.5725443439107,14.601120747239092,34.440542181458504
2758,331825522303316.9,-17.948611217054264,4.717249904578608,4.5206847367421785,-4.979027938566905,-10.640479356649436,2.980290239573292,-11.97979917905349,-33.34812714114111,9.058724608504118,1020.9999091219761,1101.5010997829725,1.0,19.1008293477594,18.558154307021294,18.509166245673516,6.5336848065437465,12.119927807722636,11.747787883355429,5.802831130157558,11.049974246638707,36.57422130032137,35.43463238404151,15.019190387739572,34.5565923573843
2759,331825555636650.2,-14.54360365278576,3.6174654192136204,3.6525805651550516,-4.907573256128427,-10.691375283099255,0.6680181259892227,-10.970125753807318,-34.407788776399734,5.279007616843777,1020.9988557048588,1248.585269422318,1.0,15.425427321584259,14.986742917276246,14.99525765014632,5.140758780973366,11.78287014801499,11.763918594938195,4.952829845746482,10.712224496374029,36.49804801567312,36.114257399753996,12.174217858780137,34.81039858864064
2760,331825588969983.5,-10.484666510550694,3.8641902055397055,2.413655209453774,-3.8623959337915545,-9.834241464641178,-1.3354351395039934,-6.758131402253568,-35.63091831272095,6.234460722255547,1021.0086040182695,1395.3182823459993,1.0,11.431794664538705,11.174085993138421,10.758901584622224,4.556061612260345,10.649591285399616,10.565529212218259,4.086745570890312,9.924499594271234,36.7981409904803,36.266164394072874,9.194609320002288,36.172238530468924
2761,331825622303316.8,-8.515994884468538,3.507097805520299,1.639895613220382,-2.8505983574208043,-8.628589655911316,-3.4115942395671004,-0.5017812707813075,-38.05865516254538,0.8580215942785209,1021.0190201870224,1522.9874463823078,1.0,9.354740055824056,9.20988077500353,8.672452161560406,3.8715620413141707,9.706567142964467,9.087269691465636,4.445771727245744,9.278552403556667,38.07163272413592,38.061962866164016,0.9939745972383592,38.06832586071773
2762,331825655636650.1,-7.080018789525195,1.5718834394846475,0.30316453207875677,-1.8894196804345902,-6.9876026378353,-4.291697165611115,6.057025780987173,-39.38528008219946,-0.04042046270983132,1021.0178047993079,1613.8167438415032,1.0,7.258745920671588,7.252412261265619,7.086506529563092,1.6008517360569707,8.415174502909068,7.238542488173734,4.689197296993168,8.20032043188541,39.84833098485615,39.848310484446394,6.05716064879816,39.385300823620774
2763,331825688969983.44,-5.313164239720167,-0.09941129369904879,-0.8907724842637249,-0.6120480275895225,-5.449362950956303,-4.6048931831980955,11.338680822807477,-35.58680475543394,-3.3862794898247968,1021.019117006299,1664.3260293330422,1.0,5.3882346331871505,5.314094169616878,5.387317501035422,0.8963025293037428,7.160670400737329,5.483626478830538,4.6453895441330335,7.134465488031985,37.502709825905725,37.349516134789184,11.833535886822252,35.74755322374643
2764,331825722303316.75,-4.104339989543669,-0.2601962838080621,0.1861781245040422,0.6054359807640292,-4.423897196710336,-3.786462048305579,18.13125082855014,-35.1898355959137,-4.378864326364354,1021.0077769620514,1682.1853692654443,1.0,4.116791365847764,4.112579343413918,4.10856045882389,0.3199443704011187,5.8544610321637425,4.465133719595111,3.8345596318302553,5.823071461893632,39.82764415156816,39.58619438485133,18.652525550083197,35.461232100085596
2765,331825755636650.06,-5.360035639247966,0.9151851339209183,1.1852163373211544,0.9724516595228082,-3.7610578565891912,-2.42687071787898,18.93954314531257,-34.44922582306733,-5.691138019444713,1021.0174398700465,1675.3601674052704,1.0,5.5652748045007785,5.4376047928622215,5.489509979976476,1.4974316664218177,4.580493413598406,3.884741745691719,2.6144528512495877,4.476076147912334,39.72209091070376,39.31228121544011,19.776130726447107,34.91615975111034
2766,331825788969983.4,-6.500170097355811,-0.12675905045091507,1.379877328186203,1.3207510830750284,-2.9875300780866816,-1.2785902597988525,21.338177959769038,-35.295658266496126,-4.420779538675375,1021.010976429093,1651.8148832912505,1.0,6.6462275459295075,6.501405936520952,6.6450186407113225,1.3856873015632032,3.507778847557094,3.266453641323641,1.8382536484110015,3.249635213362434,41.48065359703991,41.244409695230814,21.791308597060983,35.571432135842485
2767,331825822303316.7,-21.907394128496158,13.528355824429383,2.5365375369346173,1.626520949760843,-2.33214985255228,0.8291861653115735,22.118570224638308,-32.71246500230426,-4.449182526921422,1020.9987564224084,1618.5654837332331,1.0,25.87246318945915,25.747821826586424,22.053751158874224,13.764099461593947,2.961763500267138,2.843324345685968,1.82568346017458,2.4751712327642577,39.73829060826724,39.4884352096818,22.56161283995715,33.013642508587935
2768,331825855636650.0,-23.0063953106898,14.016522749559218,3.9991520138233474,-0.8167130990977004,-1.097472997830376,1.7447464760214078,19.308319043027737,-33.31596081896937,-8.04382624979682,1020.9997295868525,1579.8968195365485,1.0,27.23509412523313,26.93988001422131,23.351390580036064,14.575874821724371,2.217116941614421,1.3680158139453515,1.9264372691128282,2.0612101412897994,39.33786433317612,38.50668032378862,20.916843093647472,34.27326051060831
2769,331825888969983.3,-7.875629021553356,22.47807982312908,1.78423879875396,-2.8721482188992358,-0.8000256196444855,0.6585638322952874,17.941602845164468,-35.24741921425316,-10.45277358519902,1020.9923871058454,1539.60514645929,1.0,23.884578981239656,23.817842157090894,8.07521148801147,22.548782242638772,3.0533559741080065,2.981488954098874,2.946683171386688,1.0362177924041829,40.90894950426314,39.55100092183404,20.76443084404309,36.76467104284679
2770,331825922303316.6,-2.424603411385482,15.617250401387453,-4.056545416524646,-2.869188590909413,-1.7899706899366723,1.435838619040253,16.298466312239764,-34.624048461703566,-15.951911179596316,1021.0188368666257,1501.486720259553,1.0,16.31664096922114,15.804341549148408,4.725913924187493,16.135491031138894,3.6739448527386105,3.381750765659277,3.20840703623031,2.294695537704248,41.45995907247548,38.26832549262656,22.805777215717608,38.12201728870243
2771,331825955636649.94,-2.2564234741304197,10.082223410187755,1.9998858890976792,-2.8165748156794796,-0.47254170169035564,3.437786485581053,12.172478211081403,-34.68240320845744,-21.57351879503441,1021.0287672216367,1469.4769909152442,1.0,10.523412913924684,10.331634710322698,3.015126939951087,10.278656160332925,4.4693137362015705,2.8559393117075005,4.444262549935998,3.4701111769336936,42.61989009034365,36.7564731457368,24.770666906624747,40.84465455250811
2772,331825988969983.25,0.34004568349105296,11.016344389785516,4.1373833175278225,-3.352962273908454,0.2694893266248112,2.291144137665502,9.270309307692548,-33.50362176107773,-22.91548467928346,1021.0401309083145,1449.5207984420692,1.0,11.772570471115356,11.021591299863179,4.151333735441951,11.767658408983342,4.06992898795262,3.3637747408853116,4.0609971029061755,2.3069386547378525,41.635930923375874,34.76249855475944,24.71958884663671,40.59078847713895
2773,331826022303316.56,-3.327634423319224,9.538679789548127,6.258633183474698,-4.271755279289219,0.5901714089898585,1.8377691353052141,8.784527503455607,-31.6320589717895,-31.518842633480045,1021.0594995204643,1449.0731296789845,1.0,11.88402508866771,10.102453315051397,7.088274838107627,11.408632760012242,4.68759968990579,4.31233062950006,4.650299835582195,1.9302066435150278,45.51035617535657,32.82918028604639,32.72010642423168,44.654502524928525
2774,331826055636649.9,-1.1528483391027662,7.034815980601509,7.281220711841336,-4.233453845562424,0.6868351655188604,1.7037814729281777,7.810602896637568,-29.010850037183296,-33.761532154960925,1021.0588875366432,1475.6257565452568,1.0,10.189890589620951,7.128653110784559,7.371922025328216,10.124465958038163,4.614839684603779,4.288807993732128,4.563441987140911,1.8370122079307558,45.19376053106625,30.043883528746765,34.6532331977757,44.513711071201406
2775,331826088969983.2,-0.1004808124265697,5.5076310253055505,7.9422876511452385,-4.8696007114215085,0.47677801716671525,1.6121177475904267,4.7863804885198205,-22.973352399627622,-38.78778005415666,1021.0488308453876,1536.6675805233524,1.0,9.665610639691025,5.5085475312984435,7.942923235635609,9.665088341264264,5.151626150879576,4.892885484694107,5.1295160318272615,1.6811427392548959,45.334051663048974,23.46666483883808,39.08198203405908,45.08066993742562
2776,331826122303316.5,1.3963720994154878,1.432079901795849,7.21595951493663,-5.072328732279499,0.383163987043198,1.4428977823952371,5.37034016114791,-17.991707599498213,-40.53053996553725,1021.0528520158038,1635.5930240532184,1.0,7.488042441543591,2.00017696345939,7.349824947658992,7.356692501819829,5.28746512231675,5.086780259582184,5.273563574922488,1.492906109374576,44.66840903468907,18.776104382759485,40.884779849528975,44.34440452011791
2777,331826155636649.8,0.7391679073083287,-0.6675122493150517,6.9603941874001185,-3.5108215285630315,0.47762753633365,1.1977735068298145,5.325186237239684,-14.068952117585287,-43.01972514048457,1021.028907169889,1763.5372032949394,1.0,7.031289287333695,0.9959627493938786,6.9995325871938,6.992328642661112,3.740141339916074,3.5431618462731578,3.7095187260728384,1.2894919298419607,45.57400326184913,15.043038993108889,43.34806062125648,45.26181795785215
2778,331826188969983.1,-0.4717214898215676,-1.3872326353494095,7.7544278785988165,-1.9381800276429255,0.733084959623393,0.8790334286113711,5.366818868829669,-11.041024456925562,-43.02874622108851,1021.0388736853347,1909.3506013752915,1.0,7.89164667689377,1.4652424879650285,7.768762635603563,7.877535535240003,2.250923176431445,2.0721861348778403,2.128201491440647,1.144601820128858,44.74572568623839,12.27627654581203,43.36214646589425,44.42271066039608
2779,331826222303316.44,0.5850723053045156,-0.6737132440032363,8.61083657474285,-0.4137131594634563,0.7741241372924698,0.5296989185838141,6.213822947972881,-10.733339933232697,-44.088280053061446,1021.0387833388487,2061.883701421048,1.0,8.656945515278982,0.8922999145913354,8.630690361689702,8.637152079943629,1.025186667198178,0.8777395731377535,0.6721157063051699,0.9380027314926501,45.79948274585924,12.402265186290853,44.524016369437405,45.37599612305501
2780,331826255636649.75,0.8488757570264618,0.28531753237298535,8.361924660901298,-0.04798442638136393,0.9221299884758455,0.6089232053416758,7.144652049696608,-9.914411410056776,-43.853162025127816,1021.0589477765961,2209.76944766622,1.0,8.409743169665525,0.8955423748470299,8.404901789161878,8.366790909833274,1.106080327474091,0.9233776155082012,0.6108109160605507,1.1050389973435524,45.52407523630997,12.220540352991677,44.43136136236821,44.95993075183698
2781,331826288969983.06,-0.176528441763878,0.7490779948051621,8.414482652252186,0.3399627110259976,1.0367468340806674,0.5507841133152495,7.896559901013205,-11.170130796474801,-42.46186783174412,1021.0799800451313,2338.4936677610467,1.0,8.449603448571175,0.7695973837357462,8.416334154238683,8.447759238245034,1.2222036582930433,1.0910630792325589,0.6472540338758898,1.173970671463624,44.6109594162819,13.679454677751027,43.18988166261626,43.90651479872732
2782,331826322303316.4,-1.9432997227240525,1.1846415604856564,9.028697701115961,0.9390625030617462,1.1269617539243095,0.6679513603892913,8.667104941614625,-12.404643919414989,-41.553331394078064,1021.0788072251523,2431.1735635285822,1.0,9.311131597035127,2.27591507731929,9.235464037636444,9.106083560179234,1.6118437267026395,1.4669291664783097,1.1523876971325653,1.310038859978612,44.22299457050047,15.132544360960582,42.4475918988938,43.3653610697934
2783,331826355636649.7,-2.4489084759724804,1.4602986402077267,8.781468473461382,1.7704762450452152,1.0646961449144454,0.5898574538560237,9.595713639793692,-13.534319678973095,-41.10699597710049,1021.0772078016885,2470.868448258991,1.0,9.232757626661634,2.8512496983397284,9.116542177497235,8.90205934989139,2.1485101421996124,2.065953536569757,1.8661505700609786,1.2171728294967783,44.32877900067762,16.590826665044787,42.21211720013909,43.27774170903554
2784,331826388969983.0,-2.7257367297359183,2.9103020787230776,7.64724784725836,2.3016858672087466,0.9337021515929804,0.4523718030376989,11.541460193740416,-16.546747608073293,-40.395332934328124,1021.0687937526303,2440.6482112311896,1.0,8.624378154200391,3.9874175739758337,8.118499883428532,8.18231372087489,2.5247173678218755,2.483859404072187,2.345719096458921,1.037516243763412,45.152885651796254,20.17424496254999,42.01176295133197,43.65292406334876
2785,331826422303316.3,-2.4102069090085503,2.6441942862565866,6.569903115964275,3.153513340604159,0.963528079598794,0.34119599439618237,11.863970124088514,-21.554968095151448,-38.39981695689482,1021.0754881076471,2334.0183819984804,1.0,7.480941633301359,3.5778290579210923,6.998051464328455,7.082047047049961,3.315033552791848,3.2974282023334096,3.1719175739543424,1.0221551089572167,45.60610023901724,24.604276796692513,40.19079159992114,44.03592387932861
2786,331826455636649.6,-3.51250279184941,4.0901494053732135,6.221020973274956,3.9843810475823025,1.0931653865225417,-0.032925537305087654,14.157677586626985,-24.309110167042657,-35.117807253713465,1021.0869803533297,2174.469110126295,1.0,8.232138238085632,5.391381828531972,7.1441429025934795,7.445161120365477,4.131753500105113,4.13162230783793,3.98451708784639,1.0936611236108773,44.99592268271945,28.13134678184279,37.86423406007113,42.710575077167796
2787,331826488969982.94,-5.36854243248581,2.748408014046454,6.029418531657904,3.977643528688686,1.1025838124554337,-0.9511825381234659,14.056035717447829,-27.55054069840283,-30.35469233847435,1021.0884471202243,1990.842751590554,1.0,8.528123022739248,6.0311685817157725,8.073111895626148,6.626283607088858,4.235810114445493,4.127631173543458,4.089791713785677,1.4561728208972167,43.336033272877586,30.929022500954016,33.45115075828637,40.99316576867154
2788,331826522303316.25,-8.20152742731899,3.6960199472288346,5.343880482249627,3.3053037634980584,1.0279332631850036,-1.609396027165958,17.323046902739854,-29.3357678914083,-26.4076169165099,1021.0745595237413,1811.9816623671732,1.0,10.463396876729258,8.995866583680478,9.788876889083555,6.4975089117970395,3.8173073408901943,3.4614563066080435,3.67630093181339,1.909660274975562,43.10495868206171,34.068684033480174,31.582434757372095,39.47086911872758
2789,331826555636649.56,-9.687816744442975,4.227709974040652,4.401950857591137,1.7158784170093935,0.8190389348664068,-2.105440601662124,19.88340842852479,-28.953559129666793,-23.935648667418995,1021.0588129082519,1665.4439951214151,1.0,11.450087172207896,10.570114706024361,10.641003929449374,6.103335397735418,2.8368897838853604,1.9013320380159169,2.7160852102034703,2.259138088730847,42.50380917212902,35.123475298020296,31.116960132147344,37.566259640869596
2790,331826588969982.9,-11.866323830028453,1.4648577862287802,5.897503691206652,-0.13061210979504503,0.9372008368056237,-2.624214665767433,22.601819271815877,-28.39307459078044,-22.12801985476653,1021.059076967012,1560.4338100171187,1.0,13.331766550640328,11.956397851066024,13.251044903210358,6.076706190171709,2.789607059025187,0.946258385291393,2.62746306068306,2.786547688545459,42.50480186762892,36.290617508020574,31.6305468983508,35.997443623270854
2791,331826622303316.2,-13.00410103669869,0.10670030857829654,10.989166240438088,-1.6167831135339583,0.7115541277129731,-3.209514365400427,24.761025071427692,-25.583633256348453,-22.610593925946706,1021.0489686007227,1492.4541434955954,1.0,17.025856906144337,13.004538774155685,17.025522559752815,10.989684236402558,3.6635064316288073,1.7664362181731699,3.5937404049152275,3.287444560502439,42.176647695937945,35.603801105825895,33.53128867598036,34.14324601263618
2792,331826655636649.5,-15.242287634993046,-3.621367204409546,11.189808720286297,-3.447953736916615,0.38789260530124003,-3.7511451725427394,29.526972246893255,-19.301517508201265,-23.456778364604606,1021.0664284786493,1456.6794528089351,1.0,19.252362243985285,15.666576932343418,18.90870570780711,11.761212506615475,5.1097882295311745,3.4697039708258446,5.0950441683471155,3.7711471436073776,42.36285070004599,35.27592193250524,37.71024451412358,30.377113578573965
2793,331826688969982.8,-15.781775700684385,-0.9870556371555597,14.445764257058523,-3.479905559239007,0.19199197930821169,-3.5924243875727124,31.00999282048346,-15.098475265608958,-26.658468228086083,1021.0591418872309,1448.280655872579,1.0,21.417722289451376,15.812612785291135,21.394965511475398,14.479446943904666,5.005208946864098,3.4851977879800784,5.0015253355001335,3.597551097697691,43.59194350267623,34.49034082279619,40.89368634635805,30.637197711508808
2794,331826722303316.1,-14.878082048720758,-0.9130025048188877,12.136320122051774,-3.903510163981818,-0.04172407910198346,-3.039565251722854,32.18715325652878,-8.098721242672374,-26.429284038031334,1021.0690011207575,1459.9438944188705,1.0,19.22189286015275,14.906069200908481,19.20019769568495,12.170613775760216,4.947533670281314,3.903733149062096,4.94735773113188,3.03985161122347,42.42769349480032,33.19039199114383,41.647567630321575,27.642292606248322
2795,331826755636649.44,-13.820692512383712,-2.6926056841442856,8.309442893269608,-2.8250539580162357,0.7727850489866953,-2.099780766583433,32.91363565964376,-2.9740074933699945,-26.621652500539536,1021.0588597058716,1477.520417564964,1.0,16.349572107203727,14.080542137721308,16.126325766223623,8.734813482083913,3.603776611466682,2.9288439012075345,3.5199444787406677,2.2374708935874628,42.43659405237274,33.047725079139624,42.332254773343415,26.787256343830805
2796,331826788969982.75,-11.05797322629796,-3.0898356808967096,6.204576844954311,-0.9179578572775167,1.4492572247691122,-1.8951840876468269,35.726329615769394,-1.1284647336991451,-23.678622352134234,1021.0588381278552,1485.6964795583929,1.0,13.050771250520338,11.481544164809234,12.679729717090412,6.931367712067051,2.556309030096466,1.7155154127209113,2.1057942334917876,2.385805782039939,42.8756482978951,35.74414721978696,42.86079542320222,23.705497023901305
2797,331826822303316.06,-7.792166443073767,1.130326111513467,1.4268649005531777,0.920434335009827,2.8546043315729275,0.28947619694659354,36.78228073076726,-0.8241576210723185,-20.133066305818723,1021.059766454739,1469.158334646691,1.0,8.001964661216935,7.87372180070734,7.921729692497435,1.820324301546234,3.013264296987333,2.9993274670999,0.9648812536595606,2.869244213801534,41.939906657214166,36.79151276505689,41.93180814884407,20.149927907038894
2798,331826855636649.4,-12.399667082040764,5.3895023910023,8.29795696884071,2.5100771575740426,4.569366734143165,0.9763285900538,38.36186982812021,-2.0385625773866756,-13.407046864117671,1021.0698486015247,1413.8505164216135,1.0,15.86362410121965,13.520298804688633,14.920048042891063,9.894585685078058,5.304037820738612,5.213405766681619,2.6932702895794596,4.672507877665978,40.68829929731899,38.41599659115408,40.63719924313544,13.561144605031275
2799,331826888969982.7,-16.672642585970696,6.410568519157693,11.400028732201775,0.22355703641924696,5.637186247666859,1.3897569507505432,40.106604817702625,-4.8755805839131305,-7.5567494738492105,1021.0705935300139,1322.1106743405421,1.0,21.190400058360513,17.86259778247104,20.19746681875105,13.078839544617164,5.8102728784091,5.641617369107633,1.4076228652206542,5.805970476418547,41.102499907476655,40.40186921459944,40.81230467167822,8.993094497488116
2800,331826922303316.0,-17.976098023121427,2.2660482113706006,10.266041909044512,-2.02293768404863,6.126434574822066,2.097126796166427,41.61939358379711,-8.501564491208018,1.8701846038845922,1021.0800502588446,1207.7562863750231,1.0,20.82466545016712,18.11836291261233,20.70100762318415,10.513162748408025,6.784056181394618,6.4517809535909745,2.9137978091733294,6.475425962728204,42.51997308952333,42.47882438440571,41.66139115218813,8.704837117992273
2801,331826955636649.3,-18.58965396341036,0.9032354874721367,13.037788009687972,-1.3442957161848503,6.186796271539666,2.181823294386017,38.578250995037706,-9.019863641628671,8.25329130013289,1021.0785602731273,1084.8411853652176,1.0,22.72388578150161,18.61158426424703,22.705927654797588,13.069037857906467,6.696561204529941,6.3311593786675475,2.5627102568332596,6.560243973623432,40.46920072394008,39.61867476266341,39.45121375979422,12.225986970319576
2802,331826988969982.6,-16.717051497617838,2.7571007429029213,10.888618330366299,-2.996607333675955,5.968925117306297,2.339633195985432,35.867622156424254,-14.977698819630554,16.092310676214744,1021.0644728542304,967.4134938943076,1.0,20.140094945776987,16.942886863829397,19.950484202605104,11.232257727229412,7.076835879120521,6.678901299484108,3.8017810305168185,6.411080294908729,42.06875614975315,38.86923952288723,39.312196352478594,21.983946980271252
2803,331827022303315.94,-16.79209703482667,0.6561927561901306,4.178569812185476,-4.905918278899886,5.408096312122309,2.718629887590063,30.59435268779575,-19.21481018723388,18.166407009991136,1021.0791997894361,866.918689946635,1.0,17.31662661824233,16.804913322011245,17.30418933386775,4.22977949881364,7.791436860177518,7.301749097335168,5.60883077164412,6.0529706910647505,40.43812174878202,36.127874929431734,35.5813541062997,26.442905933049076
2804,331827055636649.25,-11.488410235213772,-1.8663022880256337,5.314073586727691,-4.898291871575439,5.076483417317847,2.4419827416426227,26.924824729443706,-23.878066662384366,17.69392278562978,1021.0641799178023,788.0893180820368,1.0,12.794765806688732,11.639014303748159,12.657920359115927,5.6322697303526414,7.465067103243314,7.054356607476341,5.473257071399299,5.633290654385188,40.102159016546274,35.987612511036836,32.21833469090375,29.719303004564228
2805,331827088969982.56,-11.229703292959538,-0.7289836994785343,3.1110388247591354,-3.2412443339531842,4.234140647792434,2.744163590598211,22.072649771996726,-27.284517169687465,16.84190504792869,1021.0488121124138,734.5902415259105,1.0,11.675453560833104,11.253339650166598,11.65267345363565,3.195305901359698,5.9970030573309385,5.33231768161573,4.2468928223288716,5.045629875174456,38.92680966613682,35.09482504786421,27.764214982611573,32.06391496412152
2806,331827122303315.9,-7.60609129415491,1.0667877842376698,1.6019836360472788,-2.148848131739509,4.588401181121044,2.7474228489122137,16.51271753198827,-32.10148045380679,16.561302694167104,1021.0396385428121,710.0863235036542,1.0,7.84582771425559,7.680537803540703,7.772964450271362,1.924678608693404,5.763619175736568,5.06665310557111,3.4879622423422654,5.348061116857014,39.71714534738365,36.099513675635194,23.38688921637633,36.12176344330335
2807,331827155636649.2,-7.2768068962533485,7.3318764928491325,-2.1472271643361545,-0.6580479558484257,3.780933639651659,2.2125693252018683,10.590315523064596,-31.418480938177304,18.20614996989853,1021.0290754012559,717.5144893343381,1.0,10.550777981126181,10.329972483591328,7.586995657084784,7.639829670984607,4.42989269830208,3.837771006671168,2.308352254535807,4.38074448082444,37.82511895641717,33.15532728447532,21.06225722956823,36.312323544343
2808,331827188969982.5,-3.0525878917031393,8.97890902109271,1.097268117864536,0.3416028553763057,3.4918158028902764,2.310014020272958,6.907899595202394,-34.067243501468354,18.200185475687856,1021.0278827007813,751.285468756144,1.0,9.546889407975492,9.4836227279259,3.2438079719759303,9.045706414180268,4.200670766195935,3.5084854441931936,2.3351353889354853,4.186757979053948,39.237009416559445,34.76055460728058,19.467044669564935,38.62413534485629
2809,331827222303315.8,-2.5653818306584544,16.760531082109406,3.6847929617075725,1.440389117761347,4.545176349780093,2.220616439530241,0.8870958987397561,-32.43538120874,19.421055010449777,1021.0244129886695,800.2787168029558,1.0,17.351492306487003,16.955724286842717,4.489864486565511,17.160801301949896,5.259704006184909,4.76795017393907,2.6468581718855426,5.058632762131706,37.81558238357253,32.44750981646889,19.441304402032216,37.8051759931785
2810,331827255636649.1,-8.659374910053659,19.821629789716976,6.135306745949271,1.1252062919362777,3.4615383656554743,3.3534531306439304,-3.8546022876677077,-30.304564446271762,20.476189093300977,1020.9893398368829,853.2801204168908,1.0,22.483855768536518,21.630575150778174,10.612575686408906,20.74943364016199,4.949139819781144,3.6398265145907382,3.537193392908927,4.8195327321567545,36.77633620766144,30.548724770018335,20.835841201658045,36.57377401995666
2811,331827288969982.44,-9.964793466398561,16.696708503882856,1.6708634870357306,2.833702526091209,2.289189379880045,3.9525815744281334,-10.161240059321452,-27.698916665097705,25.285965069230027,1020.9828278667662,899.0812016712085,1.0,19.515864533346267,19.44420694427041,10.103904869914832,16.780103088358644,5.375235727467221,3.6428365353569303,4.863411468186142,4.567634959085979,38.85692748333954,29.503911333299293,27.25125371474641,37.504799878180236
2812,331827322303315.75,-11.008156735615884,20.2334124973218,5.163474742214952,0.7034455556134994,0.2017498316023478,4.664090336885341,-17.317352770899948,-25.23370210215202,26.36762672702944,1020.9787301132784,930.2949061920659,1.0,23.605761318291666,23.03411591536917,12.158987874382355,20.881868994423602,4.7211521173217,0.7318050589220879,4.716839441865665,4.668451741763943,40.396561338657335,30.604418451784824,31.54587843455549,36.49645819796913
2813,331827355636649.06,-17.115504047823073,13.089519253851648,5.501662220220333,-1.7365815338115602,-2.527912003925266,5.614062489005062,-18.33714732252329,-21.545687698292003,25.714784612083392,1020.9799471047145,949.9957936300203,1.0,22.23835156420999,21.547064605370288,17.97800784281862,14.198725347099039,6.3971675102046905,3.06692916826665,5.876513681940085,6.156950278347485,38.23241789327606,28.292536654041015,31.58324111888715,33.54797767434234
2814,331827388969982.4,-22.817066336918483,7.460957254221177,5.47616518545241,-3.2896759759083167,-5.430180562418366,6.762500648078308,-19.11209101790903,-18.824785868966867,29.902802862165878,1020.957103425576,963.0325464673341,1.0,24.622607183460797,24.005924255746834,23.46501441213492,9.254959118638862,9.275788051815011,6.3489234494467315,7.520198337924863,8.672847050174802,40.17240601585682,26.82619216529423,35.488725563062914,35.3348295881841
2815,331827422303315.7,-17.614383082080572,1.0937322330601753,3.124832659488967,-4.486077515404252,-7.6382288801244105,5.036750672608591,-19.85577817503927,-19.63656414238128,29.205619670331398,1020.9588157243898,974.2538471862694,1.0,17.922815646815373,17.648307045150847,17.889412246133052,3.310714325858347,10.190009285442544,8.858184458419354,6.744905396833871,9.14939330027897,40.40810313021719,27.925733262606013,35.316004123688934,35.193221956023045
2816,331827455636649.0,-12.781055187195957,-0.25413138832772436,2.3020171351066714,-3.2286065003482154,-8.597782820613626,4.181957853887409,-13.899929203120948,-20.254009426296022,32.79086431772188,1020.9586079567296,988.2257136049421,1.0,12.989196947887377,12.78358144107832,12.986710691644493,2.31600208394943,10.091310165494871,9.183995283346434,5.283244403373872,9.560891220076158,40.97162081728655,24.564871863949598,35.615289056176714,38.54173945923736
2817,331827488969982.3,-11.760219367416866,1.0824993889099903,1.2650359504671018,-3.258696998366427,-8.905703548825912,3.006753047324601,-8.319217265285113,-21.64032829598168,32.604070994693345,1020.9788854193546,1005.6584990453242,1.0,11.877494704386589,11.80993499121639,11.828063050463543,1.6649687333294598,9.948428303723587,9.483177833760832,4.433922644200972,9.3995808197582,40.00673230959868,23.18433058479117,33.64869717142139,39.13220226597104
2818,331827522303315.6,-12.801236920888035,0.8972701740999662,-0.2665279392245086,-4.327693108561288,-8.633315861461588,1.5713072740720968,-1.9395083090798442,-26.152578716879876,30.39861509393695,1020.9853716809098,1024.474742549242,1.0,12.835411859867358,12.83264432882157,12.804011240509524,0.9360186470987889,9.784277027721823,9.657280694152629,4.604121435349066,8.775143834337767,40.147165101074314,26.224398296692872,30.46042501526072,40.1002889412524
2819,331827555636648.94,-11.837657510898362,-0.8451668756879127,-2.428895757799231,-4.748598697345327,-8.129893765601942,-0.21982213628055186,5.380575935019291,-29.7538168414072,24.878314573311936,1020.9794105644482,1042.534953932181,1.0,12.113792841028097,11.867790122558135,12.084273662392105,2.571739032253306,9.417679331979933,9.41511350055872,4.7536839777196676,8.132865080128422,39.155724358427854,30.23640544152885,25.45350925513364,38.78427713185682
2820,331827588969982.25,-17.455853975217515,-1.7883919268146637,-1.8625833635933702,-3.15842759726765,-6.679016646275426,-1.756024665475876,12.440317614792312,-32.89439995255449,18.442553418200944,1020.9947961486428,1057.7012033600931,1.0,17.64580404726143,17.547227236461406,17.554943884571433,2.582162363258875,7.593981226877362,7.388161357767312,3.613763621619649,6.90600361909722,39.71058835095148,35.16821079605172,22.246107051349618,37.71166032968864
2821,331827622303315.56,-13.910517134042419,1.2237736391489558,1.4900639553245076,-1.8338190276826163,-6.694094458132651,-0.952155304154838,16.184746179410737,-33.747926016287636,11.6088879584433,1020.9865518240091,1068.9059324634982,1.0,14.043518058069385,13.964243941451452,13.990095694005992,1.9281889199020916,7.005739972616974,6.940734315668125,2.066274896890781,6.761471758251488,39.187176460220556,37.428178145519915,19.917637624066774,35.68877680773766
2822,331827655636648.9,-16.300398498832315,2.341885630903245,2.295235758643676,-2.047546590540992,-6.088242190405456,-0.31336414692654097,19.080863467631758,-32.638279886306485,6.499946987353408,1020.9807250531774,1078.0165159468277,1.0,16.626951816755906,16.46776911208576,16.461199786421748,3.27910589886751,6.4309670422144185,6.42332779869353,2.0713870060939943,6.0963013424216514,38.36125617658639,37.80656906686036,20.157595628169766,33.279222117941444
2823,331827688969982.2,-35.71046316483928,23.11445332622235,2.690309966967311,-3.488727089998127,-5.127867459417071,0.7871414161338685,17.344141379845265,-33.89400513503304,-4.566294700325387,1020.961574862921,1087.398890510038,1.0,42.623384423762246,42.538395973725365,35.8116593746465,23.270490331930592,6.251866361241938,6.202115880071516,3.5764239566192417,5.1879298655958825,38.34675829308035,38.073912647608296,17.93516901214707,34.200213908451886
2824,331827722303315.5,-24.21928565877395,18.37860424663679,1.115322460247671,-1.6120586174036724,-3.0407328037642034,1.515898542787708,17.231595363678156,-34.35023810617713,-11.880800630941637,1020.9188527142037,1099.4189928530827,1.0,30.42352438600962,30.403073724144885,24.244952918321502,18.412415328924904,3.7606830977708094,3.441625919508562,2.2128446348470416,3.3976468880555566,40.22462132029065,38.43002389705994,20.930391836029198,36.34683317131283
2825,331827755636648.8,-10.480876076552013,20.048599269334925,1.119343491394354,-2.4326744350256506,-1.753799083674528,0.1744794887527997,15.700088800828272,-34.85634105441062,-14.834256947658696,1020.9178777169813,1116.5801632791931,1.0,22.65056347745336,22.622888763250753,10.540478792909136,20.07982227297104,3.0040238389068126,2.9989525059135205,2.4389235327953207,1.7624568981660382,41.0062492706227,38.22901123564778,21.5997214691082,37.88165375073469
2826,331827788969982.1,-0.025720916712844575,13.937293581294744,0.166946146921134,-1.913573450669529,-1.3759479468693925,0.8571149987362124,14.191331361156163,-33.91047543997409,-18.562285495576322,1020.938130044199,1143.2121857141171,1.0,13.938317149237495,13.937317314919547,0.16891590075644727,13.938293417315172,2.507915912597542,2.3569039232860947,2.0967616631763053,1.621073370811042,41.18097465075959,36.76022620125209,23.365622795496325,38.65848920204163
2827,331827822303315.44,-1.2005616236615393,14.007056693077326,1.9798211978166458,-3.376308575934546,-0.8021383832485854,2.736313909988231,10.881616934894407,-33.492134963194715,-22.460507455800954,1020.9770090162467,1184.941988171664,1.0,14.197136239066499,14.058413332068849,2.31539201595172,14.146283228410438,4.419309832972214,3.4702860956713377,4.3459030608061475,2.851462747411534,41.76849394798334,35.21551776576103,24.957643764784187,40.32613916016434
2828,331827855636648.75,0.3586683196535392,9.646391684857978,4.252283829131986,-3.3918552360469607,-0.09679166967951573,1.5462418878691866,9.604667987390876,-30.235640985979053,-27.945238123246714,1021.0090930867866,1247.4241409167194,1.0,10.548148333462022,9.653057313681517,4.267383358338044,10.54204867666596,3.728929410088075,3.3932360026409203,3.7276729896948377,1.5492684089984585,42.27741674636695,31.72449578765638,29.549720487899247,41.17196035650935
2829,331827888969982.06,-2.426782575490143,7.707427528311634,6.308460296942545,-1.9699233135727818,0.21826198124989088,1.280553451735272,6.4886336852800515,-30.367632317687946,-30.09191302149351,1021.0291307051707,1336.3064671555728,1.0,10.251360109321054,8.080452510403026,6.759137887837694,9.959975422774717,2.3596722858413655,1.9819778388813272,2.349556341973669,1.2990209525678356,43.2414001736434,31.053107085830177,30.783528004354565,42.7517990484075
2830,331827922303315.4,-2.147203442834765,8.740999117665348,8.302354928378255,-1.8033524384240243,0.3229277812812401,1.3322251968154992,4.727242432290636,-30.64909506920138,-31.815951429800098,1021.0288100665363,1451.8569957562447,1.0,12.245188669706751,9.000863747438235,8.575522140469825,12.055461954309056,2.265212207304913,1.8320377641012475,2.2420758221344723,1.3708049923141221,44.429366582903164,31.011511565458935,32.16522324494341,44.17716371548023
2831,331827955636648.7,-0.377497589565729,6.808091174053141,7.538746541049682,-3.122490621727366,0.29613019031801785,1.3852412259227411,4.453312135274899,-25.730858970139206,-33.76493528661849,1021.0287560567475,1579.2920705300637,1.0,10.164905768109056,6.818548955925169,7.548192090846422,10.157893720865996,3.4287802534413134,3.1365013585830215,3.415968521045136,1.4165402724997704,42.684657047057485,26.113389138818803,34.05734640108828,42.45171325459937
2832,331827988969982.0,-0.19876999314052768,3.4057829314165637,6.269890327222617,-3.5553431517734584,0.43926032136938176,1.1095900057481587,2.213218927144456,-23.211560072978088,-37.208289598547765,1021.0380294135467,1701.2157943030315,1.0,7.137954300883497,3.4115783570220817,6.273040269723511,7.135186198784734,3.7502805945219833,3.5823755465880405,3.724467063583544,1.1933732068325196,43.91049616994027,23.316836385773716,37.27405468779682,43.854684309328555
2833,331828022303315.3,-0.8541644405397236,1.6336682873423265,6.666175069459068,-2.4113082801308665,0.6426940668240729,0.8825056599219815,4.2390138247257685,-19.473490566398052,-40.08380703976627,1021.0588967644106,1800.2322699011477,1.0,6.9163833772592564,1.8434936844346794,6.720676078205239,6.86343661220424,2.646937763747549,2.4954885865013576,2.5677273729159817,1.0917288598022852,44.76491550139491,19.92952766740371,40.30732966852843,44.5637568169562
2834,331828055636648.6,-1.16681796036663,2.1823531907427975,7.761927073454393,-0.8704655068635101,0.8000448612625074,0.7267945390955922,4.2170994809792175,-19.6054260277159,-38.67796919758325,1021.0688396031297,1860.1707870458927,1.0,8.146879248853741,2.4746978809097913,7.849138554405727,8.062888895598745,1.3878084452585187,1.1822783000087975,1.1339931660721425,1.0808802348510769,43.5676710303628,20.0538439647045,38.907187373050675,43.363095265184185
2835,331828088969981.94,-0.013960484919130614,2.3874480171813843,7.005353334306632,-0.43645915298323346,0.9267877272511115,0.3968117101467134,5.216083754861245,-19.072555574002983,-39.90949112821872,1021.0717078396178,1881.584425256777,1.0,7.401018731793856,2.387488833457133,7.005367244736012,7.401005565004283,1.0985861900259266,1.024417924289751,0.5898780598839058,1.0081641853849204,44.53916689807442,19.772958955633314,40.24891317602372,44.23267862380483
2836,331828122303315.25,-0.3793879088618946,1.577804652337261,7.334209167532481,0.024818961922258333,1.2176617110560428,0.27214531835743916,6.692755106008132,-19.193272392883056,-40.295905635666365,1021.0687957796454,1877.124149934014,1.0,7.511592828385015,1.622776234213364,7.344015202769401,7.502005840710509,1.2479499580298483,1.2179146207525502,0.27327468813406486,1.247703136517578,45.13241282110821,20.32669860199646,40.847925062449946,44.633414793693916
2837,331828155636648.56,-2.3964249395880137,2.6702541797585972,6.769175924644693,1.6650035695138214,1.2090934853193733,0.4092667434664217,7.5991950120339755,-19.8968540816602,-38.67336210700355,1021.068588230986,1859.7104170697332,1.0,7.661256592386592,3.5879116315201625,7.180849196986994,7.276812494719621,2.098009344603385,2.0577035604613982,1.7145658791079963,1.2764820106642158,44.15044171735112,21.29865176901581,39.41290019131223,43.49153640659635
2838,331828188969981.9,-2.3474900830120813,3.2738148042497732,6.171316602794397,3.142306614897761,1.2231922676184654,0.1662083399094069,8.817675103354839,-22.396197313705482,-34.23475859711037,1021.0588381479446,1842.2551410155352,1.0,7.369784370949453,4.028470312955657,6.602715979183555,6.985915257462744,3.376079886176758,3.3719860891753144,3.1466992347991676,1.234432880239766,41.84925022679827,24.06950453047907,35.352087497497884,40.909758619635625
2839,331828222303315.2,-3.5356961729803382,5.251315341311288,6.04253802471152,4.11955920814549,1.4100376384054125,0.10835042884773709,10.452374757571274,-26.584587908826283,-32.83608068747001,1021.0695226006086,1831.4346541156801,1.0,8.75155563437745,6.3306761283072355,7.000958020707767,8.005534247879767,4.355538316507811,4.354190419714807,4.120983849136973,1.4141944552116592,43.52241545765661,28.56558160365067,34.459546325898636,42.248650974867274
2840,331828255636648.5,-3.5244846290841356,6.689896936421604,6.465651059087289,4.6706856052890915,1.4534983841220612,-0.09421222378363646,10.3103494125095,-31.14237379633986,-25.62499649454576,1021.0685008242417,1816.6818387234148,1.0,9.948937457762517,7.561528477800867,7.363873676165753,9.303728534185623,4.892528744852751,4.89162156918339,4.6716356842721565,1.4565484872655978,41.626808621661986,32.80473671101463,27.621436428135254,40.32973953568803
2841,331828288969981.8,-4.4615478247356055,7.266921537122987,6.21619920552343,4.284909163343533,1.3432967351590541,-0.45187915137782875,12.594013032526888,-33.8777358960956,-20.795060149408314,1021.0787849641823,1784.4738301266957,1.0,10.552473178447556,8.527224496816354,7.651571182126789,9.562911752675125,4.513212539227939,4.490533671713681,4.308670480038515,1.4172652843200952,41.6982575214669,36.14291291123423,24.311390147027108,39.75091843043522
2842,331828322303315.1,-5.313139342353001,6.725259028858223,5.7557214437874205,3.1103690592264868,1.2698619916195448,-0.8541323300361808,13.951696105881283,-35.946443149332524,-14.922059811563633,1021.0787840893714,1721.2877636134822,1.0,10.324092600077387,8.57079685189763,7.833120643123889,8.85197369764017,3.4664805205808458,3.3596049116456266,3.225513559389651,1.530389334441727,41.34567049086205,38.55900153425991,20.428355128368644,38.92061978062628
2843,331828355636648.44,-8.134077848827994,5.599819154635383,4.844838021011381,1.0293159426017704,1.2074982526009723,-1.2622198716041508,14.42726693551213,-36.54733238154129,-12.285388239949267,1021.068498450017,1615.3632426335723,1.0,10.9997114719093,9.87528212333276,9.467612048485707,7.404757255606615,2.0274965706508534,1.5866768227110941,1.628708173359049,1.746783053016831,41.167758010871346,39.29190165206283,18.949321767145264,38.55694838045589
2844,331828388969981.75,-11.015156889276232,3.864807601864726,5.013717921922646,0.00403294152863375,0.3362956382415945,-2.3784960770600625,18.974819813205887,-35.33382200716987,-12.814512844937024,1021.0687865582315,1479.6506681072306,1.0,12.704636417285203,11.673492155083714,12.10252241047204,6.330411139889708,2.4021562416936586,0.33631981939471656,2.3784994961545567,2.402152856270897,42.10385379072857,40.10639306367493,22.896626965487442,37.58577812268116
2845,331828422303315.06,-10.60608500042933,3.0808815645404906,3.678616413380051,-1.8713148192187143,-0.0670335895716672,-2.5541038202815707,22.662196852050755,-31.597429703710194,-15.574497614812838,1021.0687915900234,1345.3076244009824,1.0,11.641008932555915,11.044495020192524,11.22591901597019,4.798338246884495,3.166979472547201,1.8725150612901442,3.166269962811839,2.5549833320215174,41.88720217436129,38.884093535043434,27.49800251136271,35.22729821934572
2846,331828455636648.4,-11.836831056068556,-1.3694251738430097,5.497215740888459,-3.445000152658162,0.03881923495498991,-3.078065094384307,25.22908717858551,-29.895442028501638,-16.97264116026427,1021.0785683546007,1243.9152858498242,1.0,13.122700776080197,11.915783430251826,13.051051695238238,5.6652189903504,4.619958626447246,3.4452188587689534,4.619795534120729,3.0783098704109637,42.64170308394432,39.11833705494355,30.406864156301364,34.377434488841644
2847,331828488969981.7,-16.311700852516637,-2.2025340900627493,8.71236978352442,-2.7087736939830713,0.19741750135623076,-2.7569658730251447,27.055325432474923,-24.956113647275963,-22.363357960967214,1021.0787980128097,1207.0356603324296,1.0,18.62332216240566,16.45973089451588,18.49261939117499,8.986464469565208,3.8700503123450125,2.715958135733397,3.8650117399873434,2.764025053227093,43.06875923361658,36.80758403689215,35.10143036326981,33.51010873850023
2848,331828522303315.0,-16.467207531515164,-0.32635593859825196,12.860008935680558,-3.2161883249786745,0.19598373018048929,-3.09869267028789,30.873015678169544,-20.504789386892767,-20.950280077945973,1021.0702043867944,1248.8276319933918,1.0,20.89629780392766,16.470441162417238,20.893749154035845,12.864149331550925,4.470366118017683,3.222154087598014,4.466068025302014,3.104884198708762,42.573509606440865,37.06196817311964,37.31028453937174,29.31485328541165
2849,331828555636648.3,-16.217194146700606,0.45005692847167056,11.40198238732633,-3.8482327557428753,0.7589331869547304,-2.826496274298544,30.803148290062413,-15.274060508753477,-24.322459121238435,1021.0690470791448,1333.9496888237495,1.0,19.829400888366383,16.223437898011806,19.824292884052138,11.410861212010476,4.83466194405123,3.9223557876145896,4.774722665348842,2.926612507812542,42.1154708712719,34.38213008242273,39.248133233109186,28.720705808342824
2850,331828588969981.6,-13.104071672517401,0.7266353245549383,9.198870922527977,-2.4974704644709504,1.0722365829571883,-2.1336015996380984,35.75252224043079,-12.593032581329693,-23.996116101807118,1021.0676685579213,1418.3183384235483,1.0,16.02697474705363,13.124202577427859,16.01049407881605,9.2275254074005,3.4553300561183304,2.717912804108412,3.284754862525208,2.387875012602201,44.86246654073243,37.905505090249484,43.05875560816761,27.099779658990553
2851,331828622303314.94,-10.45155389439738,2.337061649503293,2.2359096294221357,-0.0760990989021456,2.4103549656975582,-0.46969892869283286,35.75097726151074,-9.718564043214117,-21.85185682090665,1021.0687987283179,1457.8500883928343,1.0,10.940572555036354,10.709660870497817,10.688043351261056,3.2343699578931417,2.456871835715447,2.411555956953227,0.47582366110662616,2.455693006928609,43.01263196709215,37.04838541981435,41.90031052002434,23.91556258137071
2852,331828655636648.25,-9.293299645551214,7.869928811535941,7.259509719713866,1.1269704620682282,3.967649960999798,-0.11789557666316068,38.51926672354326,-11.687028180352382,-13.697804206594059,1021.0787952941886,1411.8014629792456,1.0,14.177506098438677,12.177897922081865,11.792620560020678,10.706832438646996,4.126282588770759,4.12459799682296,1.1331203772640464,3.969401161386745,42.51999972589374,40.25320529607323,40.88231584685062,18.00601198962548
2853,331828688969981.56,-16.463537384425123,7.630386288639081,9.262596308661271,0.4856028347994197,5.3236519173218575,1.0283983578602418,39.83633991798579,-12.361820195472019,-7.339562479698286,1021.0677164576849,1285.373869367675,1.0,20.37318209066616,18.145822056942333,18.89030845660253,12.0007701957448,5.443774704414168,5.345753440813551,1.13728329611178,5.422072751195278,42.3511245895535,41.710293413095144,40.5068285040276,14.376500823864433
2854,331828722303314.9,-18.211958229942955,6.222770990821093,11.904915562086394,0.4708243330634577,5.364633930500303,1.4757325236337635,41.734905261887555,-12.735435882134627,0.07783595964129031,1021.0688676692637,1117.1823305079672,1.0,22.630185945188302,19.245734628051782,21.757813242823687,13.433163936489844,5.583794340964776,5.385255124957385,1.5490197009448028,5.563909029592918,43.63484505258733,43.634775630529965,41.73497784419374,12.7356737373637
2855,331828755636648.2,-17.683060022995694,3.4365679546376553,10.283152575538356,-1.9603045298702957,5.525869690410757,1.4473537368810763,40.55020379611167,-15.909889681197825,6.780128264763842,1021.078535833562,946.5956726891727,1.0,20.742319975728655,18.013900496108857,20.45565542016852,10.842196557831056,6.039276655767138,5.8632780665111115,2.436724582199149,5.712273511927094,44.08416673660424,43.55965584774602,41.11312645850275,17.294355407315262
2856,331828788969981.5,-14.100245687631878,1.3239962878913045,8.218332211602803,-2.9245552976837232,5.143037515422482,1.4020668831476344,38.058061004917036,-17.418106146606934,12.359314420540167,1021.0701686303114,812.9547775826843,1.0,16.37409169884545,14.162270108352379,16.320475262437967,8.324298799936134,6.080267273654368,5.91640588315685,3.243272303404272,5.330724756528176,43.64125436022921,41.854586716254325,40.01460558845681,21.35750628421395
2857,331828822303314.8,-11.704057199391327,0.9412739358221687,4.23590729914005,-3.3796514169971803,5.043998499041981,2.0165856398421482,34.450562248239414,-20.10732546413419,14.921420848851625,1021.0782860314389,740.6412769560279,1.0,12.482542296975808,11.741846172935588,12.447002272576796,4.339228879555226,6.3977013216909695,6.071570188900792,3.9355636627081276,5.432176221474716,42.58866723306779,39.889168661936765,37.54317566973208,25.039036272771423
2858,331828855636648.1,-13.075375705801939,-0.7808825393161208,2.713823741845942,-4.396749248822307,5.318291714062358,1.653249737924508,29.864934396527286,-24.335033865542048,17.79490219144873,1021.0643720232246,714.4663989569791,1.0,13.376848159783046,13.098672733833927,13.35403643658659,2.8239364089893213,7.095693441012746,6.900408010609508,4.69730120952095,5.569332226740634,42.435441835206376,38.52412464607025,34.76453437789877,30.14717925843652
2859,331828888969981.44,-11.863661485589649,-0.5159514317036646,2.3934452264550687,-3.5459518160361845,4.773617300798488,1.9421532862744528,23.53275973661021,-27.220543475058687,15.770344966549729,1021.0588314389491,712.773438874033,1.0,12.113680273830113,11.87487556669712,12.10268746587731,2.448425194266228,6.25564991056242,5.946528097649329,4.042985736932171,5.153579486324946,39.286798651233504,35.982617579861845,28.328334952570067,31.458890117763858
2860,331828922303314.75,-10.439587634051385,3.834677876574107,3.2108173829954283,-2.851091397627378,3.9350146885743675,2.3745461807680455,22.06792492421978,-31.342233644003322,16.221828252163114,1021.0487896242149,713.9056919956843,1.0,11.575797711305736,11.121589112448161,10.922194753619083,5.001410069573631,5.408468574515431,4.8593273975850675,3.7104166507583685,4.595955848775763,41.6230300686888,38.33182646647945,27.38870245746735,35.2914057758822
2861,331828955636648.06,-7.452529758183123,2.3063668881636668,2.856985243696508,-1.7774624899212124,4.418242655395555,2.0865980094725236,15.647503992495254,-33.560384453566954,16.36685022088976,1021.0473923825863,698.1408361693896,1.0,8.307941544216735,7.801251695684658,7.9813886310155695,3.6717424889985617,5.199435769212692,4.762377669298569,2.7410334102691296,4.8861804525714625,40.48478198063332,37.02895874672111,22.643280843291993,37.33862866823389
2862,331828988969981.4,-5.597636963636995,12.47365294303228,-0.33906686315293966,0.3521633263058593,4.429147427217083,2.3987778454820616,11.076976900555026,-33.13223788183045,20.370928651272543,1021.0391141364287,669.3915063275415,1.0,13.676275942579595,13.672072166277248,5.60789674605048,12.478260458930412,5.049306991300299,4.443125694870506,2.4244904950051605,5.037011225319959,40.44031822858058,34.934862305634326,23.187801779613913,38.89370027618145
2863,331829022303314.7,-4.40805031794081,14.192354141967666,0.6934147448362318,-1.0919693571521838,5.103367180160512,2.039114002164095,5.37401880683927,-33.542365267023555,17.056213567576496,1021.0376017840299,647.382005808177,1.0,14.877319910013401,14.861151492953864,4.462256336636699,14.20928358853405,5.603100888465286,5.218884330247108,2.3130894904393617,5.495665791272348,38.01163988971629,33.97013903184222,17.882798981117098,37.6298377483774
2864,331829055636648.0,-8.68058243080599,14.756115408057003,5.507145512633748,0.3016836455479374,4.429392891515623,2.866873429676613,-0.9310286001312251,-34.26301548858946,18.48762333621702,1021.0188307730942,652.1266701164495,1.0,17.983995801023667,17.120030761476887,10.280134387999977,15.7502886841232,5.284836579420973,4.439654762411175,2.8827029475436485,5.276218783294992,38.94371915017131,34.275662570190875,18.51105158752734,38.932588495926616
2865,331829088969981.3,-7.8238831833233355,16.122113012909196,2.0278122916873733,1.4562846523361452,4.171375275997012,3.5072554246660914,-5.6401010751509775,-32.21171978983532,16.476429494683572,1021.0100307214735,703.6011716522047,1.0,18.034624996312623,17.9202588169732,8.082398824396634,16.249139998514828,5.641097171267189,4.418273042924007,3.7975789132655997,5.449881861751581,36.61800596496301,32.70176802493694,17.415035717195586,36.18103951950728
2866,331829122303314.6,-9.679981193782586,21.154659129489822,8.933755166399123,-0.5620605548850914,2.070098273692283,4.30300980542476,-12.269054256863893,-30.936986822991912,16.60229618752686,1020.9787387828253,808.549518439077,1.0,24.920546145099923,23.26417070941691,13.172471950440721,22.963701449419478,4.808025823109016,2.145045204675535,4.339562818181039,4.775060235046821,37.19224495432098,33.28102832010822,20.64378674217109,35.11030322262034
2867,331829155636647.94,-11.714820702148293,15.73209114490358,8.85898768493081,-2.603430958176006,-1.3475479985989145,5.155017498691392,-18.118583810560818,-29.353927997293763,14.852496033814063,1020.9939885980082,941.224597849713,1.0,21.52248542052687,19.614681131107787,14.68736487206735,18.05492604784936,5.930256636464533,2.931507864993232,5.775124082286345,5.328235263231382,37.55706067579152,34.495451412767785,23.42818212612278,32.89756415458095
2868,331829188969981.25,-16.36851323286461,10.184822852828333,6.584407592378524,-1.629929137266291,-4.910412082674428,5.405055413743318,-20.56127437395004,-26.143268062380262,18.067685204646995,1020.9891123500983,1070.9826193667311,1.0,20.371874369839663,19.278455384131743,17.643204039998963,12.1278621317224,7.482208219491128,5.173858890053405,5.645466589941489,7.3025181168766,37.850729418553435,33.26013332598543,27.37165052632147,31.77910813153339
2869,331829222303314.56,-21.095960097741774,8.574014399402026,8.239646149934414,-1.5991723404409877,-7.366357394803918,5.44861704218577,-24.0637155918443,-22.03513297386932,21.69288570222702,1020.9797843818571,1167.1797924727512,1.0,24.21662701622163,22.771764432442787,22.647986690247812,11.891404105373018,9.300967751519789,7.537942255179053,5.678448718341015,9.162458673324512,39.18151073339514,32.62835413043805,32.398205169037624,30.92132557420507
2870,331829255636647.9,-21.546777750957954,4.878463095254049,6.393658501108185,-2.226095176817089,-8.818417692468405,4.955167472410723,-20.22129949859972,-19.036525807912575,29.833667412138844,1020.9675952039944,1202.1317361215824,1.0,22.99873697944575,22.092148687281018,22.47537542462794,8.042280223950709,10.35730056601262,9.095053069393717,5.43223567381659,10.115244696915495,40.75951397533471,27.772113139755692,36.040930407942916,35.38978703091383
2871,331829288969981.2,-18.486534049255184,1.9952121195126578,2.8468909843266896,-3.7590647271423805,-9.474353889071445,3.67195101842503,-16.62843018984181,-19.154322080258847,31.690920626833602,1020.9589868905865,1181.2710631101304,1.0,18.8105715179726,18.59389180769108,18.70445747491522,3.4764435388038133,10.834074649914585,10.19283813460261,5.2548826727681215,10.161033702191713,40.59195973476769,25.365187658141508,35.7885336491272,37.02975161313615
2872,331829322303314.5,-12.746283215554953,-0.02953988282196625,0.9322828932362456,-4.666485062973955,-9.355917257309555,2.0654249452348066,-9.275206272634442,-23.334369411607234,32.64722967144748,1020.9683895704121,1130.8009217649233,1.0,12.78036618445794,12.746317445278658,12.780332045927402,0.9327507693366328,10.657168984912456,10.455107391537487,5.103142467867935,9.581188231634997,41.18693788639196,25.110202054887345,33.93922592841737,40.128972090717596
2873,331829355636647.8,-15.930620592302395,-1.1728396856352301,-1.5221714025708577,-5.266326252739061,-8.826218030600058,0.467976685876241,-2.81972535820153,-25.861683953672866,29.125898935374693,1020.9689957437059,1077.2448485429845,1.0,16.046097069471273,15.973735486231455,16.00317712939195,1.921603160646203,10.288601416251964,10.277952953967935,5.287078056810997,8.83861566661959,39.052471583870414,26.01494854915814,29.262071695102954,38.95054153299183
2874,331829388969981.1,-11.966248634273347,-1.6886642478762919,-2.463569877023383,-4.76109240426594,-8.208659805809358,-1.217354474019354,6.067526224965806,-32.0700752867341,26.301251583310343,1020.9487839525507,1047.1031715908912,1.0,12.33336409331539,12.084812506584631,12.21721256736682,2.986764718057418,9.567238295604636,9.489472940552018,4.9142601475068215,8.298436462546729,41.91730475872735,32.639004325920254,26.992049002238282,41.47584313483426
2875,331829422303314.44,-11.328668222188394,-1.060332194180126,-0.933796851493338,-2.7790703609062004,-7.248695732383431,-1.8640221199138356,12.586731291207077,-33.023988636351476,15.941487349527218,1020.948881349162,1055.2338500917679,1.0,11.416435722689235,11.378182106577306,11.367088468393304,1.4128980578490833,7.9838211625179305,7.763170865795824,3.3463129761568013,7.484528594654565,38.77035786481805,35.341330337876684,20.311494861584848,36.670353752984276
2876,331829455636647.75,-15.079594345983093,1.3582772358156796,0.6100940247340122,-0.4447664858599889,-6.760630165949318,-1.2379993720426357,17.040554890481154,-33.044348639141354,13.232239848836215,1020.9389808963663,1086.0048440711223,1.0,15.152930324123995,15.140643404054543,15.091930968514976,1.489003615963114,6.887421862559758,6.775244458149695,1.3154693733121285,6.873046099505071,39.463928585199845,37.17942291053782,21.57481592951908,35.595240530192406
2877,331829488969981.06,-32.82325740184483,16.704005579590685,-1.972209568426629,-0.9919742765878163,-5.990811272392552,0.6570093364329157,20.058189118633333,-32.97713343075206,8.25253988994773,1020.9369081108821,1118.8539457244544,1.0,36.88196902895169,36.829200763399115,32.88245485132694,16.820030112481675,6.107822356208275,6.0723827832933575,1.1898210930942272,6.026730537329978,39.470580115621104,38.59821602132002,21.68952201764804,33.9940545381807
2878,331829522303314.4,-16.739625169815064,13.97577921297695,-5.363710560238875,-3.1409660684701257,-3.699743551375966,2.1070977863020377,19.668120765898642,-34.53370495164737,0.7696430448448022,1020.9491679601213,1133.2189472472642,1.0,22.456777293498785,21.806821305173862,17.577953288136936,14.96969590819722,5.290900799511145,4.853222660174239,3.7822650520977015,4.257694614105971,39.749265434293065,39.74181364947261,19.683173648536748,34.54228029681759
2879,331829555636647.7,-12.824115886854692,28.597290257405305,-0.04837612306516065,-3.4621887218086567,-1.4460450925333763,-0.9391312467189437,17.934151113307248,-35.20773757203884,-3.4531482736725696,1020.9091729615299,1110.7025994674552,1.0,31.341111955306403,31.34107462014931,12.824207130608961,28.597331174701797,3.867785497364454,3.752039066302338,3.5872995754443116,1.7242429956951366,39.66286416909983,39.51225836492385,18.26357054781204,35.37667335888895
2880,331829588969981.0,-3.100076113376392,14.442509800765828,-4.79148095823641,-1.6482900677356853,-2.171538820849989,1.5707826046400417,17.109015167638198,-36.536737086498576,-6.8577368378494565,1020.9390129278415,1060.1061360206872,1.0,15.52916131112965,14.771477964440251,5.706904737409674,15.216582373133564,3.1463946015867785,2.7262503549481054,2.2768878185883166,2.680100528244848,40.92285561237866,40.34416385221528,18.432225979074566,37.17474561399335
2881,331829622303314.3,-3.7622592256850287,15.675192729650007,-1.8217924942736017,-3.9822114202449095,-0.42342829042369584,3.3373089272952594,13.778557116801634,-34.08355390315111,-13.395149705475013,1020.9574515775156,1008.7932801276128,1.0,16.22298337190531,16.120367911214824,4.180134253040653,15.780703248076875,5.212957911672101,4.004659699982024,5.195732736749805,3.364063375344729,39.127577468098636,36.763259960046696,19.216624881936273,36.62128728350623
2882,331829655636647.6,-4.042138746796345,11.787526973811776,1.9524301403663413,-5.332401856930525,0.7852305887531222,2.276782699542278,10.076298135313698,-33.809160470685306,-19.46785891450472,1020.9893217863587,984.4861068351679,1.0,12.61335249882851,12.461327289125045,4.488971942590337,11.948128540125065,5.851054272713996,5.389906923251058,5.798124612728769,2.408386708659678,40.29377925386668,35.2787629579649,21.920978874739767,39.01354716566556
2883,331829688969980.94,-2.86019717843969,6.151928967415497,3.0837081224351715,-3.7207185309355433,0.6587239964125735,1.0851400371488604,9.772887451281917,-32.170080358942045,-23.17935882343814,1020.9990808355502,1014.8791020326931,1.0,7.452262321205079,6.784317056246728,4.205946229319511,6.8815322279633735,3.9313092717465423,3.7785795862859497,3.8757290006746574,1.2694275102081183,40.837557161293475,33.62176972492989,25.15535737375089,39.6509362533407
2884,331829722303314.25,-4.492944621507827,7.51383017389432,5.096351011767642,-2.21163118240477,1.0830948185034883,1.6028247570629595,9.232102082990464,-31.838397163954095,-27.84434485653819,1021.0199570648879,1114.3712880422925,1.0,10.130004387422836,8.754667055580176,6.794066897454071,9.07912096611064,2.9382739958533755,2.4626016472126033,2.7313659016761296,1.9344615756646704,43.29229473393922,33.14989054039903,29.334949281711424,42.29646645358812
2885,331829755636647.56,-2.94251598079889,5.933187498279921,5.244292515523243,-2.697852585962718,0.8736561542123582,1.3169825671293502,7.90686502993536,-28.793186565574803,-29.49979889565112,1021.0192191208954,1262.7614571812471,1.0,8.447704905793946,6.622772394322637,6.013402055877352,7.918668946111982,3.126679825869842,2.8357862492400328,3.002141178843583,1.5804170835307183,41.97385188525675,29.859104259867074,30.541064969733355,41.22239351958904
2886,331829788969980.9,-1.2806166117957831,2.9134634543465925,4.63826170508078,-2.5847685607020217,0.8418109920672088,1.1288994913595705,7.73507304897581,-27.309326626429936,-31.99501284826726,1021.0233271466687,1434.2917056812335,1.0,5.625097319250518,3.1824908807757,4.811803253586557,5.477384498520443,2.9434823458534067,2.7183955302271188,2.8205394118830354,1.408211563635619,42.77045151764024,28.383633943912592,32.91674653172423,42.06518950331524
2887,331829822303314.2,-1.1737012572393177,0.45083076586541837,5.659894812642573,-2.0713565943027947,1.215081426492235,0.6189026365577484,7.426939344658146,-25.35988449574197,-32.43700174307303,1021.0391329923473,1603.2041297739283,1.0,5.797864461236935,1.2573078464306007,5.780310020355609,5.677821560213839,2.4799156210053215,2.4014456091629635,2.1618414868578606,1.363621408802508,41.838286912189986,26.425048148803914,33.27639568987834,41.17381235345467
2888,331829855636647.5,-2.5909051891476325,-0.4722520166803603,6.3085894400877685,-0.26717928557559245,1.4900614416099158,-0.10146423103877426,9.424326710877118,-25.070794453417946,-33.62227088081186,1021.0565117915462,1744.908965919152,1.0,6.836235249755358,2.633592919646238,6.819903989261068,6.3262408024707355,1.5172220867735857,1.5138255746331228,0.28579671240406834,1.4935119985969012,42.98627417748104,26.783626873126874,34.918118980495514,41.94045581187955
2889,331829888969980.8,-2.8054667040653136,2.825145379346178,8.25870389807394,1.4670264802369766,1.7003691121103044,-0.35243857630271347,11.046984181221067,-26.29889576190402,-31.971995763918297,1021.0592590477041,1849.2739348062776,1.0,9.168330268817863,3.981468302279971,8.722203477544006,8.728552943673009,2.2732432252624357,2.2457564006666613,1.5087675910433573,1.7365103130949349,42.84712698564107,28.524862450074,33.826681371783394,41.398555909880514
2890,331829922303314.1,-3.756773740270333,4.010646838922261,7.539899165640682,1.7146034591405135,1.704828269207042,-0.6657076839544004,12.155374899204665,-28.959191883192165,-30.208180060623715,1021.0496843942874,1915.9286680957402,1.0,9.329990162383394,5.495328652787008,8.42397936628609,8.540220576459731,2.507881809428033,2.4179132427744574,1.8393019715567498,1.8301929264324597,43.57662304542221,31.40681348796401,32.562052784111735,41.846970465048095
2891,331829955636647.44,-5.6454041178644765,5.504476129703599,6.404348431764476,1.600389179616716,1.8676421104797918,-0.9109005480645279,14.491390361219572,-27.81619207836538,-27.249395222990355,1021.0456743431632,1944.6861800206843,1.0,10.158027562077296,7.884785673464936,8.53734540061753,8.444817126375256,2.622798579291962,2.4595390989109474,1.8414628246854519,2.0779381273997712,41.548411237500936,31.364644687000112,30.863083686177198,38.93931280543156
2892,331829988969980.75,-6.392022330598925,6.039408995664957,6.709713602240839,1.2123551746760874,1.9046349078969378,-0.903663626939644,16.812834436838674,-28.978771466479873,-24.620006464674482,1021.0388173159158,1935.3633433241127,1.0,11.06131398685933,8.793884835031337,9.267049481845397,9.027442475087534,2.431881401836277,2.2577509167185523,1.5120889590951978,2.1081371120098638,41.57625904079911,33.50284461813678,29.813019305685255,38.02517474025703
2893,331830022303314.06,-7.142651924504864,3.6559005480204347,5.3834739150168085,0.348325240920424,1.8954659771953983,-1.0391967462673837,20.09976110869078,-29.44432362658009,-24.7886200267538,1021.0387760061219,1889.786395103062,1.0,9.662550218514548,8.023907111354738,8.944230984735324,6.507488010798215,2.1895322837584046,1.927205682891055,1.096020232894899,2.1616477854077023,43.42170279116194,35.6506464240583,31.913572025976944,38.489529441882794
2894,331830055636647.4,-7.471695721256094,2.5065955895608933,4.1115023439476985,0.29097342353582145,2.044471904964843,-1.235823598414703,21.431096973869394,-28.279124567653902,-22.34016552559604,1021.0493345243425,1815.0744186406023,1.0,8.888965627390522,7.8809427355261725,8.528228917854166,4.815337264812667,2.4066139843758485,2.0650740672902583,1.2696162804575333,2.388959048746805,41.929509888947074,35.48240132539342,30.957630936724204,36.038755278504226
2895,331830088969980.7,-10.916928502530604,0.30207791716580773,3.9425372136781878,0.9299303405702278,2.121089589662178,-1.8245628327794747,24.462103401037083,-28.557882034146264,-20.40848064776401,1021.0701527514786,1719.2077095475208,1.0,11.610950808553177,10.921107040836306,11.607020617307548,3.9540929110576806,2.9483590379135625,2.3159860719974823,2.0478769418774463,2.7978653609731703,42.783796131589376,37.60248833626897,31.857504377354925,35.10069384821861
2896,331830122303314.0,-13.464019571536756,0.7843231880694643,4.542472563559023,1.9545067945885375,1.6172897322889888,-2.561403662606298,26.9066540144292,-27.440530310868716,-16.33848713352654,1021.0386597412289,1610.1665634346045,1.0,14.23126989684177,13.486844919626988,14.209640390010273,4.609687609158557,3.6050674905018223,2.5368726590548745,3.221938164041284,3.029259777731244,41.75999156856136,38.43111674143628,31.478789558440955,31.936325172976886
2897,331830155636647.3,-13.47202756214734,2.7942475710637455,5.416000623228012,1.6220489554556066,0.9874794340595408,-3.1360682201092467,29.883308194364677,-25.649868225484298,-11.83707139805019,1021.0380511507562,1496.001906388482,1.0,14.786358878184293,13.758755253425116,14.519937650901392,6.0943319764517145,3.66620816754373,1.8989887958029599,3.5307175892548814,3.287862453611728,41.12230669486611,39.38182129643184,32.1423142900744,28.249460158864043
2898,331830188969980.6,-14.49697004072795,1.9073095486544076,8.443764497853175,-0.29412674678667167,0.41086604222195705,-3.463899220347054,33.78658403325289,-21.499868895891428,-11.687104810994974,1021.0480407242263,1385.6772728790384,1.0,16.88481948293667,14.62190035789302,16.776748768965025,8.656499789729908,3.500559849016636,0.5052934274522536,3.476364243271444,3.488181290210138,41.71769459162096,40.0471924506148,35.750827675722995,24.471060079279393
2899,331830222303313.94,-12.669472324723053,0.8783872251401701,9.880655651678472,-2.736768659759868,-0.09691741113234698,-2.7526782644025256,34.53238760861613,-17.02581123900679,-12.674483826513589,1021.0683023748138,1288.791570391815,1.0,16.09081878622895,12.699885554768311,16.06682560725575,9.919622988013968,3.882851182950297,2.7384841941527474,3.8816414471661247,2.7543838897101285,40.534017597155966,38.50148104031837,36.78489274444414,21.225474991501237
2900,331830255636647.25,-10.28886315065993,-5.630466123576374,8.009618976923983,-5.545471886809282,0.3127067277885026,-2.844988522187923,37.463818979580985,-13.084205616558089,-14.20499993274724,1021.0685625001402,1214.9566007776828,1.0,14.202705723109583,11.728719184196922,13.038968559226936,9.790615145344136,6.240513090794483,5.554281586757759,6.232673434311565,2.8621224972011965,42.14873891637248,39.682920370748704,40.06644176395206,19.312650250696286
2901,331830288969980.56,-14.7545694378533,-8.111087507225143,12.769165283850132,-5.762502520707146,0.7602371588854341,-3.529673080081706,37.81190272222063,-7.374377220894006,-16.108793844431858,1021.0588347819579,1173.7724711367382,1.0,21.131460950265172,16.837073969258984,19.512788148870936,15.127502192898444,6.800219694330462,5.812434587924961,6.757590351109609,3.610616649549447,41.75661224277087,38.52429657853231,41.100282561037,17.716508643591325
2902,331830322303313.9,-17.77744393155205,-7.024513686906278,12.719001220592443,-5.321203268375354,0.31717867251634096,-3.9315652469911213,39.852846185439226,1.7538476804316172,-13.55367111763544,1021.0697282156682,1167.4835175532794,1.0,22.959840969101734,19.114949784841457,21.858877024881878,14.52985838151789,6.623670570387398,5.330647853091383,6.616072060876975,3.9443386773510696,42.1310732302354,39.89141926237312,42.09455249608081,13.666674154715935
2903,331830355636647.2,-20.010838631711067,-4.633822748854281,7.5301599886757415,-4.032221561655573,-0.0318702517610301,-3.3121696426067095,37.42796613578342,8.842122040626391,-11.620597169689256,1021.0366016720726,1178.4087683935802,1.0,21.877140705933957,20.54034994862988,21.38076173103833,8.841697954739944,5.2182654375408,4.032347509234221,5.218168113781461,3.3123229695113925,40.175540442200294,38.45823411498091,39.19044434095562,14.602102614401838
2904,331830388969980.5,-19.13277861478763,-3.5099474074070556,3.3502709135860456,-1.2554890141672548,0.31845600317193873,-2.2018903742122404,39.410986173833315,12.587417022157174,-10.891846298455578,1021.0195884561606,1185.5262305997812,1.0,19.738471661191475,19.452067970404542,19.423890771853497,4.8522207284071674,2.5546013604277737,1.2952478105177059,2.5346743153200544,2.224800091245226,42.78201975448276,41.3723204387157,40.88836199926895,16.645581488156928
2905,331830422303313.8,-11.376932954047344,-2.862493741830087,-8.74221766640741,1.8765701494195537,1.2158815052338936,-0.11131952209642887,38.221801196835415,12.536348182016669,-9.710938351503406,1021.020875249231,1167.8139111140251,1.0,14.630613233550761,11.731516264443604,14.347856047777112,9.198926032361724,2.2388111569451636,2.23604189595418,1.8798690278028156,1.2209667770949446,41.38077374986917,40.2251925100572,39.436130773658675,15.857564422301817
2906,331830455636647.1,-6.829522742892949,0.027882489050201575,-3.7072125118173918,4.890619216000332,3.6843591843042702,1.6326933381055235,39.768607619791915,9.023881429756662,-8.013256295928537,1021.0289862387366,1105.9126544645906,1.0,7.770880447971329,6.829579659751226,7.770830425602366,3.707317364479476,6.337061341913386,6.123124930530075,5.155952274042678,4.029911926489384,41.55941366934232,40.77956091077096,40.567898990226375,12.068252256335441
2907,331830488969980.44,-20.539794613418493,9.689427813449752,10.703496209509373,5.895683455269685,5.7378431533858505,2.4369337759171907,41.947239652491305,5.317819482489388,-0.027403387730217887,1021.0387992419558,1003.7937484120774,1.0,25.106433542429926,22.71053002713651,23.161346978714274,14.437792160127364,8.580243218336156,8.226902664891421,6.379477222543138,6.233898481773897,42.282985578806304,42.28297669880732,41.94724860356395,5.317890088559823
2908,331830522303313.75,-16.66467837762435,6.265486758022979,15.350169297415581,2.011553964134103,5.895865053441969,1.9251143605866416,42.1760966553794,2.324869778569376,7.526373730293159,1021.0388218866221,882.6269147124939,1.0,23.507350493067946,17.80359036106543,22.656990155115054,16.57962670792926,6.520248414006847,6.229572543844553,2.7843158319343977,6.20220041837856,42.905412829843016,42.24012486453149,42.84237890934574,7.877266087631684
2909,331830555636647.06,-12.642403145490801,-2.0539099825957625,9.674568045174835,-2.2954723662586054,5.816962559771856,1.5518551765758337,40.809275394085866,-0.08504148537642225,16.633859784103837,1021.0428557946617,763.9824497339871,1.0,16.051360390024275,12.808157693818508,15.919410295417157,9.890187716991248,6.4431747838398445,6.253498765174934,2.7708207941550627,6.020407619991586,44.06914432527371,40.80936400196133,44.06906227170677,16.63407717222275
2910,331830588969980.4,-13.534130269010344,-5.8244129677220196,4.074490158311595,-4.070853991633638,5.557070124310626,2.3157505175077846,37.79540781038225,-4.612106074048844,24.295446342363253,1021.04867153485,669.4176371309543,1.0,15.287182167008035,14.734193855013258,14.134148442291105,7.108112018584574,7.267432906263587,6.888605126417484,4.683433855680797,6.020276474203099,45.166725439930154,38.07577148255019,44.930630582351675,24.729339566857224
2911,331830622303313.7,-11.240573000977609,-3.570419361283732,0.13468338257678747,-4.175523841806756,5.394987381077317,2.6368816712340313,33.48263743368543,-9.700189243897979,27.223591839983047,1021.0387874040373,612.7984786708292,1.0,11.794766441913074,11.79399744809776,11.241379853196364,3.572958721979875,7.313961521881977,6.822088257673022,4.938435410288022,6.004917467382334,44.23013264227295,34.85944177526466,43.15334242194485,28.900131903460675
2912,331830655636647.0,-10.983149429119006,1.65567780174322,-1.6564031649883595,-4.854409894632863,5.5556466543633265,2.6914139451152246,26.364010908335846,-17.453549555302736,30.89155965448058,1021.0398500859932,587.3431649763161,1.0,11.230071763373815,11.107242698597272,11.107350846504337,2.3419949675797165,7.853293207133461,7.377703245133127,5.550585955470841,6.173242160493878,44.20379984956714,31.617834575667256,40.612184490140194,35.481190086660575
2913,331830688969980.3,-8.478467133722276,4.634935634029418,-0.8870124380870801,-5.015618608234624,5.946815616911758,1.4299173027274894,19.66846625113931,-21.527362965304686,29.529907356132497,1021.0291337921481,582.8408849521178,1.0,9.703289356425772,9.662661810764387,8.524740230818182,4.719048569035592,7.909848892201068,7.77952736384512,5.215466759160573,6.116312571655003,41.500498182238076,29.15949109487643,35.480473406283274,36.54371060390201
2914,331830722303313.6,-9.235747298816085,8.867783809001818,1.1741768536057906,-4.283891972022034,4.637300850466389,2.5534913812067828,14.764146472507353,-27.587994127845572,28.46439525361693,1021.0089354466318,589.0808275029374,1.0,12.857500112165155,12.803773578550325,9.310086973338766,8.945181997407229,6.81003728621132,6.313183793118265,4.987188452610564,5.293852794669834,42.300109198604005,31.290213183353245,32.065586197912886,39.63986903550732
2915,331830755636646.94,-8.77959775654869,10.703329347021684,4.729694591878383,-2.3627102873965042,3.5873510274346385,2.0730890553960584,8.533587822566206,-31.166964680457355,25.898338665102383,1021.0082397875385,596.6456853524871,1.0,14.629169723878865,13.843503742825023,9.97252965396636,11.70176354415262,4.769610626435721,4.295519444282103,3.143262339317575,4.14328198722212,41.41166205467566,32.31411160032605,27.268041123956582,40.522877896383584
2916,331830788969980.25,-5.5130643441691785,8.16868346228125,6.278174168181462,-4.600106671192794,2.3725769434471644,2.0587743079004803,5.418706467932762,-32.92525422563601,21.923741834980998,1020.992175990398,606.3427490367172,1.0,11.684893617655135,9.855012327232103,8.35519894131615,10.302565718934686,5.570337008637866,5.1759156425631145,5.039794939997416,3.141285247068179,39.9259965643348,33.36816964726082,22.583463769592836,39.55657747922155
2917,331830822303313.56,-6.4688658518207705,7.765385530052993,9.070074627012977,-3.8603484044845655,0.02601204414757301,3.5609976614300045,0.768089553760701,-35.776079142212076,14.200481115076995,1020.9887315975412,626.0840307357223,1.0,13.579900278676345,10.106801563264675,11.140578043729933,11.940161898816154,5.252015877275813,3.860436041491591,5.251951461001567,3.561092665341734,38.49898004171119,35.78432338821594,14.22123853474987,38.49131723765088
2918,331830855636646.9,-5.710446693243238,7.9334255657618815,2.512061814180123,0.6989991334780339,-0.9760762418490974,2.16167363912027,-1.9187949459889104,-36.26127117099058,13.849402026261327,1020.9786777184137,663.9250331175831,1.0,10.092516891346715,9.774888369892357,6.238562013367709,8.321640208861842,2.4726822562902764,1.2005517975103364,2.2718786742848995,2.371825826651217,38.86344680372389,36.31200298772935,13.981691976644456,38.816049817325876
2919,331830888969980.2,-10.392577903277928,16.01942741570827,5.572325363859594,3.0092051021754034,-2.985726383215472,4.8417713339248385,-5.860532572600335,-32.758602719155064,19.355630481012412,1020.995912072144,727.9073125450867,1.0,19.891670120016556,19.095227943202104,11.792221395327244,16.96092169334729,6.435264332753063,4.239089216139172,5.700707411977463,5.688348766157474,38.498211977485916,33.27870030734288,20.2234090437791,38.04952671754184
2920,331830922303313.5,-10.728744545285004,17.271669046653223,5.648285250027378,-0.05599865164570518,-4.765105712180491,5.332203145490035,-10.629276309152772,-30.5413309819221,22.150253221274095,1020.9788755517693,820.3115425294347,1.0,21.102597883691445,20.332646438058717,12.124730338595558,18.171782464106155,7.151346634167239,4.7654347437816496,5.332497185536994,7.151127381960761,39.1967872506178,32.33812630632194,24.56858222655267,37.728061385577156
2921,331830955636646.8,-13.59635239452978,11.819232373389916,4.560423379164159,-3.2537823652392297,-5.9963418869354035,5.769774575943003,-13.316847512013336,-31.612503823615903,21.50817739760834,1020.968851926518,928.7990264146717,1.0,18.58366254885325,18.015411522705328,14.340790070057603,12.668532483812609,8.934960232846931,6.82225884186153,6.6240016861063715,8.321443064890506,40.48815284281732,34.302898210739365,25.297037823136645,38.2354821202129
2922,331830988969980.1,-18.308559911471452,8.042507662205512,2.8831861719517335,-5.287815154179314,-7.082728384687232,4.82301222755556,-13.745154792308263,-30.08814163214544,19.162641407030666,1020.9588066011105,1038.7466943257286,1.0,20.203911948697154,19.997132182604933,18.534188100212894,8.543693112393964,10.069134889511265,8.838893057166299,7.156985123075137,8.568925738877928,38.22868520934254,33.07908020396817,23.58253815769119,35.67216131061433
2923,331831022303313.44,-16.179082276251787,5.506055601293509,2.540004264091305,-5.467206073447463,-8.881995297783035,3.66528538390235,-14.222135654273336,-33.11832448805348,16.726458603292265,1020.9590524267034,1135.5314763875367,1.0,17.278048884288477,17.090329183086567,16.377250225948394,6.063684519014626,11.055066696534624,10.429773857537889,6.582147004966466,9.608546061464665,39.73495912760205,36.04292662180134,21.955490428961106,37.10253137325879
2924,331831055636646.75,-14.979277678480594,5.1253512315870955,2.7674912064280903,-4.712991729091107,-9.060827170944378,1.3975109959533705,-12.617105534443539,-31.760734869924697,16.300520158794246,1020.9488883810336,1205.5777432531904,1.0,16.071931825198085,15.831866125512757,15.232785935169042,5.824794659452654,10.308439117733377,10.21326980257572,4.9158242464811295,9.167967386805785,37.86347301809745,34.175073248567244,20.613061623993254,35.69945709566055
2925,331831088969980.06,-12.833652397264338,3.8327858556344854,1.3151140809258601,-4.345111197670523,-8.793648309771243,-0.9096138667562076,-6.766252375241584,-35.17237262052192,12.720746993197784,1020.951391622985,1247.2887412354341,1.0,13.45817247306669,13.393762774850108,12.900858843490155,4.052131841512717,9.850666947098535,9.808580015275625,4.439300474930363,8.84056830653651,38.009148517524736,35.81728586817128,14.408316184426717,37.402048069882355
2926,331831122303313.4,-9.211209028384308,2.1810047522370044,-0.6197865443938403,-2.1954264756155593,-8.036079799664972,-2.47082697491922,-1.2328847628490902,-36.825368831334295,10.162974590513553,1020.961727629404,1266.7032089573597,1.0,9.486163020657015,9.465894225791295,9.232036997607855,2.2673590562352612,8.689272805960556,8.33057476747056,3.305281130225116,8.407351811752134,38.221902712053684,36.84600106391836,10.237482960468826,38.20201358686779
2927,331831155636646.7,-5.120993975023042,1.8012585476575114,-0.6649016881121135,0.0068800666861779415,-6.641639275328751,-2.931437911913284,4.560290641554096,-36.47375130182297,10.546659000682483,1020.9686867839026,1269.9830375516253,1.0,5.469113813277786,5.428545997569842,5.1639784611360104,1.9200590122086314,7.259803566923112,6.641642838854482,2.93144598563919,7.259800306826072,38.24085251193226,36.75773095231367,11.490355382324896,37.967967421286986
2928,331831188969980.0,-6.497747195125231,1.785867799341144,2.546400973906784,0.6655382046414822,-4.867348016656002,-2.403026790754188,10.076303944307547,-35.18709311146565,8.831227090517224,1020.9673160151364,1263.2865809343816,1.0,7.203762928386442,6.73869738217123,6.978887915110202,3.110222133005454,5.468871508288058,4.912638579936704,2.4934872887022665,5.428223878243001,37.65174623755592,36.60141285268946,13.398599669456251,36.278397064358266
2929,331831222303313.3,-8.018949028778133,1.073382895287622,1.3383275652788575,0.672617001339806,-3.765037044573439,-1.8269412759943164,13.284717067109549,-36.58819135022939,12.223538703936473,1020.9680379007654,1251.8580446290762,1.0,8.200415540570066,8.09046935387792,8.12986249564696,1.715596546942571,4.2385884446869095,3.824646072187811,1.9468251221984716,4.184879732195662,40.79944058784122,38.92530608529819,18.052662019762753,38.57603718278529
2930,331831255636646.6,-9.997291059700618,3.1294062087300762,1.283561289764715,0.2415712307968951,-2.829348785061284,-0.6757580568575722,16.45009092412336,-34.87270440028272,10.641902266002345,1020.968799777675,1238.8147881878574,1.0,10.553982250136235,10.475638966268752,10.079353060437578,3.3824122758500046,2.9189416161486363,2.8396427956833743,0.7176389140484569,2.9089282388769386,39.99951359004969,38.557891586566605,19.592232523402522,36.46032907186444
2931,331831288969979.94,-11.152340105478913,4.8481168022386205,1.5526491549547174,-0.5111478799251725,-2.7994779916038572,-0.052546722142347645,14.699386133793821,-34.5381625112639,8.456250050522398,1020.9789166729115,1226.9723666018147,1.0,12.259267749535592,12.16054794638884,11.259902718347748,5.090673425641251,2.846244954081477,2.8457598599717375,0.5138417199487637,2.7999711040441597,38.47680843419585,37.5360709500188,16.95818733318305,35.55830190787287
2932,331831322303313.25,-23.762050210138426,20.831771950673165,3.0669661544418805,-1.8746523409287672,-2.358648226478059,0.7995597693109332,15.925544574343112,-35.34378038222604,4.219278829362802,1020.9798408713921,1219.1463348620375,1.0,31.749079265176885,31.60059734868936,23.959159241960716,21.05632930967184,3.117184415513197,3.0128960910754623,2.0380424980971963,2.4904853504826416,38.99497526010659,38.76603902511083,16.474989645802466,35.594734519967076
2933,331831355636646.56,-22.865295308599,20.89692051845958,-6.183376557915958,-2.654994645741637,-1.2134153429750014,1.7251326633499164,16.257009241728948,-36.87766427629265,-2.5704201626497403,1020.9546545573868,1217.7623343511234,1.0,31.586977733889658,30.975845697966932,23.686618061817605,21.792554526989296,3.3907898887487375,2.9191391476741733,3.166240558623671,2.1091371460205988,40.383901888910735,40.30201573073748,16.458961367541292,36.96713651728393
2934,331831388969979.9,-4.626073730861902,22.266838703511063,-1.0682406652182688,-2.206921800064488,-1.5342513872799028,1.2355766514282298,14.448694572240395,-37.892158406974744,-5.097054965774281,1020.9486774193089,1221.2068514024993,1.0,22.767384613309776,22.742309997261685,4.747809629944795,22.29244813758696,2.9582225765693804,2.687830193849713,2.529259475252485,1.969918013757147,40.87248968322434,40.55342702634582,15.321381927424605,38.23343612681695
2935,331831422303313.2,-2.9693623989094005,13.34813225409846,-3.557028320947361,-4.558199842981171,-0.6779745323813928,2.3941958159985535,9.174215566424074,-37.51743937100627,-14.218295280653075,1020.9790318994341,1225.4771763268593,1.0,14.129479757053415,13.674419465884489,4.633526036624656,13.813945314388835,5.193169444612444,4.608344092525138,5.1487240568803605,2.488337411184976,41.15682700238431,38.622849302146896,16.921174662152133,40.12129331969463
2936,331831455636646.5,-0.5637508348874932,11.088172412741155,1.2263355399402993,-3.717358180106233,-0.36284465351940315,2.4276407920962124,7.882730103143593,-37.432245342555824,-18.648323651735616,1020.9795936795771,1226.539473955603,1.0,11.17001706869918,11.10249442506099,1.3497088057640474,11.15578174361594,4.454643408538989,3.73502450886073,4.439841399718266,2.4546071086911527,42.55667280561511,38.25324071584391,20.24592326615134,41.82024589125671
2937,331831488969979.8,1.7607470296400805,8.537696177480976,3.123134832827031,-3.110101577679659,0.007535818739034764,2.2496073662204576,5.9582846939950125,-30.598175604410038,-26.53024138903483,1020.9878782765501,1220.369991243759,1.0,9.259938299220853,8.71736692593352,3.5852756220971203,9.090997041193601,3.8384270104045117,3.1101107073622916,3.8384196130228974,2.249619988068521,40.934132639808865,31.172896991024253,27.191080608448647,40.498173520280766
2938,331831522303313.1,-0.726500789905192,6.555626541578376,5.092592930953446,-2.892961845226781,0.7439660101175118,1.8822519953224779,16.107787832903327,-35.483728082247175,-32.7425677294898,1021.008547564573,1206.7569984962918,1.0,8.332979389796709,6.595759452131325,5.14415261808297,8.301249430841352,3.530663710415304,2.987091170712423,3.451391141530237,2.023946145060589,50.89824681661356,38.96865134290235,36.490225682914804,48.282198584313484
2939,331831555636646.44,-0.15122062174135523,5.879137457913864,6.02401322564199,-3.3745296615076774,0.8465766140750942,1.7430038838893767,25.15319956140696,-34.02183537473393,-34.45457900046836,1021.0090537699468,1195.0169145639784,1.0,8.418780212607723,5.881081951944365,6.025910970064978,8.417421968260562,3.891298618603746,3.4791008033533566,3.7980933342466154,1.9377188915712988,54.564519099328415,42.31038560969943,42.659131053919495,48.42110383257503
2940,331831588969979.75,2.048781535601037,2.0100772590923537,4.218192587141303,-2.9897446968188595,0.9686017978570411,1.381358047453249,0.5347554468012738,-35.111734029984184,-38.85184093207781,1021.0298512109089,1195.9304629217454,1.0,5.102064785001638,2.870177062158356,4.689419418524385,4.672639435023215,3.432916085521497,3.14273174085355,3.2934364131436253,1.687109806170228,52.36969900421149,35.11580598505797,38.85552093588967,52.36696869596164
2941,331831622303313.06,0.6933697596767604,1.909911123277868,4.581360532227487,-1.0204262941313662,1.3614940257300812,1.3201959979608076,4.062392742857051,-22.861509155593794,-32.22211896093735,1021.0289034288178,1220.2783670445197,1.0,5.011724897548394,2.0318765027566847,4.633532772074234,4.963529472570124,2.153567569612133,1.7014510877052493,1.6685884138356009,1.896466043758874,39.716704118057365,23.219639008143872,32.47719176791639,39.508398489486986
2942,331831655636646.4,-1.988019605556674,3.381045620147805,5.578805425050849,0.9518950710285282,1.3673502738405268,1.0594269348332581,5.323616061869929,-22.69063392193859,-29.99539433432248,1021.03404950523,1277.7658113376624,1.0,6.819586600973343,3.922204920398521,5.922439693458642,6.523384049410049,1.9743698812204271,1.6660585216672823,1.4242505595921666,1.7297491730369337,37.98591103323882,23.306774889581565,30.46415219968717,37.61101632568489
2943,331831688969979.7,0.43903218613420697,4.737749858213423,5.171056949826935,1.7674366004281323,1.2258125766644068,0.868137355652631,6.133087594476906,-26.385369130592693,-30.146565942535627,1021.0398178153619,1365.1151499504329,1.0,7.027008820103795,4.758048232149721,5.189660801903649,7.013280523218414,2.319506645371194,2.150918085293251,1.9691354968138928,1.5020915223075373,40.52922286112589,27.088788596007028,30.764105733292094,40.06249046533781
2944,331831722303313.0,-0.5444587898168504,4.057934696914911,5.074786441853715,1.776703136072739,1.39160704321408,0.47334650359047586,4.427590032257498,-27.622780150813668,-28.680956153474206,1021.0384498541258,1470.4391692118952,1.0,6.520485166661835,4.0942971775672,5.103909560741757,6.497714323887147,2.3059273858721285,2.25682170240667,1.8386764114960614,1.4699071654986795,40.06518167475896,27.975373755393,29.02069605249426,39.819784393410465
2945,331831755636646.3,-2.4082132252081307,5.176698914198296,6.418908255067465,1.7976577114956436,1.5548098498669616,0.07594793286820567,7.70940456585786,-28.929511123413384,-26.280676812399,1021.0495773584116,1581.6962953815523,1.0,8.590697630187108,5.709439778676114,6.855791283655053,8.246247318340329,2.377977082616658,2.3767639590298146,1.79926133071511,1.5566636623722792,39.837488704956485,29.939130458311055,27.38811589864912,39.084403379832544
2946,331831788969979.6,-2.8170360146978553,5.854278358561949,8.523152669588175,1.8352703790080054,1.3745734462476062,-0.49012287648398944,8.747979913197403,-29.962194620249036,-23.551433048669036,1021.0584848526306,1686.8450187232952,1.0,10.716921126738761,6.496788976689297,8.97662650093078,10.340053507048927,2.3447579741299847,2.292960863859915,1.8995888497559485,1.4593397798943057,39.101537791617936,31.21314240866154,25.12363730051135,38.11040678223758
2947,331831822303312.94,-4.096124004952958,1.712321668235774,7.796096028246039,1.7860752395614852,1.0687553772313132,-1.0198201014680723,9.856497556991624,-31.770964925390505,-22.47916182498811,1021.0586091499233,1773.8682481910084,1.0,8.971587966524948,4.439625813000641,8.806664813968197,7.981927009008753,2.3178299888244207,2.081418462908279,2.0567201561546886,1.477251195876719,40.147944813344786,33.264767493270945,24.54512702034733,38.919235972002284
2948,331831855636646.25,-5.460526012026377,2.2080883852556794,6.478167494676135,2.1539681833687028,0.6585342585640344,-1.8069045380912143,12.220541835549556,-33.10607270491739,-19.14133444720122,1021.0488303182476,1830.8100229668828,1.0,8.755549824779491,5.890076285169634,8.47254379847606,6.844144095953817,2.8875855510169353,2.2523868017432425,2.8114912314889575,1.9231670180920604,40.14653630286559,35.28956917699185,22.70974079935808,38.241374640079144
2949,331831888969979.56,-5.202639264679169,3.605821759025809,3.5149880402180327,2.6514035597032684,0.23719728020369743,-2.6057489384986603,16.102031711744438,-34.30284192218604,-16.043076899169648,1021.0446360006878,1845.7237930286624,1.0,7.240479735426458,6.330039958503057,6.278741612875721,5.035582536384424,3.7250679076535085,2.6619923715411344,3.7175083546502026,2.616522516666525,41.15022120933469,37.894067994667815,22.730062508464297,37.86905438918637
2950,331831922303312.9,-7.2810423243484585,5.159505704733259,5.339009268721942,2.534268368410046,0.331412266929679,-2.8602849348813573,19.425805748586654,-32.51370138053002,-11.642013798140663,1021.0585850871606,1806.663008354092,1.0,10.398994971516597,8.923792716447903,9.028764993090274,7.424656159626105,3.835828484500374,2.555846289156526,3.821484799372224,2.8794207749790095,39.62372006412573,37.874829457623996,22.647260634741674,34.53515980473201
2951,331831955636646.2,-7.642564440768914,5.923401049241903,5.8500588149919,1.8154749628901945,0.056058090817732956,-3.3348653590683823,21.961598420856934,-32.61468468984618,-7.860218702058009,1021.0597509629981,1703.9163795627524,1.0,11.301268042141553,9.669305622508038,9.624550865893426,8.32525483868359,3.797422654056508,1.8163402353158624,3.7970088627754666,3.335336485672835,40.09753733910918,39.31958116024473,23.325840676022125,33.54848275946722
2952,331831988969979.5,-6.662051279321768,7.4248708498296425,8.132251158254736,-0.2773202819335023,0.5196466324400715,-2.9466362069641185,26.038617764468015,-31.499762207227995,-7.364254765820661,1021.0590925234197,1554.359019845343,1.0,12.870320247992987,9.975551833606138,10.512679779639837,11.011912460494111,3.004929965501671,0.5890154169272515,2.95965732390822,2.9921058735944146,41.52682124184189,40.868626526909104,27.059967910919287,32.34914631590487
2953,331832022303312.8,-6.577527408235533,5.408316655244137,10.178916757897984,-3.0025839347631624,0.708148572664099,-2.690742571171684,29.85230799894985,-28.301535816123927,-10.7427857084963,1021.0677372499301,1392.308562971245,1.0,13.271175615358919,8.515500915946213,12.119167181382807,11.52650143832063,4.093541287269452,3.0849610510124816,4.03182413674176,2.782367694119849,42.51522865038106,41.13559556412804,31.72645170268553,30.271841277497767
2954,331832055636646.1,-8.516918323714396,2.2160346759001768,11.892653223476367,-5.125095133602267,0.5056720349695324,-2.2651964782599534,34.412626804575346,-23.02936606609627,-16.13483238713485,1021.0687855547965,1252.386662646998,1.0,14.794725685577172,8.80049472573071,14.627819332582861,12.097355511790784,5.626137166879702,5.149981003404174,5.603366417930825,2.320952238214204,44.439997762805746,41.40749430957208,38.00739006761597,28.11911302952499
2955,331832088969979.44,-10.18407499046727,-0.501795030951814,10.815252564963064,-6.775398315124973,0.1898085178898324,-2.3267731382873094,34.52669973922219,-19.60535306130495,-20.735377832264568,1021.0687865917504,1169.1751489168712,1.0,14.863945294183809,10.196429848949526,14.855472777915923,10.826887193326993,7.166304685060302,6.7780564767536315,7.16379058639026,2.3345021975827973,44.793065952082294,39.70469573666098,40.27466807720673,28.536393649254073
2956,331832122303312.75,-11.549428408337313,-6.529243343438892,10.997693503164083,-6.926653362843084,0.010973444410887183,-2.7477458958033734,36.48168729482813,-9.770801922784534,-22.58866467839049,1021.0705711184067,1160.9580673634614,1.0,17.232805273277116,13.267264797129439,15.947995452371012,12.7898507038737,7.451761854311497,6.926662055093178,7.451753774574795,2.7477678075824605,44.00715680482755,37.76747381136199,42.90875528176493,24.61130516992254
2957,331832155636646.06,-13.155705022114505,-8.201096259365533,11.000654719899781,-6.340802558251798,0.14938241197727006,-3.542553650384951,37.015888008706426,-1.1131432225772462,-25.424862001659744,1021.0675202385373,1204.7255440520416,1.0,19.00907569427618,15.502598313968797,17.14896436801191,13.721238432511575,7.264831625963291,6.3425619577376375,7.263295632740573,3.545701830507451,44.9203590892872,37.03262146955122,44.906564919580944,25.449217976932243
2958,331832188969979.4,-15.904974745308726,-8.315373140220132,11.734026449035728,-5.266553563993283,0.15014612268736222,-3.917173599681667,39.00596081401593,6.011317463324126,-22.16197633373994,1021.0587662054206,1271.0263234796178,1.0,21.44297154819436,17.94752495777629,19.765009444864386,14.381683043641464,6.565316390747016,5.268693414933953,6.563599275736856,3.9200501104196457,45.263165064836784,39.46645305407381,44.86221320935689,22.96277711127543
2959,331832222303312.7,-18.77326132991114,-10.058419976408446,11.057414807530224,-4.78973370533444,-0.07797101025446437,-4.38110610434124,35.59949608711073,16.042235771325842,-21.190977952175064,1021.0497354411857,1330.4091501431974,1.0,23.997366013976162,21.298055154941952,21.78765162166234,14.947850502584014,6.4916653598250855,4.790368299667248,6.491197090330323,4.381799878581424,44.42673740855374,39.04711833412318,41.429236877183506,26.578391130999183
2960,331832255636646.0,-16.7036298019171,-8.60821994310819,7.061855016042244,-2.8860649332873898,-0.48730353845595253,-3.83263620674189,34.15765984877074,23.04512547170026,-18.68172290790111,1021.0597529249792,1355.1040771853714,1.0,20.07442391243195,18.79129317392549,18.135077745272948,11.13423759655445,4.822440858213992,2.9269157039010945,4.797756881333194,3.8634913008599563,45.24190872585207,41.20465428019914,38.93266619629231,29.666219489749704
2961,331832288969979.3,-12.516707218703965,-5.744378593948385,1.0654320468989678,-0.9657163312605447,-0.28705163218062935,-2.3407995795328143,31.91328893127596,27.43087725773036,-18.100688116446115,1021.0468680375981,1337.8562495606138,1.0,13.813073172756587,13.771922343281217,12.561970587663199,5.842348061967187,2.5484013309410054,1.007475395233496,2.532182991808516,2.3583344357996734,45.80988919249448,42.08219382992966,36.689139001889295,32.86469134827714
2962,331832322303312.6,-6.248166426124064,-2.2057762268071084,-2.4818764197854666,1.3496095582285,1.1520995147605289,0.08997567152672936,32.05203154357315,26.7278429832043,-16.379818786003906,1021.058836250819,1285.1219386604976,1.0,7.075644353299457,6.626087265595841,6.723042038514342,3.3204155351152256,1.7767596553951406,1.7744799946951142,1.352605478744047,1.1556075948946216,44.83312146245628,41.73380304507405,35.99487726791876,31.347664251059438
2963,331832355636645.94,-4.6774723205569835,-0.6614071068906413,0.06516502444358496,2.379851193275286,3.779871988170188,1.5109526860689535,36.65600473268231,22.811568010721903,-15.820612620878569,1021.0675491684443,1203.6082838527443,1.0,4.7244526826959445,4.724003246254408,4.677926227505887,0.6646095405997278,4.7153050769410925,4.46666810375334,2.8189838101118614,4.070676880629637,45.98175835883314,43.17441740278864,39.92435931436258,27.760753210381253
2964,331832388969979.25,-11.728449414857788,0.5876706311515262,8.15973244072885,4.142467770153542,5.624234082150194,2.6683714001740184,41.47031319888452,17.560613265604278,-11.67132878247112,1021.0898744737838,1100.024753448946,1.0,14.299759296990942,11.743163221534308,14.287678579152066,8.180867330240776,7.477449710084805,6.985130509702785,4.927498874279679,6.225127704721124,46.52291833737681,45.03511979641769,43.081397288877646,21.08542278003113
2965,331832422303312.56,-16.4816971988527,5.570736801898539,19.107399216017257,2.899296528200437,6.453763031507332,2.7761670895288195,45.9251728533879,12.263297235397701,-5.030582269279202,1021.1085870037251,982.0734294427054,1.0,25.84128781370914,17.39768522162347,25.233688738567846,19.902909669600664,7.600268504090414,7.0750955912472175,4.014103146086063,7.025536347912067,47.79975647077353,47.534302989496645,46.19987293901947,13.255007244498179
2966,331832455636645.9,-15.57237021549206,-3.2853359747065585,12.904616328707466,-2.0800298298716444,6.784289799931544,2.401705897081198,48.60683693148339,9.52766085866209,4.699604215280108,1021.0859525253649,859.9885747838168,1.0,20.489540482553252,15.915154620519566,20.224436623043115,13.316251539297552,7.491415313456173,7.095992684791259,3.1772181714875143,7.19685898885964,49.7542681355256,49.5318172281363,48.833501576930736,10.623681151934116
2967,331832488969979.2,-15.40451139758126,-6.750000537458314,8.86084182076906,-2.563877441866214,6.211802753363926,2.496038834052722,48.50559034696439,6.59835579086232,16.532625880367313,1021.0793940070027,744.4023915034479,1.0,19.009892067725907,16.818486217668298,17.771142033389438,11.13898671461536,7.16869380324682,6.720116143610175,3.5782226590878485,6.694527862948882,51.66873631656306,48.952329812280965,51.24568287580639,17.800730817665812
2968,331832522303312.5,-12.889089672402356,-6.65227380387844,3.5148112903658886,-2.5559293171487036,5.560405996017071,2.655702353796674,46.34017721140046,2.7466677966680537,25.16280205993142,1021.0696665879425,645.9470816327654,1.0,14.924318334579974,14.504529614744369,13.359735438627242,7.523738775944501,6.6711051938014005,6.11971318893319,3.685855350691537,6.16205078139606,52.80267810894198,46.42150587787143,52.73119220623869,25.312265633335596
2969,331832555636645.8,-13.344357690168396,-2.327420694777093,0.5483330465835554,-4.011039670302622,5.712979269415011,3.1067732821282497,40.67551607563592,-5.3252398446621845,29.01254920971025,1021.0588372051423,574.7892746376185,1.0,13.556896340372626,13.545802643388582,13.355618716223221,2.3911411962601226,7.640589741378147,6.980442061181157,5.073507609463822,6.503089447279009,50.245236580877524,41.02262531119253,49.96224193994076,29.49722344643707
2970,331832588969979.1,-13.440878207011737,-0.5782156025905957,-0.9987253132978262,-6.76939755618983,5.68546038882587,3.2635219983251753,36.952266741111146,-12.832427062986303,32.399806209378056,1021.0526289566347,535.4794532026422,1.0,13.49032959234963,13.45330963959435,13.477932305333221,1.154030127206845,9.42336346217258,8.84020379327631,7.515006261294876,6.555534735356098,50.792604225795955,39.11701933472299,49.14486198690034,34.84850967734655
2971,331832622303312.44,-14.572416663768214,2.894912613880796,-1.9269949858194189,-7.551599621748365,4.621989399618254,3.009379983028321,28.180347706273714,-21.73794562399749,29.35274325954422,1021.0292987378272,528.8455665660646,1.0,14.98162728610777,14.857181646075263,14.699273352715185,3.477618253543555,9.35124648053002,8.85378127453878,8.129146617538742,5.5153561890810865,46.13300135108355,35.590311558040035,40.69048455974941,36.52563232597884
2972,331832655636645.75,-9.896035338979548,0.9373028724665526,-1.7673936874446998,-6.957820884184764,3.4241292645807624,3.5692306395594886,22.975906387930937,-28.577893271705275,23.233974769791377,1021.0188758677546,555.6489081048659,1.0,10.096223677766131,9.94032454727038,10.052621343547733,2.0005542035029755,8.53670545557982,7.754736144895972,7.819889949018969,4.946116514896169,43.40974362743053,36.66862771083673,32.67582987393386,36.8308779077051
2973,331832688969979.06,-6.015176666710582,5.1692354836625105,0.6434491947064336,-4.568319915490152,2.1675045634197336,3.750851371017124,17.377824890610125,-35.00109425910599,14.575823235124368,1021.0088199195725,616.6441404216758,1.0,7.957221417270188,7.9311629549073706,6.0494939621349975,5.20912875169389,6.29575324247785,5.056443699153519,5.910874119597286,4.332085183823883,41.707553515461946,39.077684133831816,22.681345218269133,37.91478896573755
2974,331832722303312.4,-9.29022384074492,6.8929943494534385,3.945124720253652,-5.470490457556219,1.933146363061218,3.780947856596722,11.455849996661426,-36.63080258083262,10.228885081637285,1020.9987488909561,709.8211943249335,1.0,12.222341803889252,11.568129931529224,10.093179284521888,7.94212692922705,6.925235548451317,5.802010057491323,6.649949814887102,4.246483434009859,39.72004892840999,38.38036212520593,15.35794872889441,38.03216780212871
2975,331832755636645.7,-2.783894592015093,3.3968857382739976,7.209914998820826,-3.8379901732585404,-0.2938465509304254,2.92579912969039,6.6749763584563215,-37.41526532415715,0.7849676534930627,1020.9887999285917,826.142919904437,1.0,8.44226131487066,4.391913229828222,7.728709037715962,7.97005062776334,4.834957591625791,3.849222566379194,4.826020007969938,2.940518039868273,38.01412320283157,38.006017795383755,6.7209734118638815,37.42349868056308
2976,331832788969979.0,-8.899393117030552,10.21975830766892,10.050983812477902,1.273548195626785,-1.2779574794961057,2.581005189516074,3.6692842514904416,-37.72349201589302,3.1681662979990333,1020.9885762681341,955.4722533766318,1.0,16.872016278954675,13.551481753617155,13.424659155827518,14.33407602414124,3.1490773433329937,1.8041896590947082,2.8781092395691212,2.8800630388428905,38.03370576847801,37.901523673744045,4.847775222719456,37.85629574542287
2977,331832822303312.3,-10.129694219183188,7.9150349463302785,11.812537130452652,1.9356932061371455,-3.4025401378876907,3.289692822791575,-1.773045296360289,-36.45355133454022,8.585087974333437,1020.9887327960611,1087.6721309579627,1.0,17.458365233724074,12.855290085244395,15.561064823220674,14.21913540479702,5.113342003675159,3.914612059734947,3.816934248400397,4.732796029649195,37.492783706334066,36.49664497625644,8.766266317537355,37.45083631144976
2978,331832855636645.6,-14.662468799561871,11.438745653969832,11.06187596165176,0.06745849218882578,-5.8793982172379495,4.236265626223618,-4.9691455758673575,-33.38543170041333,9.90667989141756,1020.978899221893,1212.8052854344273,1.0,21.63788328892889,18.596582842940233,18.36717428155715,15.912573705318156,7.246918000153786,5.879785203987401,4.236802698272858,7.246604022077139,35.17700618370105,33.7532140332906,11.08308234315613,34.82426390168183
2979,331832888969978.94,-18.746478955417572,8.252911934377973,7.534588258607667,-2.914328142229696,-7.9147193771302495,4.962641726774034,-10.611081433348119,-33.0528582255803,9.286275503681667,1020.9720063834022,1323.3506399974062,1.0,21.824551515420904,20.482700716031378,20.20397221965677,11.174997790753558,9.785903343464609,8.434221442392477,5.755095258022299,9.341873245074556,35.93496067614009,34.71435561933213,14.100707851573388,34.33258437127315
2980,331832922303312.25,-18.97065317354776,6.580138081128561,5.850231372682115,-5.174298391876381,-9.627572254155071,3.502429152351404,-13.029706760412527,-30.712251445864553,10.591266816847149,1020.9390542799846,1413.391555572512,1.0,20.914327770972463,20.079439708262676,19.8522262969409,8.804738740055399,11.4773917474482,10.929936475439876,6.248229654503384,10.244860051568178,35.0027224644312,33.361889142198606,16.79131296379135,32.48718703827183
2981,331832955636645.56,-17.216299349620733,4.8229850408846815,4.482728928900883,-5.947361154421598,-10.743620982373088,1.0929993338326156,-11.325283424143219,-32.20897619534817,10.326120560683396,1020.9388478360112,1477.0402593735762,1.0,18.43249865455993,17.879098075695783,17.79032945017478,6.584530610043686,12.328468844822897,12.279922496254212,6.046962232797683,10.799075856602073,35.6694401136806,34.14205899165542,15.326147933219929,33.82376255513679
2982,331832988969978.9,-13.889737933323005,4.444118810102386,2.6902340302833734,-4.628335639590408,-10.351559592780644,-1.6640588393982516,-7.771330511295593,-33.916323325481976,10.915841698172764,1020.9596423404065,1508.4198763431343,1.0,14.829442706736911,14.583381358748658,14.147868355129924,5.194954392100143,11.46060070923733,11.339147974852066,4.918392279361439,10.484458871294619,36.467330116338296,34.79526642855931,13.399596184040812,35.62965882376928
2983,331833022303312.2,-12.116911886362468,4.475920738393876,3.1773177375251223,-3.0489498664159798,-9.361648669017383,-3.19226109685948,-1.2408073235451857,-34.99143181838609,9.499229800676645,1020.9590152376566,1506.5526060657446,1.0,13.302209144478528,12.917175392408993,12.526567832693193,5.489008513527388,10.350221833398328,9.84563665234671,4.414365888600594,9.890955298283245,36.27912995540258,35.01342461849349,9.579925345232425,36.25790489681975
2984,331833055636645.5,-8.876630340407738,3.499326006926884,1.843102655929366,-1.944658158929283,-7.721356247392461,-4.434870736968954,6.956584576842221,-35.646530789159485,7.635826478419762,1020.969633725474,1483.0684697207357,1.0,9.717863762334597,9.541480425122824,9.06595795272298,3.9550360179205364,9.114226029008737,7.962476854235548,4.842496650356486,8.904348418203892,37.11300408597761,36.31899263852529,10.329565091682003,36.45519171957584
2985,331833088969978.8,-6.109330489753587,0.7154338907477051,0.31338850211287955,-1.145180075202534,-5.9076824413580145,-4.6098241660756765,12.131700748286562,-34.652495661945984,3.993294600451106,1020.9689741452213,1451.5978717555008,1.0,6.159056505530677,6.151078335142807,6.117363107278279,0.7810621007877374,7.580410811737447,6.017653133287983,4.74993855189477,7.493409815969303,36.93128782500218,36.71476022864867,12.77202273768602,34.881827035967845
2986,331833122303312.1,-5.318190625382401,-0.22205015366933573,1.6777529396468578,-0.21135466761000057,-4.108044090644615,-3.8581323542135184,18.997411057096233,-34.02220419317904,3.226856229824465,1020.9788986726724,1425.771216617432,1.0,5.5809777570909125,5.32282423142544,5.576558656949547,1.6923832891039337,5.639670407819044,4.113477488233122,3.863917190902217,5.635708607913409,39.10018677912689,38.96680645157686,19.269515510262295,34.17488813866589
2987,331833155636645.44,-6.4586803573041625,0.1826790042218598,1.5073017209849324,0.939871796173317,-3.0865405960430565,-2.3276197622768167,21.42932689403765,-32.5752874540173,2.890404817262809,1020.985484921787,1417.5671027557705,1.0,6.634748077696262,6.461263311180725,6.632232688613297,1.5183313527249676,3.9784300423666457,3.2264673939564124,2.5102136863190836,3.86581771540814,39.09884709107211,38.99186330304545,21.623378347038685,32.70326883844355
2988,331833188969978.75,-16.315203925806607,4.658564172688189,3.4450525019698106,2.3783801501446704,-2.3381751225971517,-0.39075124093990865,23.305320256232765,-32.61760710805168,4.840644289386758,1020.9795814250355,1421.0766840503334,1.0,17.31347700587718,16.967265521931026,16.674959246786294,5.794014747339054,3.3580413301254155,3.335229383795722,2.410265269819541,2.3706010706629415,40.37917882816798,40.087981312368385,23.802726511514305,32.97484087287755
2989,331833222303312.06,-12.583288959070792,6.225435783241536,6.090195418137925,1.892110128184366,-1.4526529966304031,0.48926867125041656,22.785528396056183,-31.712502378770964,8.085044210029281,1020.9734005868692,1419.4459434072007,1.0,15.30312686838364,14.039060214940923,13.979615204238673,8.708991383758072,2.4350904086838945,2.3854310859459233,1.9543450488194265,1.5328354645187585,39.87770117859309,39.04949566141715,24.177432538745933,32.72691166305923
2990,331833255636645.4,-28.103844425404333,18.562660238284824,-0.651289845961789,-0.7533464373923057,-0.5391871814726589,-0.017270700841615014,21.496887514832007,-32.22575739590248,7.179016957999492,1020.9589598379745,1395.6634095884167,1.0,33.687128180846514,33.68083173868084,28.11139003946235,18.574082308029467,0.9265807835821277,0.9264198137972379,0.7535443794755818,0.539463709411477,39.39738439348668,38.73778017084747,22.663946198943037,33.01571935037623
2991,331833288969978.7,-5.946465576848568,18.073250209454365,-0.16095129336554753,-0.8831030964112618,-1.8721346013739573,1.3655063417065274,20.966170838126985,-33.599379150095906,3.558467303554357,1020.9696841078975,1332.7804153008983,1.0,19.027052617497628,19.026371855668838,5.9486433895032755,18.073966870954983,2.4797916472545687,2.06996595251052,1.6261853055946305,2.3172171963159536,39.7638188361718,39.604275007698675,21.26600595231723,33.787290048513285
2992,331833322303312.0,-4.9110302662536744,13.131410158264472,-3.5460115929916745,-3.3311901314266406,-1.232809476826691,2.6398185725639114,18.047084809038864,-33.57857713558041,-3.1210948536030028,1020.9771887651935,1227.7420068905872,1.0,14.461201514336988,14.019705810773313,6.057426557019984,13.601769405566422,4.425526973584198,3.551991961965559,4.25034937243606,2.913496405044473,38.24865155322409,38.12109799775926,18.31498029455201,33.72331649668091
2993,331833355636645.3,-0.7923768447193903,13.628430929380377,0.6214620029010279,-3.8238193953785355,-0.5118336888084619,2.89244268749024,13.755028360656866,-34.452460986799395,-9.205720135335586,1020.9762804144627,1108.7813658568007,1.0,13.665584717895861,13.65144646771686,1.0070134483199387,13.642593031309753,4.8218039356539695,3.857922821088098,4.794561446982281,2.937379516748736,38.22195908714691,37.09680408403679,16.551316818084228,35.66114624149169
2994,331833388969978.6,1.4969370457130875,10.41100602537255,1.873736758180859,-2.7634254372863913,-0.34766889427306086,1.5260937300550073,12.429049067052487,-33.759316476586974,-10.904230620494191,1021.009135240396,1008.4103853043595,1.0,10.683667741844554,10.518073349200973,2.398272285998056,10.578276603459642,3.175902372617858,2.785209831859448,3.1568152021229703,1.5651951101885855,37.59088925660682,35.97461201566398,16.534312992565535,35.47666408205935
2995,331833422303311.94,-0.6852558446501564,8.442435389996175,4.523244065150059,-1.7913019765230667,0.32102805724458905,1.468678024305081,9.107425662122923,-32.041188490216484,-15.61369070192372,1021.0187591115765,959.1409583380841,1.0,9.602292838681931,8.470200168053118,4.574856549176425,9.577810406725282,2.3385544517308885,1.8198411426917682,2.316414882997457,1.5033543004278502,36.78818151787358,33.310403210658926,18.075744508219692,35.64302312095483
2996,331833455636645.25,-1.566938529884753,11.290854518944453,6.227685493863236,-2.907708075288517,0.6627146980905183,1.7755510271058423,8.948717856535882,-30.237091141067218,-19.324559925946915,1021.0229854648322,989.7822695163908,1.0,12.989332497664396,11.399065405742954,6.421788144038385,12.894474102437949,3.4708123648534897,2.982273800670096,3.4069557820662517,1.8951971456610572,36.983778177474015,31.53349381132845,21.29596599376036,35.8848198686397
2997,331833488969978.56,-0.18365184048916675,6.035813931211661,5.401650048281697,-3.243422190838572,0.4547297411245493,1.8710752409821512,8.310220627493363,-29.65495024018288,-21.56332145401489,1021.0288013590038,1092.7655341844604,1.0,8.102012160866305,6.0386072740925805,5.404771155434494,8.099930435275997,3.7719344112674724,3.2751437595145774,3.7444238629514817,1.9255393257162041,37.595912979398676,30.79733495978733,23.10923189997441,36.66596386128287
2998,331833522303311.9,2.8704664749293856,3.9451124172796943,5.08969990913954,-3.3714390991767007,0.5030043694687985,1.8731640735698702,4.042262799305231,-27.239151711529885,-26.0826010504331,1021.0385090343419,1239.8730687611874,1.0,7.050427996495178,4.878882020367778,5.843340050757663,6.439639520195946,3.8895190758852154,3.4087556373495165,3.85685691282037,1.9395249527184675,37.92905683059417,27.53745221516305,26.39397594328488,37.713041027206955
2999,331833555636645.2,0.35860997494415287,2.4563401340439635,3.351217494974331,-4.0583793418642715,1.1737431739418414,1.3899166700487304,6.381142910761838,-23.4797354759629,-30.327581683618504,1021.0679611315087,1402.6501451888612,1.0,4.170475592407488,2.4823794972253057,3.3703501024005615,4.155028947280289,4.447469423225425,4.22470305712079,4.289791513832581,1.8192144975385445,38.881604566238124,24.33139870350155,30.99163105782138,38.35440246956982
3000,331833588969978.5,0.2619832257819779,0.6349032850041979,3.5914608198643796,-1.1912796980662697,1.1905394336695383,1.1014006862464092,4.216326087210174,-21.579016038843346,-28.5369757466703,1021.079127669722,1552.6625673320318,1.0,3.656545940162816,0.6868314144681011,3.60100347559011,3.6471486125369283,2.0123655070118622,1.6842005409531988,1.6224151104723241,1.621871639429658,36.024857024621156,21.987072085167398,28.846774350691934,35.7772681736701
3001,331833622303311.8,-0.07563971844071463,3.07762256246731,3.4025996963122833,1.8959725297420016,1.3646679147804672,1.276944513935045,6.057432948856925,-22.17012713336443,-29.306640825105212,1021.0885351154823,1669.5190379930852,1.0,4.58859092721917,3.0785519329733,3.403440327132273,4.587967450881958,2.6622579970461846,2.336028756494139,2.285891319639911,1.8689317294379901,37.24360653174129,22.98275507939462,29.926103828958773,36.74770378624037
3002,331833655636645.1,-1.185205907480383,5.2886514775607125,4.813117947349378,2.53876108163101,1.9750917685171638,0.9455546657904097,5.439886643889659,-26.04209034518759,-27.233538731468414,1021.1083940339515,1753.0551724015047,1.0,7.24849307575914,5.419829101939609,4.9568959458741,7.150939716303151,3.352665946626136,3.216565765481644,2.7091292799721223,2.1897627999539746,38.07162287168321,26.604188321489563,27.771532160411304,37.68097797808999
3003,331833688969978.44,-2.417041983059823,3.801699963742822,6.738592252232062,2.916024095138588,1.9851250635428246,0.5396364970514023,8.933441622476183,-25.953773425223254,-23.481904882560876,1021.1035799783353,1806.2360886095817,1.0,8.105778192378441,4.504998841531032,7.158960643118227,7.737024502750663,3.568630772479079,3.5275938033360252,2.965536051438041,2.0571652988653613,36.12207899808165,27.448219144964845,25.123818104257683,34.99997445601155
3004,331833722303311.75,-3.196565508083628,6.808359416031194,6.740997688431073,3.311265772230699,1.707262539834347,-0.32504408470486906,6.959402648954372,-30.609193456398277,-20.00625858478797,1021.0989490428738,1832.0269046696078,1.0,10.100140534703645,7.521422005533965,7.460501382809537,9.580960691563956,3.73963635281157,3.7254833772637066,3.327181190038828,1.7379295258793586,37.223734254409386,31.390380840019898,21.182154465296385,36.567377628326284
3005,331833755636645.06,-4.59545012151213,3.902515839033774,5.91843272180298,3.1266574375370806,1.289595935801715,-1.1596693382419376,11.367369846576159,-31.114857994942035,-17.028890740093594,1021.1052233494386,1833.1565916263853,1.0,8.448410357914888,6.02891297774444,7.493063972889467,7.089250718970074,3.575454849861866,3.382165638957123,3.334789304553503,1.7343271466752732,37.246940882605415,33.126295978787866,20.474379528251745,35.4699521832699
3006,331833788969978.4,-6.544449767942428,2.015813133784634,6.647920176220019,3.89832719146184,0.8818954157950384,-2.1698050149357515,12.595408802493129,-31.475350780813212,-10.598207443750468,1021.0987753779887,1809.7015613228587,1.0,9.544012155527335,6.8478701327829175,9.328701165463224,6.946822673692761,4.54782895664859,3.9968355502936395,4.461502963635808,2.3421770486538036,35.51991034191849,33.90194728444312,16.4610547633707,33.211740511391554
3007,331833822303311.7,-9.033714374542217,1.8193574293908013,3.533503720744761,4.222117367632063,0.07263125378668946,-3.4966031976857206,16.335673193445583,-32.77687181942328,-5.429591365764001,1021.1088937303912,1760.0698876437082,1.0,9.869331557973279,9.215099394835098,9.70018783041482,3.9743817129707826,5.482497997004006,4.222742043398688,5.482016872294932,3.497357462584091,37.02239872494946,36.622090941806704,17.214374257643975,33.22354268686714
3008,331833855636645.0,-10.170673856836384,7.82699614920008,1.0674937494536245,4.6073832455155355,-0.3686767113845317,-3.17722254880829,23.04869133845941,-31.588618858405393,1.1921186498960297,1021.1089953736118,1682.6437080278595,1.0,12.878044041190826,12.833724144679438,10.226541429401127,7.899456413242334,5.60880076426596,4.622110220297064,5.596670751054873,3.1985411740625067,39.121658460149774,39.103491069176656,23.079499979224067,31.61110545768741
3009,331833888969978.3,-7.957386047160671,10.525393731973434,11.438487394151657,1.1810550867802283,-0.20753691138759545,-3.3380604688358506,24.890526140745468,-27.64129372215873,3.5249269905196745,1021.1286973542053,1575.8264062035803,1.0,17.462614345589248,13.194843914067835,13.934094393598519,15.544224235362536,3.546915615179247,1.1991508193708393,3.540838715843193,3.344505832435178,37.363143878510535,37.19649728398878,25.138882271326775,27.865143619280804
3010,331833922303311.6,-6.925098715919081,7.933905398671365,9.672097121135675,-2.9458820983352414,-0.19927010328111439,-3.1446519252168366,27.632130142206623,-28.45675664413401,1.762240135261779,1021.1373216858212,1444.9641014309814,1.0,14.298717069058041,10.531089549533359,11.895648571889852,12.50984882385665,4.31355603210665,2.9526140810057977,4.308950808266672,3.1509592674028055,39.70424543035211,39.665118364872036,27.68826658514706,28.51126950870116
3011,331833955636644.94,-7.709788136481914,4.588924909655135,8.709103712195766,-5.091848883816787,0.060433786784710286,-2.763980176152295,30.569642615165343,-23.447836448831882,-6.353777391672215,1021.1386492952431,1312.307479112023,1.0,12.503901487362764,8.972127113226309,11.631393750502102,9.844121052498057,5.793976502573536,5.092207507379427,5.793661318181201,2.7646407825878594,39.0470814644709,38.52666717677643,31.222964893838284,24.29344605596526
3012,331833988969978.25,-9.10587231528146,0.6742813334501011,11.29660503055727,-5.904905688675252,0.16791230777251778,-2.746047987522407,33.241132835704775,-20.313955658697044,-7.720856655130589,1021.1409176498117,1202.6311209696782,1.0,14.525317592233927,9.130803137668043,14.509658708550699,11.31671067638698,6.514359929035754,5.907292589270558,6.512195539288207,2.7511768559795193,39.71449778347391,38.95676714903946,34.12600972410991,21.731737666201106
3013,331834022303311.56,-9.917101113519896,-2.525775053774948,14.673500250038051,-5.981703809385462,0.008953883206979643,-3.14417657999435,35.64725448192807,-16.419182444799254,-12.967163786432472,1021.1289445171577,1140.7096087269208,1.0,17.8896630405918,10.233691128720341,17.710463124482214,14.889296464579466,6.757714628587538,5.9817105108188775,6.757708696696057,3.144189329256343,41.33356554810038,39.24686362316032,37.93249383791563,20.92216262291663
3014,331834055636644.9,-11.412739876934603,-1.1238399534111234,12.96727996869288,-6.796936658432166,-0.35294207321557935,-3.3985948011109244,35.79181308251502,-10.18523758880852,-17.39910834450868,1021.1279936444851,1148.296358733723,1.0,17.310805802328208,11.467939995459357,17.27428670842987,13.015888983367473,7.60745441444922,6.806094037389193,7.599262764300049,3.416872068015411,41.07945860960345,37.21280624293431,39.79676940302623,20.161052450812917
3015,331834088969978.2,-12.9051090152923,-6.3101882244944445,12.127718751505451,-6.515193698536569,-0.5873825011980712,-3.909579476212328,36.16398709233737,-0.44966133660876345,-20.443592767702075,1021.118649058927,1213.0300073888106,1.0,18.80004989995356,14.365246747798206,17.709415597703824,13.67113885322526,7.620864702445844,6.541618082108151,7.598194562543873,3.95345796531775,41.54487505076921,36.166782518388125,41.54244152269321,20.44853736992652
3016,331834122303311.5,-14.751336461099624,-8.046107761831266,11.083724392197736,-5.405797361888563,-0.7575279577421605,-4.39676539272481,35.825351919021315,6.242855400516272,-17.17222175509586,1021.1187455943232,1301.0082360329798,1.0,20.12934981328924,16.80302881933994,18.451310896268758,13.696305944202635,7.009139722050411,5.458616466153521,6.968083742067392,4.461546203439292,40.21584617634779,36.3652180479298,39.72834051565597,18.27179366011839
3017,331834155636644.8,-17.555903406945497,-6.8624613725412695,7.020873565184113,-5.1070578697193145,-0.6837956889417015,-3.967300455939541,34.43574584043652,15.475191148155574,-16.18037509565128,1021.1075600439995,1377.9901871211955,1.0,20.11456651638117,18.84948594852447,18.90773413321389,9.817639314413729,6.503006192260264,5.1526320098447975,6.466955465469054,4.025797989456668,41.074404084479006,37.753173809086476,38.04766917727173,22.38941891403001
3018,331834188969978.1,-13.346835595413602,-6.478609007115221,1.7042538482540222,-3.635585175534902,-0.39531033813704614,-2.980185990637521,31.790239469596884,19.71928178323027,-13.284503862241339,1021.0989254767154,1409.7787045446717,1.0,14.933682608699124,14.836117924783222,13.455203513521756,6.699019021197291,4.717547919290202,3.657013786138517,4.700956084389779,3.006289873287366,39.69820452421819,37.40948274944139,34.454279391684,23.776629637363285
3019,331834222303311.44,-9.659252098701728,-6.480226724076491,-0.6401065865933543,-0.9339905054904711,0.576400795140569,-1.4681235781293498,30.549508401622656,24.224108286843595,-12.90439179684733,1021.0888386725919,1376.1797582170395,1.0,11.649215679345502,11.631615945418284,9.680438396502192,6.511764341377483,1.8330201803701864,1.0975318405335792,1.7400359493429067,1.5772205671046788,41.06827502489091,38.98820188048607,33.16316919758053,27.44687140530347
3020,331834255636644.75,-7.432820565254297,-5.613109418449306,-4.041742916300903,2.2973165380825544,2.804196960722535,1.1488097336424676,33.202858402646385,22.22695079021366,-9.207130601009181,1021.0911261665101,1290.9710143977218,1.0,10.153300187634562,9.314173012068839,8.46064461827441,6.916840546445526,3.802755274111758,3.62507708479049,2.5685457130951144,3.030393439577967,41.00290723157085,39.95581494021572,34.455784129957415,24.05844124906307
3021,331834288969978.06,-13.191401585279689,4.471787984410857,3.73913670761086,4.613541896245631,4.672505279611627,2.6063695089250483,37.913979814741865,17.102683143160736,-10.290933168041253,1021.1007768014292,1172.9817626958907,1.0,14.42189678509189,13.928745943610314,13.711098391533863,5.829067772442202,7.064717717889828,6.5663592969325295,5.298861278186846,5.350277339078109,42.84711123934844,41.592927717197405,39.285788408300334,19.96008707807774
3022,331834322303311.4,-15.413874061452631,3.32692039544244,12.388918195497185,2.85900973861252,5.73782012329043,2.2120302509492356,40.47515470082363,13.530605813523664,-4.114984899200628,1021.1086803397949,1041.041292720719,1.0,20.053458727976437,15.768827251889505,19.775560867824797,12.827848353185818,6.7815628201641225,6.410656475956096,3.6148325710322697,6.149443682021255,42.874800786210244,42.67687244558305,40.683795899304364,14.142503116549403
3023,331834355636644.7,-15.505563596282023,1.1679558871759204,14.003921123781172,1.864146578373691,5.738757597238034,3.3543488031663062,43.106697053778845,9.21234740473078,0.6577183275341604,1021.1187560764572,913.2072815459514,1.0,20.92597501274002,15.549489489778601,20.893355625160616,14.052541684530716,6.903624925995243,6.03393579892259,3.83753805961134,6.647179450952146,44.085000498923556,44.08009387004201,43.11171446700583,9.235796560331126
3024,331834388969978.0,-12.895459847717788,1.1052789424365852,11.126285138544825,-1.5702023836188634,6.067631734053556,2.2408746702883433,44.50747062715447,5.869284369776058,12.7372220990412,1021.1301630968535,798.513263596619,1.0,17.06776925110305,12.942740290398143,17.031943684392136,11.181049258669653,6.656065630201975,6.267510700877672,2.7362483099057826,6.468204862868341,46.6647647314397,44.89279942975616,46.29418719912167,14.02445456385385
3025,331834422303311.3,-15.188298687070665,-5.432675859658656,4.399545092039711,-4.228288944290153,6.267830806568627,2.900359975634446,42.76985191367464,1.1273389182196611,16.887661374503065,1021.1188361702327,700.1449311635332,1.0,16.7198798147798,16.13066595041229,15.812666252867137,6.990705544722123,8.097914447834041,7.5606964240192225,5.127427755187642,6.906358737282113,45.997002429006976,42.784706680707664,45.98318539876877,16.92524740547137
3026,331834455636644.6,-15.416194844882128,-3.699088001375138,3.308177568570851,-3.737388579642205,5.542150776794742,3.882133049868952,38.95730178041057,-3.6540729304445976,24.96118165647855,1021.1089585359277,621.1893461240377,1.0,16.19525715641722,15.853779219393962,15.767152638335359,4.962589129387286,7.730101270025597,6.684572434192522,5.388787471419223,6.766564286963612,46.41211265045699,39.12829680667162,46.26804460637711,25.22722415702388
3027,331834488969977.94,-15.61232317157348,-2.840539699038992,-2.322340230982192,-5.929356990722882,5.005936124823837,4.036110042511026,34.90331801026814,-11.542445646126142,28.018895849106816,1021.1072358377635,564.7290063852328,1.0,16.03766082519222,15.868626298311607,15.784102729078034,3.669050276332412,8.746819712587481,7.759940129231063,7.172688380146782,6.430363968009482,46.222593871642246,36.762340235894726,44.7582409476624,30.303243656362458
3028,331834522303311.25,-11.797149528148276,1.342311457303693,-4.193336085559177,-7.3377644749056,4.745969950987553,2.698806969546928,28.457135713175727,-19.022274559045755,26.096252642039303,1021.0887485032919,532.5419873783437,1.0,12.592005581492991,11.873269854505027,12.520255768790902,4.4029385159074765,9.146068954678753,8.738822475875308,7.818334000799769,5.459651072600874,43.042652152893226,34.22945372625483,38.61117681391289,32.29336358072449
3029,331834555636644.56,-13.67837579602913,-0.5492273649331757,-5.031650765036615,-7.23614651378892,4.304764145913576,2.6646972913465508,23.631898763719494,-25.851675030048245,20.12558661410927,1021.0727748522258,523.3100702774805,1.0,14.584825145920691,13.689397909177268,14.574480225335279,5.061537327698473,8.831388473817253,8.419786857216907,7.7111884961741906,5.062766635590928,40.39572969510417,35.0253585426032,31.04039103717447,32.761995336383805
3030,331834588969977.9,-8.528626253192122,-2.004393415321019,4.826911259779117,-0.29461390311479185,2.8162655029639914,3.341065938094975,19.94715778684481,-28.096852032919188,20.80505760648401,1021.0787209978929,535.2656643407926,1.0,10.002706185818045,8.760996446182371,9.799823369654186,5.226534728973364,4.379597051989145,2.831633580655088,3.354030255469826,4.369676531035619,40.25136792634701,34.45754196011431,28.82255238146687,34.96117155029095
3031,331834622303311.2,-2.511481986760524,7.562857795920134,3.8275269735217265,1.8423233979227895,3.3975134745222135,3.101033976554301,14.100283639152256,-27.504881702915885,24.959380614941995,1021.0996710575386,566.64117882643,1.0,8.8404933428044,7.968962279439685,4.577936708044245,8.47624803638652,4.95516549025741,3.864874294475019,3.6070163884127218,4.5999466880936986,39.72791458002149,30.90851850535612,28.66685681036704,37.14147544421114
3032,331834655636644.5,-8.514121839657253,13.626052457908582,4.498664751210133,1.4532397259677172,1.8662814269193821,4.622869095385375,8.445909886130549,-27.633916562543746,26.84091450634929,1021.0771604969406,615.4554714192632,1.0,16.68524979824952,16.067345029164127,9.629551144487948,14.34947002956754,5.192863443098053,2.365356646595809,4.845908003068147,4.985371103291453,39.438577939974195,28.895791015133454,28.138373892991567,38.52360362326948
3033,331834688969977.8,-8.034887756939748,14.2427129798744,4.432757022165225,-1.8881046666360004,1.2461946702026714,3.282108214786599,3.4776312454251626,-27.58959822832472,24.720212633659585,1021.0499868713041,677.2661074656376,1.0,16.942952195861796,16.352806924002465,9.17653290105666,14.916574936782164,3.986248201226796,2.262286539811919,3.7864460336498023,3.510731475007911,37.20710633915085,27.807909836583114,24.963630179372956,37.044228201620314
3034,331834722303311.1,-10.518231573788213,12.107502503594992,6.337559098416624,-0.6512298132548987,-0.5479939649174999,4.051758553194331,-0.8448423128950696,-25.589177260203865,25.111661047367182,1021.027793127303,746.0527517114646,1.0,17.244983839955246,16.03822971260838,12.279977637021926,13.665879854604398,4.1401865934570425,0.8511155357870118,4.1037601834239075,4.0886482801739525,35.86244932998373,25.60311995417341,25.12586872312112,35.85249661337398
3035,331834755636644.44,-17.65216275395438,13.987879347222798,7.361285240550668,-1.340900117105981,-3.367548069772227,4.576770368161542,-3.120235440791484,-27.873209229599535,23.577414208068856,1021.0192422458659,815.7692175300666,1.0,23.694896896110468,22.522424792294373,19.125568495729567,15.806621682864785,5.83825488730691,3.624692142276566,4.769155074741895,5.682183295627499,36.640771316961256,28.047311136060866,23.78298404205869,36.50767389872819
3036,331834788969977.75,-21.25665498755375,8.663457771784875,2.506477308817216,-3.4278331358817704,-6.33572828471162,5.705312913623619,-6.420748240986337,-26.47804537245605,24.879882558464065,1020.9990854370952,880.3793455597174,1.0,23.090762445683968,22.954321637186176,21.403920429666833,9.018754296637388,9.189237636904616,7.203575008642854,6.655872253116753,8.525963191338283,36.896089912657885,27.245419701666744,25.69502994933249,36.333117714680164
3037,331834822303311.06,-18.37463068564971,6.335276176613857,2.226697702668555,-5.446585886164875,-8.404593691818825,5.174892612247303,-7.598138836213119,-26.358673148558058,20.37685412522485,1020.9988466576333,937.0689684292389,1.0,19.563255345853367,19.43612042224453,18.509058201137336,6.715199691225907,11.273065531975892,10.015113226515773,7.512976198795131,9.869990307637211,34.17202873649117,27.43194057894712,21.747365307435818,33.31659997948783
3038,331834855636644.4,-16.744816309690254,2.6026943722329965,2.5409493620068333,-6.237109588289978,-9.588218773420776,3.0534197199240047,-7.1679425738440745,-27.316949017242514,18.54714428188058,1020.9887614292774,990.8445633687987,1.0,17.135323600702876,16.945881247091343,16.936507813169506,3.6373674072790947,11.838870184664506,11.438333587691757,6.9444155983322,10.062669190279456,33.787448340551684,28.24172629908719,19.8840630092248,33.01836253698118
3039,331834888969977.7,-15.794056779945029,3.4670517070233755,3.306510804205752,-5.130975485179695,-9.9902837128018,1.003509708110638,-4.244008003772017,-30.22857991399706,16.72364127717781,1020.9888456614266,1047.8762162242788,1.0,16.50471722889037,16.170116793248628,16.136456961379622,4.790977065015348,11.275624586960149,11.230880557275459,5.228187177577645,10.040557773178998,34.80601708211833,30.525049509427294,17.253746883034026,34.54630546360394
3040,331834922303311.0,-13.324189168339402,2.635658752111867,1.0818771428646479,-4.072803925248475,-9.444554282322004,-1.1478269426682577,-0.4023367341829526,-29.802829693106855,13.784109732332658,1020.9788879393687,1114.3340128415596,1.0,13.625387047843077,13.58236776306977,13.368039315694205,2.8490621632103528,10.349147022608262,10.285297147153615,4.231458200648394,9.514048154284382,32.83857813117055,29.805545332437795,13.789980274121529,32.83611333317814
3041,331834955636644.3,-10.395949434461603,1.5415162796405997,-0.5751139535984157,-3.3226673099337605,-8.01762174692443,-2.8346937429591277,5.125807310573068,-32.02391821984303,8.731611450850052,1020.999683458343,1195.2890188371505,1.0,10.525340523892948,10.509616409949485,10.411845211272885,1.6453049869311758,9.130052855576993,8.678846497620407,4.367563012581969,8.503984189374247,33.586400183183294,32.4315469679804,10.12496612901693,33.192956733015066
3042,331834988969977.6,-6.162044134919515,0.020455737878065643,-1.4070069430472276,-2.241733794990886,-6.397761927482043,-3.6190104984702236,10.47319854970295,-32.569710211185004,5.907597458941483,1021.0085239777119,1283.4104097231868,1.0,6.320670446692442,6.162078087618505,6.3206373459073815,1.4071556328264618,7.684657772235579,6.779139184907106,4.257065585076408,7.350414591625186,34.71849102191742,34.212189510495655,12.024458224734778,33.101143952701406
3043,331835022303310.94,-5.24305527062523,-0.6812242792365388,-0.1308074577987302,-0.8892656098229547,-4.817277126831555,-3.3523530101797077,15.628053508288748,-31.717819270132278,3.303912327229507,1021.0385511141786,1363.5403242765715,1.0,5.288743298787351,5.287125408901546,5.244686755359825,0.6936693085592791,5.935926460660477,4.898668415141841,3.468294109454205,5.868937691060915,35.51298287072954,35.358960896931215,15.973474672842954,31.889432354916472
3044,331835055636644.25,-6.736450246872143,-0.8474433097281313,0.710839261433202,0.6853485873556968,-3.7912008929029146,-2.430482492214099,18.317504050175057,-32.02387117481428,1.7552397418161587,1021.0388190049499,1420.398057649495,1.0,6.826654711304917,6.789545057791923,6.773850779591964,1.1060979245970357,4.5552334782640465,3.852649334748532,2.5252619331763797,4.50338199082724,36.934267912069565,36.892536909912835,18.401408130342375,32.07193775830129
3045,331835088969977.56,-8.677648863169535,-1.3903400707769318,0.07285517482447354,2.3225862523630694,-2.939125375257567,-1.4480930286739249,20.3027989518861,-29.310077240452813,2.718278275322484,1021.0335921858023,1438.7247508178104,1.0,8.78862578457942,8.788323805190357,8.6779546938761,1.3922476033043505,4.016196993530432,3.7460465655339714,2.73703860392212,3.276496816903223,35.758541775415104,35.65507359580144,20.48396158126639,29.435856784258892
3046,331835122303310.9,-14.761070017728972,19.732279174905848,7.982806322281219,1.2495332018588503,-3.5810304463942693,-0.044112593582689257,22.191146099474057,-30.05668822842463,5.60646453654581,1021.0193087405428,1411.819137746084,1.0,25.903228105465413,24.642484239717394,16.781370171930245,21.285864751413694,3.793027577208339,3.7927710556465666,1.2503116185416425,3.581302134547619,37.77941128536108,37.36109570755283,22.888412129454252,30.57510346442454
3047,331835155636644.2,-27.793885695983104,21.67001816256635,2.303603745313677,-1.3683036102940187,-1.3266979222815132,1.9557846485244106,19.511076320876178,-30.636142869402104,0.6162615514876078,1020.9997002579737,1354.5012594809,1.0,35.31849882799031,35.24329396136703,27.889185579661472,21.792115027719973,2.730837918722655,1.9058809372386643,2.386911888056909,2.363307209905186,36.326782508409885,36.32155488292692,19.52080627174239,30.642340449356332
3048,331835188969977.5,-9.57343152353843,15.905146336791555,-2.208038320880905,-4.0488334053779145,-1.6351067502780838,0.03652160592111811,17.563987498107263,-30.235661077288835,-2.6621642745868814,1020.9806136029912,1284.92092860144,1.0,18.694911188799793,18.56405858455077,9.8247658680682,16.05768081701814,4.366687515383729,4.366534785079477,4.04899811956034,1.6355145711683565,35.06816186000108,34.96696809296378,17.764593309686404,30.352632824939022
3049,331835222303310.8,-1.8990920449904787,18.42961475117239,-3.1600064871699596,-2.2283978969306206,-1.7996740068481918,1.8440796380372686,14.983238180820269,-31.49394314975004,-7.1418428718750215,1020.9986451962484,1221.2279576868839,1.0,18.794757020800596,18.52720298566346,3.6867589552752627,18.69856520900968,3.406642544998448,2.8643644527136973,2.892470725602677,2.576714233738132,35.600165745533126,34.8764373395976,16.598293466189297,32.29356553132899
3050,331835255636644.1,0.8527010420885972,13.320482453706898,-0.3783583730587161,-3.6322684937488066,-0.8478749132609911,2.5474721853342523,14.686205852428346,-30.949117991287626,-12.052930218015419,1021.0287163099041,1180.8944155748804,1.0,13.353108511697041,13.347747070824061,0.932874121005947,13.325854864059453,4.516844121094864,3.72991504986609,4.436551469974387,2.684866179828895,36.31536415374205,34.2568613095033,18.998888630134388,33.21326589299812
3051,331835288969977.44,4.444352475827349,6.938020384669891,0.44059508202462444,-3.630929194110374,-0.16692378768777552,2.2763330587274586,10.579846544150284,-28.672992394910732,-15.994774391870974,1021.0588640736612,1173.2292565461437,1.0,8.251213232839879,8.239441473030052,4.46613848371241,6.951996179832037,4.2887297137724305,3.6347641413906135,4.285480020592619,2.2824451242366246,34.49502070767937,30.562618437829855,19.177225053292258,32.832503723070836
3052,331835322303310.75,-2.748729730780419,8.511069035053096,6.034024560194693,-3.4537116859443886,1.0260253939830124,2.2579867436790106,8.396756336104168,-25.381757715873032,-20.376970876798755,1021.0715641361286,1202.1366703996741,1.0,10.789034416728338,8.943925941795126,6.630608382788789,10.433012437089893,4.251982673219279,3.6028950191098863,4.126333547383073,2.480167785398427,33.61487890546522,26.73460569589882,22.039202777818666,32.54926369153663
3053,331835355636644.06,-1.5976904473274394,4.294755170149433,5.359449422090788,-3.553212623758769,0.8981846991616346,1.8354517987099108,7.360306742433356,-23.73762170344414,-23.429225419986384,1021.0888615227487,1271.4243480842752,1.0,7.051328587220703,4.582306923047237,5.592522943487191,6.867941473212666,4.098894852131998,3.6649769035352393,3.999275341236975,2.04343315505928,34.15519584571385,24.852541107068554,24.55814974958916,33.352710353378455
3054,331835388969977.4,1.690126405315361,4.378942576876267,7.981816755334488,-3.3174383875557387,1.0897215570267604,1.7772948821541315,7.484871269698906,-22.378444490081854,-25.988366238268643,1021.0887329284835,1384.867862521796,1.0,9.25964708146387,4.693790084518478,8.15879439511026,9.10409450781999,3.9181204199473645,3.4918319729158283,3.763532191088537,2.0847710114015148,35.10289525742885,23.596992938076646,27.044749539575065,34.29562592416205
3055,331835422303310.7,1.6162342201772164,1.8641051014236003,7.2355753503433045,-3.2376858663858807,1.268626107131982,1.3894690277253763,6.814112721214292,-19.255592794379258,-29.166818424937123,1021.098783226311,1539.754437202318,1.0,7.6446485553046175,2.467205075307958,7.413889917240981,7.4718430443665715,3.744682382806296,3.477358475781831,3.5232419656337814,1.8814984397296082,35.60776998175562,20.425718739872163,29.95221910327624,34.94969457514904
3056,331835455636644.0,-0.5216294737795308,-0.37742867492839144,7.739682200573592,-1.5968446597329193,1.4281471018764702,1.0634468887336734,7.316410156721361,-16.42680465676695,-28.05899867453519,1021.1085076402616,1719.0493284130876,1.0,7.766416823635555,0.6438553506601554,7.757240351683786,7.748879465479759,2.39174335936635,2.142315805831555,1.9185494917970902,1.7805963691290316,33.3268236624873,17.982485056658767,28.997194074581476,32.51380195930872
3057,331835488969977.3,-1.0271565564567777,1.470404358340203,8.568276370410112,0.3601951229077306,1.299903759119618,0.8508776555435053,8.731027609277541,-17.497579508596644,-29.52389587133992,1021.0996733775454,1903.8036415426175,1.0,8.753999059185825,1.7936386393301216,8.62962400983962,8.69352914165209,1.594830114539803,1.34888483924308,0.9239768997489748,1.5536224018971039,35.41266100133327,19.55495159220876,30.7878429016339,34.31946555646494
3058,331835522303310.6,-1.0549337678976534,2.382011109530991,9.443691365005021,0.7068921502504736,1.1549499434620527,0.6412431838435443,9.287538669391148,-17.74046106344123,-27.870741951866037,1021.0888032434648,2075.0684819794224,1.0,9.796436534681895,2.605160682295778,9.502430839112755,9.739470392346776,1.4982652317979426,1.3541070430319522,0.954405224687891,1.3210231613142913,34.31851672532506,20.02454327266693,29.377485111611264,33.03789060595395
3059,331835555636643.94,-1.2267262856333343,1.1285942097641841,9.210141586567145,-0.7212984309629568,1.065369585945189,0.46969316643345976,8.055387573878203,-18.842721849287898,-30.12600721944688,1021.098434111424,2215.1111443043887,1.0,9.359769778941711,1.6669079969143468,9.291478107625144,9.279031896427925,1.369633327486206,1.2865783229817946,0.8607456634244015,1.1643126836255429,36.43506205073882,20.4923750613496,31.184380384281436,35.53342760944681
3060,331835588969977.25,-0.9152533366012535,0.5055200916081646,8.223011367432553,-0.7512097190963378,0.964634467404483,0.21186411012692752,9.876244269855011,-17.476597494279176,-28.166859827100524,1021.1098012282758,2317.641358958837,1.0,8.28921921426284,1.0455808114054383,8.273790220877292,8.238535459166545,1.240855390015051,1.222634736039153,0.7805142171829247,0.9876264763890271,34.58820107167209,20.07415405079101,29.848152261025696,33.148204363080886
3061,331835622303310.56,-0.8395657138223682,1.4368523723282745,8.819070644120568,0.6299313232843976,0.865762554144748,-0.04237267320208814,11.094325329928983,-16.17170816693294,-29.06736187494836,1021.1087628461003,2382.644668000239,1.0,8.974710154299169,1.6641560406678975,8.858943368924718,8.935354036962082,1.0715193491712416,1.0706812187640493,0.6313548253471444,0.8667988484034393,35.064508066304754,19.61143032934491,31.112627354428064,33.26312780550932
3062,331835655636643.9,-2.131614643907578,1.3881915892257308,8.293745439688099,1.4714441000771517,0.7936028228520708,-0.22681207606136305,14.329031804156152,-17.00346729446479,-28.51952604682083,1021.1063364301631,2410.1711113591314,1.0,8.675083302013038,2.5437878996721186,8.56329343234648,8.409119413276528,1.6871268173844844,1.6718113470396814,1.4888221712142535,0.8253781910651873,36.16355096521557,22.23598552973203,31.91683753725939,33.20363332482193
3063,331835688969977.2,-2.5760432761717835,3.7949997254259715,7.353711389383141,2.187466521365236,0.6300373184870756,-0.3171801875194702,11.794705134672487,-20.39795439335468,-26.68940280003862,1021.1086963877153,2400.278933749735,1.0,8.666896392310017,4.5867223457162805,7.79185922351355,8.2752096115039,2.2983820561723407,2.2763911800874888,2.210342293276906,0.7053724505828612,35.60218861909976,23.562504379782023,29.179432671602424,33.591677023573666
3064,331835722303310.5,-2.8049845603465022,2.780080407218983,6.768843030281222,1.761095679177744,0.8972735821418307,-0.42430716427168125,14.455440022203629,-22.133234292685653,-23.43628791481424,1021.0979827711353,2355.046481559837,1.0,7.836709859562991,3.949276573549278,7.327016743011369,7.317518912800264,2.0215326962679647,1.9765014223187778,1.811489597229527,0.9925404026345266,35.32845025919635,26.4355784217112,27.535782855433663,32.23568909579853
3065,331835755636643.8,-3.186241469099728,2.720236154686099,6.780347405994749,2.573687091388549,1.004715026836921,-0.6203635999662307,15.854347087327138,-23.339301024882573,-22.500819718554485,1021.0988942535213,2281.2055417847796,1.0,7.970252843081701,4.189489161780014,7.491678426453615,7.305668736210337,2.8316370752084428,2.7628459112900168,2.647398013246801,1.180806199727532,36.08836629583575,28.214948057643547,27.525392087531266,32.41928223044081
3066,331835788969977.1,-5.376298146728201,2.892424583675559,5.800410804715828,3.2205237038495325,1.0914434475672752,-0.857440204250059,17.70007130601821,-24.86603094868018,-17.587342250309526,1021.0976031811606,2186.140863128773,1.0,8.42113218268351,6.104973524493274,7.908814529749526,6.481580476682739,3.506882580035812,3.400444342478531,3.3327131036020927,1.387967039630957,35.22678848274949,30.522320019599587,24.95209673890456,30.457086245572523
3067,331835822303310.44,-6.252008132932369,6.4682840411699205,4.8238968636066435,2.7863278580329545,1.0785622181966514,-1.1128052444738685,19.0458383553324,-27.147918726085287,-15.434143341770449,1021.1087689463342,2077.2371942960294,1.0,10.207658158569965,8.995904853404463,7.896682002269466,8.068994942864165,3.1882996884076533,2.9877950717831694,3.0003263896748065,1.5497199652355993,36.57822071273971,33.16253081137781,24.514419009060113,31.228548987304055
3068,331835855636643.75,-6.734573298954555,6.498421956088667,5.988980830997409,-0.2692770183604561,1.3242498789602506,-1.4296824879857197,19.74109884774626,-26.465582139654295,-11.676539154713636,1021.1087656420322,1962.1535990596003,1.0,11.110889110796728,9.358630532207524,9.012345361394338,8.837272164725363,1.9672671071810186,1.3513503818563621,1.454820308172159,1.9487508199816816,35.02113059766686,33.017238250757394,22.93583550577675,28.926952909394885
3069,331835888969977.06,-10.090341426207466,1.92091238729776,6.637874087550411,-2.4282303079212118,1.2763138224241635,-1.8769298911049033,22.10217512900981,-23.90788827855753,-15.647337066155934,1021.1099752397807,1851.6528129779235,1.0,12.229728815443362,10.271557549715258,12.077928733835604,6.910229866064311,3.3238750304036984,2.743224271112029,3.069066347349012,2.269767122291193,36.12384841950406,32.55907350299465,27.08034901354333,28.57317411842594
3070,331835922303310.4,-11.872310695791237,-2.1748700246474306,7.957217762458604,-2.8315975546169354,0.9367065052246902,-2.2680883024544167,25.652374815063737,-20.538543303174894,-14.563922974925703,1021.0987544650302,1758.4601941838287,1.0,14.45680239197782,12.069872446778753,14.292273289319153,8.249083230474561,3.7469438661358967,2.9825096459597344,3.627970404929341,2.45390375211841,35.9441782085566,32.86146823665837,29.498342090227464,25.17815746705781
3071,331835955636643.7,-14.899449520522417,-5.723605716433552,8.994273133141524,-3.3616505810719626,0.5169324522377675,-2.9289339838269277,26.21691938920125,-17.558746794327384,-19.553576133561485,1021.0964374266969,1695.3320709631444,1.0,18.320758925474074,15.960991774065498,17.403750894796993,10.660985488722057,4.488492850725541,3.40116359344828,4.458626347972853,2.97420131157809,37.121136712904736,31.55370740891122,32.70579767978243,26.28025739216204
3072,331835988969977.0,-16.975740422891842,-3.5757692982383333,13.086126458821976,-2.5541571259196694,0.2033248412754078,-3.0697764925677244,28.904711068769554,-13.187490883239047,-19.09513354690824,1021.0892038333906,1674.9720584753786,1.0,21.730361126219428,17.34825319678117,21.43414259077523,13.565870107387305,3.998573161677462,2.5622372284716137,3.9934003478498905,3.0765026743692374,37.06772670314195,31.77093385099913,34.64255254947749,23.20633622461274
3073,331836022303310.3,-17.20559768616916,-1.4800400250201238,11.307823211941397,-2.7704992042118923,0.20321953322473646,-3.258591176348325,30.101643943554453,-8.502320325629583,-19.68020418472752,1021.1183683256919,1697.484863470144,1.0,20.641947001348775,17.26913750637162,20.58881875025447,11.404270439979149,4.281983240718951,2.7779424074704657,4.277158203189811,3.2649218418300983,36.95549831590299,31.279360911376408,35.96414054105971,21.43828089358334
3074,331836055636643.6,-13.319293246233256,-0.9628655841739716,7.891745040649425,-1.467244116306197,0.6022250448339681,-2.5573087234678544,30.831942182070613,-5.114448776589951,-20.498539232185454,1021.1301392096154,1734.1317610652256,1.0,15.511618951578082,13.354051172297547,15.481705731790978,7.950267286060355,3.0092039160856507,1.5860265765303014,2.9483271873996517,2.627261485225645,37.37587932959376,31.25325975009499,37.024299714808805,21.12694244186339
3075,331836088969976.94,-10.27279527978038,-3.0222393532092395,4.824776059492247,0.19273405883401137,2.0187836050725534,-1.7724813998812574,33.10424892862481,-2.8666798674091925,-16.509272962235162,1021.1310856109235,1752.15503452596,1.0,11.74490177024117,10.70813959417623,11.349395881919337,5.6931884504499,2.693385225783603,2.02796293396708,1.7829292555678293,2.6864805149181255,37.10343979110502,33.228137934445954,36.99253155530108,16.756310668037823
3076,331836122303310.25,-9.845607833025761,3.626499144528751,4.409423768325022,1.651850072741678,3.280464054347932,0.20961056394841082,35.10297179064644,-3.942453787951495,-13.308368297196354,1021.1222781769593,1718.7969671176825,1.0,11.381147025483662,10.492258557956243,10.787910435779853,5.709160534959356,3.6788571137249035,3.6728807596606723,1.6650961687949013,3.2871539362171105,37.74750636981036,35.323668699684255,37.541061456340586,13.880043537538132
3077,331836155636643.56,-10.144557532096604,5.903340839810766,11.452886027222366,1.88084051123099,5.014815486539823,0.7872796736949056,37.52098397308855,-6.11031445408292,-8.759097751902424,1021.1291590539394,1605.0704205608306,1.0,16.399087747357807,11.737183673820377,15.299694306572377,12.884798462666112,5.413478057343583,5.355925260188691,2.038963048537371,5.076237154492765,39.011305726211276,38.01526247491318,38.52980705552715,10.679781652971972
3078,331836188969976.9,-18.054235617726604,7.9628816937369775,13.439554343601394,0.6684144542444603,5.321093590627529,1.718873362097119,39.375067848429346,-8.038657654275582,-1.5131894748245547,1021.1388247311189,1422.163614047032,1.0,23.87434877778773,19.732280877000495,22.50726648651504,15.621430978724918,5.631637463277208,5.362911045585252,1.8442623234155096,5.591829989828413,40.21573979597761,40.18726147613268,39.40413316462036,8.179838584554295
3079,331836222303310.2,-13.843494343381318,4.044684971619922,11.865449096476874,-1.6434445268595457,5.627793879604764,1.4336559696257705,39.38463806660896,-9.4687226769936,2.8888466881314856,1021.1188686335723,1205.5470554376318,1.0,18.67593891658362,14.422267926885791,18.232696396756964,12.53588284807783,6.035589722920623,5.862846907789886,2.180889578155713,5.807532470039272,40.60975079902762,40.506868859140376,39.49044379119221,9.899603240602175
3080,331836255636643.5,-16.9818882452966,-1.4960324970721686,10.625076534567564,-2.6714138160598253,5.968734297544444,2.2669871044033725,37.55973628527612,-11.60477794203779,10.443092379683957,1021.1288650007575,991.0283715306275,1.0,20.087680129209968,17.04765795081655,20.031894062748062,10.729881853856279,6.921088889968823,6.539284432666825,3.503666980203242,6.384748988504916,40.675088682805686,39.311635184808765,38.98450933730089,15.61182402970966
3081,331836288969976.8,-14.698716915164642,0.5390888702425021,8.309052718167315,-2.926670773159645,5.634503707779845,2.2051696444971483,36.15733495196806,-13.76193301301239,14.892748762216245,1021.1294043553859,814.3589526336275,1.0,16.893290172001727,14.708599381387968,16.884686435508087,8.326522316267639,6.721295039533927,6.349254589906731,3.664447431124992,6.050653286546544,41.45524860349947,38.68777159624797,39.104307135190425,20.27769133676548
3082,331836322303310.1,-14.343162611058247,-1.8793211528423484,4.56621140773134,-3.3553637820210787,5.567822553154425,2.3070740737264877,33.90653820000004,-18.17312863965079,16.054290013872503,1021.1291657335607,697.2351075124101,1.0,15.169325901399699,14.465758247764958,15.05246160291914,4.937826912277963,6.897949323876973,6.500701046280613,4.071984392327619,6.026876368822907,41.68520319143094,38.46967555440724,37.5152443755547,24.2487697090558
3083,331836355636643.44,-13.512614645373434,0.5807881915641225,4.984197631202905,-2.486586499335809,5.119972555790103,2.698877777748675,30.24898556010933,-20.40911206113846,18.615652116466833,1021.0969898739224,628.875932605923,1.0,14.41423933146351,13.525090368563935,14.402533825034027,5.017921975314978,6.299299377704522,5.691856585572316,3.6697484488592322,5.787750878473387,40.964319672870516,36.49017652108318,35.518215483565875,27.623800586548978
3084,331836388969976.75,-12.500832033058632,2.586456627956372,3.9247131970946865,-3.0479024075931562,4.695541605489456,2.266399271437584,25.10013129879469,-22.45377836038383,19.39854151611239,1021.0985267765357,593.92740697473,1.0,13.355296068844504,12.765600628526817,13.102449206090974,4.700333133698998,6.039402761256072,5.598019297492164,3.7981936158896596,5.2138926558239875,38.86505071174242,33.67771895295128,31.722547252215872,29.67280869094763
3085,331836422303310.06,-11.105109895532808,1.682456802805533,4.072195975166682,-1.682965200219465,4.4670640976028535,1.4707447194210006,21.866630626187582,-26.335743306826046,18.438661189908885,1021.0931650294285,577.0355096793955,1.0,11.947255197129214,11.231835410348893,11.828197066840932,4.406068650562578,4.995009864549509,4.773576595933299,2.235052995983429,4.702951379909977,38.880652475767555,34.23040914837504,28.6030376257204,32.14895957879951
3086,331836455636643.4,-6.790244046662887,5.503211638261799,3.655970027569613,-0.36157439382143164,3.857719961457489,1.5877177367075619,17.679391776778353,-26.781434566979968,21.099938067519158,1021.088794730846,563.9141067550922,1.0,9.474115757749018,8.740294763264046,7.71190839259182,6.606924789793469,4.187312617270257,3.8746276393086996,1.628368402335024,4.171672435904257,38.40590472200065,32.09059256327698,27.527591250415686,34.09475947881982
3087,331836488969976.7,-2.5141591305579283,9.296580183024377,0.9425361691561249,1.2060715404292022,3.5224994460924215,2.182398191713411,15.12475630606035,-27.699540953104712,23.747609697696646,1021.0725500621618,551.9015588690638,1.0,9.67655794502037,9.630545116096458,2.6850271067412526,9.344237664441602,4.315723899364816,3.7232527322698203,2.493485598078969,4.143774151050632,39.49647818077674,31.559829250654026,28.155056733593135,36.48579909179544
3088,331836522303310.0,-3.838498128016049,14.268630199404951,-1.8551704357156695,1.4824686654727153,3.547921090038597,2.524162292245525,8.15105584031315,-27.46439427350579,25.831456485893867,1021.0687952395853,545.4771937980597,1.0,14.891928451067281,14.77592215890953,4.263299804650874,14.388727015025493,4.599657887587218,3.8451862640513426,2.92730398518887,4.354209381590974,38.574561673531804,28.648432140738187,27.08696837031659,37.703542234028966
3089,331836555636643.3,-5.183981407828726,18.467601146545743,3.507566902613063,1.0295926027853242,3.477873062733889,2.202591152344117,5.759652300306185,-26.638510346278153,27.93615727233625,1021.0804331135707,549.224229936555,1.0,19.49946104180621,19.181396073920467,6.259128438770089,18.797747675830852,4.24347378365707,3.6270734715746054,2.4313512111776125,4.1166744861446825,39.028357782949264,27.254060763291598,28.523717811062568,38.601024812995234
3090,331836588969976.6,-6.510351341648595,14.110152191921083,1.626370128578127,1.8846855015908397,3.7999844856111347,2.8095385045252916,-3.013528795737998,-24.579603765854706,31.139271187376544,1021.0677463122804,567.7128848017358,1.0,15.624536769645756,15.53966117619303,6.710421327073054,14.203572602493592,5.0877724142498995,4.241688523547201,3.383126667495163,4.725821484069784,39.78558139791525,24.763648299254314,31.284749733435955,39.6712885014767
3091,331836622303309.94,-12.840316818098655,19.63449712082228,4.963915064486562,2.510657808005677,1.0842313932651857,4.13146727486478,-6.61848069339181,-20.27876928415755,30.09211933894074,1021.0585094058747,602.1126354637577,1.0,23.97973448443836,23.46033275929235,13.766415247136191,20.25225740392945,4.954592030260438,2.7347687915144925,4.8345035393697335,4.271367410726964,36.88588370471749,21.331497143165826,30.8113604535381,36.2872447285426
3092,331836655636643.25,-20.069977798132232,16.740109763880863,7.6758054957965145,0.49508547655521207,-1.4879327050883113,5.8797397131241835,-10.240077107984277,-16.444766076327003,32.96271352415608,1021.0401611319498,645.6614473186062,1.0,27.238819242647065,26.1349437291206,21.48771739452147,18.416005672134208,6.08526026214631,1.5681369085533703,5.90054647665668,6.065087207036769,38.23388540755649,19.372390417358904,34.51665774742748,36.837084767672614
3093,331836688969976.56,-21.297471353521363,9.765262157721127,4.4027401008060085,-1.8664881150083776,-4.610359593855555,6.388247702430301,-11.17767631745698,-14.128975016643487,34.91081213121113,1020.9982289434516,690.468677057999,1.0,23.839604683348437,23.429524772455018,21.747790840664905,10.711884306893236,8.09622765093284,4.973850969633437,6.655335197499338,7.878142185329101,39.28527951459036,18.015781495088532,36.656585377235515,37.661555181400225
3094,331836722303309.9,-17.428779382183667,3.516448748974298,3.0489908886719155,-2.2316886505334903,-6.3780005254194565,6.335878301786939,-11.64700380421588,-13.660552466998773,39.183116405466464,1020.978142054598,728.6436813736547,1.0,18.03951518185003,17.77998207414713,17.69346478765634,4.654219294722506,9.262973539324475,6.757168411041037,6.717424215275862,8.990119273808629,43.09965200049045,17.95169605689238,40.87749146975331,41.496111925672764
3095,331836755636643.2,-13.837142857232086,0.5047839101447411,2.0032805204072837,-3.2436500739591234,-7.395609391772748,5.217256956325771,-7.200805836402729,-10.918385357218218,41.39205283854484,1020.9900777234478,753.3103907587885,1.0,13.990513289041015,13.846347144550073,13.981403910011764,2.0658992326307426,9.614368113729677,8.075661216146472,6.143373336419062,9.050679997878996,43.40927068831239,13.079095668366708,42.01373159911483,42.807863494895486
3096,331836788969976.5,-12.129820661502459,-0.5676932328657073,0.6810674375416486,-5.021532746954623,-8.394461312443397,3.5476529305852686,0.37033289452349705,-16.317585770127387,39.392621397067906,1021.0189921710967,768.5867226778978,1.0,12.162182277097026,12.14309782909013,12.148925966302185,0.8866388560857602,10.405220476796098,9.781757094451208,6.148303216711736,9.113332104230548,42.640114591203464,16.321787641622773,39.394362121825225,42.63850637508537
3097,331836822303309.8,-13.242881890828496,-0.20875552218779053,-0.16290216037285815,-5.129667771009944,-8.819269544782568,2.150947779501453,6.027122486494999,-21.20957136131229,36.856692985088536,1021.0295514104181,785.3210298196854,1.0,13.245528934562461,13.244527158131287,13.243883791708814,0.26479422557533516,10.426868326329325,10.202598038953973,5.562379687784749,9.077780106043082,42.948666342447545,22.04931116379403,37.346245102610894,42.52366088576656
3098,331836855636643.1,-11.877016292003935,-0.9871565783184094,-0.7613461258800279,-4.710065262701342,-8.148450358665999,0.3413586926557177,12.8482843724759,-26.39302214597618,30.88067945544724,1021.0382899962123,814.4586236643016,1.0,11.942262852325632,11.917969378658606,11.9013933606078,1.2466459134452883,9.41798724694409,9.411798873039622,4.72241892846849,8.155597403298893,42.6061778729808,29.354216550846616,33.44689484759519,40.62275201938035
3099,331836888969976.44,-10.885151796619441,-0.8642968393283328,-0.44570969951112355,-3.118628528093636,-7.052265402520773,-0.40524097341281007,17.842223668822143,-25.33711039852106,23.13045180926596,1021.0484719658598,866.9185369851564,1.0,10.928503822489091,10.919411095014254,10.894273118096761,0.9724536815248539,7.721690970918451,7.711049941728491,3.144847236794188,7.063898891838986,38.66952171537548,30.98893526397964,29.212373172151764,34.3072436119199
3100,331836922303309.75,-13.84362214285084,-1.2232077106965196,0.036400755279707896,-1.195395843693295,-6.438694704760131,-0.20196120222895728,21.443248400099677,-29.70007315065389,18.345886306442555,1021.0493569162104,946.780890820387,1.0,13.89760541073614,13.897557740032509,13.843669999281802,1.2237492057167405,6.551835548259062,6.5487220680240625,1.2123364014682436,6.441861363636439,40.96924201729251,36.63205218251592,28.22028430610319,34.90939543336591
3101,331836955636643.06,-15.158772652989978,-1.8225055291295824,-2.2409116263966222,-0.5651809162477432,-5.673033537333275,0.41399515100382683,22.307736667863935,-28.82013633648466,14.746857775934364,1021.038257737109,1042.1919595304917,1.0,15.431513200787027,15.267937475269694,15.323513737467538,2.8884617568919713,5.71612901961226,5.701117345205125,0.7005865065395707,5.688119328984121,39.315457366790994,36.444963625943224,26.74144591278484,32.37391037111827
3102,331836988969976.4,-10.044519826295517,10.379465787914862,2.542705473026005,-3.677074219292747,-4.5253877148242605,-0.6650837565012483,24.806127369334256,-29.264793199619458,6.884033576561209,1021.0186627256489,1139.0333598450554,1.0,14.665982398253968,14.443880662181435,10.361357520296272,10.686377363964436,5.868760106430618,5.830952648038715,3.736738045053356,4.573999384853932,38.976428702016165,38.3636817325987,25.74361810909368,30.063566643026828
3103,331837022303309.7,-23.049031492425573,23.300560631090068,3.9148531970529628,-1.7946707547065393,-1.343649419621538,1.6479568623890843,21.784709688684483,-30.32726598075957,2.2411764235194283,1021.0086388781586,1223.1867084936628,1.0,33.007575706440576,32.77459349041465,23.379134464160593,23.627149664688293,2.7824447345712926,2.2419270462368384,2.4365149164522295,2.126300915473765,37.407746655597144,37.34054951507811,21.899690591001576,30.40996438059532
3104,331837055636643.0,-10.175694052654036,13.334536492355914,-6.790263312804613,-3.4788669904285134,-2.3435340303760626,0.014222403950758286,22.70898677716738,-33.014598560162185,-2.1781922276579446,1021.0128186283347,1282.235284843141,1.0,18.095919119415033,16.773628495921514,12.233250807141943,14.963874475656091,4.194623888431233,4.1945997769303105,3.4788960625272036,2.3435771863339196,40.12986817714276,40.07070998290679,22.81321112483274,33.086375435657686
3105,331837088969976.3,-3.0237974386834385,15.656542673104022,1.6641258079840378,-1.9066148564639103,-0.9354219601096968,2.062362559800384,19.67682655334589,-32.33611001176496,-5.867375895581604,1021.0288290267533,1322.4800509285387,1.0,16.032466875989932,15.94586715813586,3.45147296889126,15.744733823711526,2.9603266344122834,2.1237218401533577,2.8086508396301757,2.264586843448902,38.30440723733336,37.852364706890164,20.53298816807992,32.864115849859985
3106,331837122303309.6,1.1472214351063428,11.505843740797976,-0.946945919280459,-5.014839941193933,-0.6140600055915144,1.9407734843078066,15.886095597659379,-30.799855528093552,-13.652512564491452,1021.0606325905253,1361.811077337234,1.0,11.60160608635155,11.562895710367167,1.4875562494270158,11.54474541779514,5.412235309338765,5.052295451204434,5.377287546076203,2.0356009942666353,37.24768762236127,34.655434406300664,20.946578065678644,33.69009052933862
3107,331837155636642.94,-2.071842609458818,7.9210125252444294,2.738805347520554,-4.296566062997815,0.2883071371073944,1.3906263590181673,15.920312290435609,-29.79598597404609,-18.355740139188658,1021.088674051584,1418.2908474304863,1.0,8.633424926126098,8.187488700660799,3.434179163930779,8.381139192060129,4.525200836361601,4.306228156869026,4.516007263512834,1.4201981114278341,38.44724072866567,33.78249729653725,24.297932823234504,34.99619945398319
3108,331837188969976.25,-2.5375347132488804,6.4979356541473265,5.619767380100278,-2.832208632859408,0.6243566589425099,1.269453695287486,13.737592145060674,-27.249481748547495,-20.806816257127167,1021.085685018667,1509.925564363253,1.0,8.957903526652945,6.975833296917446,6.166106374964855,8.590980920237117,3.165871074773618,2.900211540148272,3.1036943187953305,1.414685096424256,36.934797904771415,30.51648232526901,24.932810525528087,34.28495090155846
3109,331837222303309.56,-2.018934225325878,6.299455231906356,6.079559797127395,-3.4428069076724177,0.6488082753497219,1.1020354244486217,13.970563452515842,-24.227754926124806,-24.700682747927463,1021.0926883677179,1642.7315876842024,1.0,8.984446502252226,6.615076086106989,6.406023941029248,8.7546663868842,3.672649405867493,3.5034085661936714,3.6148860950597834,1.2788409810848003,37.31332845184007,27.96713699936295,28.37781477482952,34.59924619083667
3110,331837255636642.9,-0.20021166380688735,4.908348474276173,6.065068045606404,-3.613548974650749,0.7630832840613444,1.422111510320265,14.667726652936633,-22.230321381215628,-27.10662607968139,1021.098998048229,1795.9455959390523,1.0,7.80493560851654,4.912430096729476,6.068371701548959,7.802367278125603,3.957579239686644,3.693241434108164,3.8833152511719757,1.6139074466025713,38.00129696867021,26.633238516511664,30.820632417082734,35.05647395468911
3111,331837288969976.2,0.3214694550082443,2.7525455731124584,5.430401702508077,-2.0371735515527156,0.8347185347429914,1.3265808356494726,11.347756206593434,-22.271878559714416,-30.299974911455955,1021.1212626669167,1945.1763404232183,1.0,6.096647635640993,2.77125418223668,5.439908571024509,6.088166372781186,2.5703400212621372,2.201551977898635,2.4310271065248035,1.567345445572207,39.279722824095984,24.996162615548542,32.35521674412242,37.60485413099653
3112,331837322303309.5,-3.8922348812061114,1.5695408591354674,8.055269929528976,0.24267201592610402,1.2870796556019584,0.9395231399327392,12.452670497130349,-21.383686121357282,-28.98325368880112,1021.0991518637119,2066.0325724321165,1.0,9.082968926322879,4.196778631161435,8.946332545129948,8.206755275141903,1.6118832084388646,1.3097571328983457,0.9703573763221016,1.593511145343367,38.109841629639874,24.745323490446204,31.54517390821462,36.017926460668605
3113,331837355636642.8,-1.974292420783994,2.9011764796617925,8.19220611159313,0.4703887901563002,0.9660863187325068,0.4760040049933657,13.00354995590115,-21.724127830908007,-27.39727193568397,1021.1205915779556,2136.559388920978,1.0,8.91217686672183,3.509224348614365,8.426747387787826,8.69074599450281,1.1752311270199403,1.0745177472461005,0.6692125422273794,1.0769877380972595,37.30469877893488,25.31857107874077,30.326602529354215,34.964957307730955
3114,331837388969976.1,-2.1744089246108005,3.5524830136383656,8.069559467920056,0.5474771972863496,0.9590936814154161,0.1977723326600616,14.510002656619557,-24.681585765783506,-26.994838387917557,1021.1193876160293,2158.7987776073796,1.0,9.081078115505584,4.165115812749535,8.357382615252536,8.816911339493402,1.1219206152153967,1.1043513803493397,0.5821040947410683,0.9792724775550355,39.350249714564974,28.630767593776344,30.64737307967673,36.57734237890328
3115,331837422303309.44,-2.64620253620311,3.1953078129348453,8.111468234937183,0.45672353257998666,0.97950293084583,-0.3513571659455786,15.17613983179686,-22.76096770917488,-27.081024319320978,1021.1257022425503,2148.440935461102,1.0,9.110888914283017,4.14878052950626,8.532192261605614,8.718136781778398,1.1364304795319518,1.0807508393463838,0.5762362738266752,1.0406141694196172,38.493619593849665,27.3564776835826,31.043471107108903,35.37574775523135
3116,331837455636642.75,-4.127009664653176,2.240862129041885,7.383802025180616,0.4780741394692423,1.1247129575144792,-0.3569218774380855,16.660564359376142,-21.85129118549929,-25.435530263470238,1021.1185285277919,2121.3337195375175,1.0,8.75066878590295,4.696133713334285,8.458885335503851,7.71634598941983,1.2731564500186734,1.2221023359891852,0.5966138696201961,1.1799883318893007,37.44355126093549,27.478233772322294,30.406259298980284,33.532747072934384
3117,331837488969976.06,-4.435936003373365,2.31074857232405,6.820332780649714,1.9669283224226606,1.3779288024419545,-0.5477804949846459,19.75173854084036,-22.61102214983787,-24.015843427426177,1021.1287756993088,2093.260812186081,1.0,8.457779048268332,5.001708427179826,8.13599824636345,7.201145617421071,2.463241417488989,2.4015609111882923,2.0417812067491576,1.4828186859102979,38.44671941241315,30.023149369214703,31.094885607063546,32.985133896819455
3118,331837522303309.4,-4.819541794830834,3.882379281892548,7.02091520764398,2.763548938972463,1.5196923240169136,-0.7278327919419058,19.342997094339054,-26.57342685693302,-19.094810872147264,1021.128783606677,2070.37208988625,1.0,9.35917209765459,6.188768213513066,8.515939963682678,8.022849820443794,3.236727988385447,3.153833777765048,2.8577864355339386,1.6849941639963852,38.01197645157973,32.86789545304625,27.180201228737847,32.72245127070774
3119,331837555636642.7,-5.423260155434192,3.1376286987618878,6.231999017803356,3.028436707780317,1.7347440571186494,-0.9307975697950014,23.127006039277,-24.898069455990544,-15.21851077191987,1021.128982415856,2039.006907751237,1.0,8.837096600282035,6.265497950268143,8.261329340452544,6.977286407278707,3.6120838795183094,3.490095390779421,3.168250780630783,1.9686851093165592,37.234061571243146,33.981940365083396,27.68504069810619,29.180763059768854
3120,331837588969976.0,-6.968915916203862,2.77861604998362,5.045387963381457,3.447642369272174,1.7079870273740134,-1.3884116188105469,23.589837274154092,-27.653244487920038,-9.02842404169699,1021.1332768382164,1983.0670555189922,1.0,9.041152354726725,7.502432685492493,8.603588132177993,5.759917261060359,4.0903721609807935,3.847526165223385,3.7167088572618616,2.201114833198405,37.45256725521552,36.34807220926235,25.25852060786146,29.089764031105034
3121,331837622303309.3,-8.433118305124896,5.462675875444345,4.822233835986955,3.7556690365106564,1.540985032617541,-2.0091946305471495,25.965052444092375,-26.299570105035766,-5.7852765686686585,1021.1289873683028,1886.454322927465,1.0,11.145055012754836,10.047801354942994,9.714495535907671,7.286615599103545,4.529519604326231,4.059517801729187,4.259332456527006,2.5320935871667105,37.4074960550709,36.95742599443525,26.601755081205713,26.928364463622323
3122,331837655636642.6,-9.357327380034105,4.605539467921257,4.430938399538739,1.90105715486399,1.3097944425516421,-2.5004210886220832,29.13829713478836,-25.781116625210537,-0.14380072224086976,1021.1268989568405,1736.3061033568736,1.0,11.331539374163745,10.429312992125432,10.353395133850675,6.390947417330809,3.4031875364464974,2.3085882672747724,3.141038670007998,2.8227056350539304,38.90664484385205,38.90637909595189,29.138651968870015,25.78151766460664
3123,331837688969975.94,-11.442644348616708,5.4864987553230655,4.404931461543992,0.41479112742535496,0.8666246044850011,-2.5301505536500386,33.42658560868922,-23.04092591930331,0.13700670431524292,1021.1494213279425,1548.658713299229,1.0,13.432765890239864,12.689987323913742,12.261220610927364,7.035985344858362,2.7064278502530192,0.9607756681398534,2.5639254091190704,2.6744532206105944,40.59851799648455,40.59828681944415,33.426866384572406,23.04133325256701
3124,331837722303309.25,-11.171966132513196,3.0529942656566273,5.563762177695099,-1.2987389033585808,0.5208138080954965,-3.1666603855348803,33.48813727336848,-22.472824008841663,0.4712796718825485,1021.1584012734052,1354.7467132026336,1.0,12.848698409648527,11.581606160293749,12.480716198839408,6.346355139454674,3.4620380932502606,1.399274727063982,3.4226394400247546,3.2092031752475334,40.33243436121196,40.32968084391869,33.49145327645698,22.47776509045105
3125,331837755636642.56,-12.789997535487494,0.08353609433014972,6.934471342734246,-2.9148414518321757,0.2789182065516886,-3.2336536392696384,37.000406777708804,-16.909810586414523,0.7299390847859679,1021.1584017794851,1185.9400870558413,1.0,14.54915489092183,12.79027033478308,14.548915071611995,6.934974483172843,4.362408957677729,2.9281557430002105,4.353483266084858,3.245660368046507,40.687892632229484,40.68134456706583,37.00760614770182,16.925557749625707
3126,331837788969975.9,-14.35344475041505,-4.31417671711613,5.439657562360232,-3.6689889395861273,0.12404059463734149,-3.017464155047266,38.62019094420547,-14.469960124098746,-2.3801155832292413,1021.1386883408201,1073.5337839910374,1.0,15.944383692870263,14.98777825262051,15.349633565624954,6.942765669547674,4.7520475413150525,3.6710851131407076,4.750428377083528,3.0200125821117196,41.31057787963549,41.24195551328644,38.693463256167966,14.66440234658537
3127,331837822303309.2,-14.502568011120358,-7.50023699843443,5.3028083043274465,-3.7768946422346867,0.3523363878260912,-3.4879100557479075,39.60514716026362,-9.855796484735647,-3.4655084789759636,1021.1536570939982,1032.8000293735993,1.0,17.166764688266113,16.327217581384044,15.441640289477528,9.185495683147908,5.153114652878857,3.7932933011734566,5.141055309518509,3.5056607775387665,40.95990911797192,40.81304210585955,39.75647658689074,10.447318955903558
3128,331837855636642.5,-17.39453789862854,-7.102694443433862,13.009458825518454,-4.5010186703598585,0.31573046946688654,-4.053187334878222,40.79317694505205,-4.430468983815072,-4.197726481521656,1021.158265107769,1043.2054294890634,1.0,22.85310123367222,18.78877902003243,21.72132518148201,14.822087818173465,6.065243801521505,4.512078767073754,6.057020442638877,4.065465938975139,41.24722109791812,41.033063993405044,41.00858681890897,6.103274779183348
3129,331837888969975.8,-19.19938435089146,-4.834849108708322,12.540363885199055,-5.318155936807358,-0.4711848415603608,-4.157616153958093,40.373671992824484,2.666965144912417,-5.781098129803838,1021.1376313552548,1079.363039542512,1.0,23.436144131030563,19.798791007463905,22.93201006947408,13.440107599166845,6.766872971082647,5.338988455046106,6.7504484778311316,4.1842307821832145,40.87257257446342,40.46166201811732,40.78546905174196,6.3666159512412195
3130,331837922303309.1,-18.510910383988676,-2.75628280448501,6.541419946485488,-5.020964463221533,-0.7731788564744426,-2.792788590401334,38.6342344420807,8.390158382561388,-4.150532704221007,1021.1191014898859,1115.8859147390285,1.0,19.825263505402337,18.71499126749354,19.632727221665817,7.098399102232697,5.79720258363536,5.080146620426681,5.745411408385771,2.8978394805052603,39.75205341034508,39.53477998686877,38.85654375590375,9.360645245562578
3131,331837955636642.44,-15.520081901405472,-5.378995537824779,1.478658496300224,-3.218985136613878,-0.09312702726780273,-1.6351724675244053,40.71027336566968,10.503293767387184,-2.991875383987693,1021.1089175860732,1129.1522844288052,1.0,16.49220925682649,16.425788724510998,15.590361547283454,5.578532418532649,3.6116930865590806,3.2203319631598237,3.6104922529055394,1.6378222253216588,42.14969579706241,42.04337685618971,40.82006462293838,10.921103345236963
3132,331837988969975.75,-8.520999247996807,-4.0849036237338705,-4.049763162931484,0.4834678257071973,0.9147430905578675,0.7270288692363818,41.84990510464281,10.786065715611436,-0.975160158153204,1021.0870480317278,1113.3844787410617,1.0,10.28078048960258,9.44954315295487,9.434405644246963,5.75213171711418,1.264542224253716,1.0346477952508302,0.87310487067544,1.1684716078820618,43.228517303085304,43.21751694497379,41.86126484713114,10.83005775402596
3133,331838022303309.06,-4.795563804545898,-0.24948636019370196,-3.493900549468184,3.416456423643409,3.8804460424162115,2.5033034366164824,42.290773218165846,7.747187184128372,1.6506865466577758,1021.1197652396389,1073.1619774969845,1.0,5.9386039350143145,4.802049109223418,5.933361041858553,3.502796667449708,5.744263580175778,5.170109861768698,4.235410557482026,4.617833862741223,43.02619172935915,42.99451603002709,42.3229756215894,7.921090539896629
3134,331838055636642.4,-19.02680224632581,7.668063944788044,9.812164868182776,5.196641672308246,6.164422436996494,2.1348281931223965,41.05697230630176,4.168779292511777,9.03392395608041,1021.1096674505628,1013.1916858374631,1.0,22.739766660688225,20.51385893444106,21.407890674262823,12.45302308926466,8.340424453603465,8.062579528421189,5.618058034990461,6.523618274845336,42.24530125107819,41.26807114162358,42.03910985028909,9.949397109067387
3135,331838088969975.7,-17.140071456529622,6.200512939775005,14.048088381795013,1.640815604578734,6.151402372368069,1.4785325249727999,41.73824685525096,3.1274799571093324,16.905238929292572,1021.0985305654418,938.1825088924769,1.0,23.01254434941914,18.227133901172138,22.161471898717952,15.355622680277127,6.535907390898912,6.366476811785667,2.208695152263327,6.32659541729815,45.14033102103324,41.85525512324572,45.03185931988968,17.192098014453897
3136,331838122303309.0,-15.54327019532158,-1.9980661613894832,9.325902719658396,-1.4098699703120339,6.141721891063402,1.9953629233819996,39.52278937703302,-0.11514605738668005,25.42078080425901,1021.1087469983488,853.2785253354023,1.0,18.236172248764095,15.67116832753901,18.12638159979272,9.537543180600629,6.609837692134553,6.301466584879671,2.44319596618757,6.457725681939034,46.992342306529366,39.5229571104674,46.992201234242025,25.42104158591294
3137,331838155636642.3,-13.723054224564528,-2.5617045164865058,6.128076095152296,-2.753481115501568,5.523644713552706,1.9143877295011043,36.581898073027446,-3.0631338213215633,30.05471506092595,1021.1197649680588,764.6002900865009,1.0,15.24591302310566,13.960105561209977,15.029156126619863,6.641961055122528,6.461980312090629,6.171896724264148,3.3535859363207248,5.845984202888607,47.44369244510952,36.70991767128732,47.34470576546884,30.21040691882142
3138,331838188969975.6,-10.067988755726018,-1.126152718693815,0.6897565858821506,-4.595772257255204,5.609382783897697,1.9206244486610957,30.437413787863825,-7.900284971520669,33.348487103910735,1021.1185534533354,678.4013456188361,1.0,10.154229743265356,10.130775761571618,10.091588662504696,1.3205998991326902,7.501672888738831,7.251641045780222,4.980955823268395,5.929078637451406,45.83636387023494,31.44599594105549,45.15039036612357,34.27150558045176
3139,331838222303308.94,-10.595585261413614,-0.11320041087891089,-1.3002686428350636,-5.426344638791737,5.44896546724233,2.1482744300758143,24.398223918564156,-13.48161403047628,31.998197164396572,1021.0997970279307,600.9352344054709,1.0,10.675670466460113,10.596189945678992,10.67507028433188,1.30518691250077,7.984455136642752,7.690022158755022,5.836120215165328,5.857158670389338,42.437151989957194,27.875208470021008,40.23876181186485,34.72230606740185
3140,331838255636642.25,-10.202642319398823,3.421052638635456,0.4833310767443152,-5.35002288244776,5.053799413254836,1.3128841339281292,19.27584146031462,-22.40399609602974,30.91790883253737,1021.0889759535592,538.4332309949676,1.0,10.771774244925913,10.760925213656233,10.214084355796883,3.455026785143848,7.475780768672244,7.359594645911524,5.508757536126895,5.221547017746286,42.77165172928434,29.55498443704716,36.434532391404126,38.18188219100792
3141,331838288969975.56,-10.616970304334693,5.554455617961205,2.7413588415760755,-3.636932428611558,3.6788656151906376,2.093872229173567,14.050239479342485,-24.620853716414363,29.033180182646696,1021.079895246102,496.90462797252974,1.0,12.291748612516969,11.982154883618618,10.965177004563676,6.194112164805229,5.580827054928565,5.173135384360084,4.196615112491334,4.233007574613619,40.577348590931585,28.34776300084275,32.254221133750896,38.067203591058586
3142,331838322303308.9,-4.867725200228868,9.27618083421616,1.582363505376637,-2.0015234926167604,2.0551828125676908,1.8105246626529161,11.945320430346452,-26.18010009657813,26.508680331848588,1021.0786638804041,482.23127058802964,1.0,10.594628533231838,10.475794933751919,5.118459034523087,9.410175616439208,3.3923254912588936,2.86877546778594,2.6989064166012224,2.7389370104381916,39.12541954007188,28.776523786769356,29.07577708539857,37.25731839522252
3143,331838355636642.2,-8.739963406444119,10.837203346474684,4.445399711219124,-4.726104835402206,1.3451393309858006,2.6992888628171987,7.791383740165311,-28.974088549539395,20.602518495935218,1021.0715467438995,500.2934878847641,1.0,14.614838873943546,13.922353849792225,9.805536137228263,11.713520178210697,5.606391629194843,4.913803693166531,5.442630547827133,3.015884643797553,36.39597829758688,30.003390939409872,22.026561896080494,35.552237280541185
3144,331838388969975.5,-7.736458109050245,2.2754981020587834,2.7545471616859314,-3.2398844718140385,-0.891490473436673,1.3870099177065933,5.197316951430305,-32.03718382392605,16.915884609390094,1021.066378413555,556.9407810143458,1.0,8.52163163669461,8.064159949155425,8.212205193432597,3.5728730285898975,3.6352995979350213,3.3602985960967926,3.524293958017433,1.648803134411381,36.5997322801664,32.4560202560581,17.69630627028775,36.228832433384184
3145,331838422303308.8,-8.241378331363341,8.502818402604634,5.932101030837652,1.0053271877913783,-3.264347589810565,2.7281422767902006,3.8443769932303216,-28.563903634617787,15.312798629218975,1021.0588827574318,651.7949250582748,1.0,13.244170801843442,11.841378196322301,10.154316296074805,10.367629595415586,4.371430912644576,3.41564751425181,2.9074805307899383,4.254259685246314,32.636752705697,28.82144731469622,15.788002923900448,32.40954169232792
3146,331838455636642.1,-11.342066813411446,7.225102072978685,6.6862914888621185,1.064248087152579,-3.8751548160028615,2.8008146957834037,2.5565097949734508,-29.034117858060455,20.32492479158657,1021.0581343873217,770.7310090566039,1.0,15.018357880902965,13.447846651596313,13.16620573566733,9.844216263318827,4.898368279245077,4.018637684464488,2.9961954127066215,4.781358364325608,35.533340821138545,29.146453337027822,20.485075301678673,35.441255163712746
3147,331838488969975.44,-13.982635284966431,9.79310620228321,4.813610983243055,1.3836367114870272,-5.62680426975977,3.896479342164346,0.47825805447375946,-28.99866004718418,22.48291332955611,1021.0288598803543,897.7868579478038,1.0,17.736681462426514,17.07099934396303,14.787999871868625,10.912184922699765,6.982687742085773,5.794426359835925,4.134852090859857,6.844229507702111,36.69649039190474,29.002603595174435,22.48799952310122,36.69337373854423
3148,331838522303308.75,-14.434297018371284,9.458645043353856,3.4161743621923755,0.9570645414319455,-7.153173107549369,5.1642292644377426,-1.0987415563825917,-24.416051125536942,25.891583601184152,1021.023118625704,1017.0002966703472,1.0,17.59218985071572,17.257314289040593,14.833043439815803,10.056650204171515,8.874295574224977,7.216914717733184,5.252164928116931,8.822536449470904,35.60512444788901,24.440760740462963,25.914886347133187,35.588167330475756
3149,331838555636642.06,-15.272283916736715,9.115716262810041,1.633939943807766,-1.0155075140216498,-8.120362211694907,5.618458540655563,-1.321469864111638,-25.888631289973375,27.10118567561387,1021.0187482217827,1113.388500381586,1.0,17.86081461628906,17.78591968433104,15.359440607437024,9.260995773891164,9.926661792023665,8.183613991395063,5.70949488870074,9.874581450481234,37.502556948747404,25.9223361730756,27.133384374711785,37.4792675367634
3150,331838588969975.4,-13.938709818814894,5.150108240477307,0.582519773108309,-2.634833377822484,-8.692534699116138,4.153190566107049,-0.3129483047733773,-25.760224896079453,27.524999426360438,1021.0358279040455,1182.1316616564818,1.0,14.871132290038346,14.859718917320038,13.950876700021004,5.1829474408578005,9.98756718638859,9.083089035357164,4.918469152824691,9.633750638963969,37.700301282074584,25.762125753478735,27.526778417798965,37.6990023756297
3151,331838622303308.7,-12.370851724463485,3.963076559110905,1.8398086962685047,-2.7599976303924323,-8.705271219109045,2.392728074478022,5.212618834209902,-26.408314695425467,23.450291166095575,1021.0283617189199,1224.4296208462742,1.0,13.119788269667339,12.990148120865886,12.506912825614737,4.369310226138623,9.440576336030308,9.132323577163707,3.6527708055895247,9.028116893164576,35.699952884255254,26.91784687086589,24.022646625328775,35.3173504219567
3152,331838655636642.0,-10.552370578530132,3.895082963968998,3.0982077618568757,-1.716058150466516,-8.745256193643236,0.8104735338361735,8.693350889373534,-28.53072383926619,23.678332441701446,1021.0492772437983,1241.5609570832687,1.0,11.667179927405767,11.248297476633068,10.997791422020084,4.97700337872416,8.948811586869333,8.912034642450507,1.8978205723490973,8.78273153645859,38.0820164867615,29.825769939403806,25.223754219098765,37.076483517348336
3153,331838688969975.3,-7.109542975546735,3.966232386427974,1.545883878405483,-0.7554617312163917,-8.22102221414168,-0.4149309773099433,11.501547086808118,-28.968633894170313,18.371277983452067,1021.0380343757996,1234.8207347657626,1.0,8.286516616154827,8.14104419987363,7.275668923656429,4.256848166033658,8.266081078036606,8.255660401975328,0.8619107513332528,8.231486740640621,36.179706878715976,31.168370747996075,21.674626643504958,34.302851258164296
3154,331838722303308.6,-5.554603494722244,1.568176427040628,0.8389577312222483,-0.8935048168436476,-6.418801827542609,-0.8320551042090267,16.375205909268693,-29.893315815149137,17.38765208789968,1021.0496567294442,1209.0160138046715,1.0,5.832379219896805,5.771723944360686,5.617603586793763,1.7784901970782667,6.5338873157889275,6.480691919771155,1.220928562268528,6.472505897850124,38.26340476388681,34.08456687410292,23.88467738322606,34.58237666144546
3155,331838755636641.94,-4.485933575620927,0.4046585321319768,0.4631286709794535,-1.2269452527832736,-4.90034271063041,-1.316240155880399,19.171256395924672,-29.44143737280572,12.512830269980764,1021.0586239754196,1176.7980037108905,1.0,4.527895398349387,4.504147929687741,4.509776957984325,0.6150095068455455,5.220272165597121,5.051608984764756,1.7994117931367095,5.07403654200289,37.29485524493252,35.133108407528134,22.8934050146244,31.990141543015845
3156,331838788969975.25,-4.466293248261781,-0.20832498375559663,0.9481456177799108,-0.9370987495085594,-3.592768977717612,-1.3060752180453599,20.955680385427314,-27.870592901239775,9.91143748051805,1021.0697923653755,1151.8805856027654,1.0,4.570574886252362,4.471149145166771,4.565824732946286,0.9707622836575484,3.9359846885846492,3.7129695653991783,1.6074783175902374,3.822802820240967,36.251166629682935,34.86990807390836,23.18139627689413,29.580509488459708
3157,331838822303308.56,-6.393973863491277,0.19499921858382419,0.7002159541598074,-0.3608336349117678,-2.524233910519215,-0.660347034724321,22.234306146838613,-28.25790552347561,6.701085731577746,1021.067203688001,1147.9776405986433,1.0,6.435155697006701,6.396946651509443,6.432200568193555,0.7268611130802305,2.6340113806451124,2.549893673684996,0.7525019058798739,2.609178997555425,36.575649609910876,35.95655148098909,23.2221644084547,29.041586984110015
3158,331838855636641.9,-8.870992441927736,0.746339047974334,1.1280546872261692,0.132621332806911,-1.7212043892730584,-0.05481301712733638,22.722383437729782,-27.556641019507836,6.498989807181119,1021.0588200956947,1176.802240997543,1.0,8.973518610703563,8.902332777383144,8.942427762197017,1.3526009581188998,1.7271761445825162,1.7263061627557041,0.1435022116975314,1.7220769484838485,36.303058299309754,35.716595209639436,23.633526558790603,28.312635567743705
3159,331838888969975.2,-16.875695362851804,5.474604816982804,3.6078647802377093,0.7658676128091664,-1.5507331580727564,1.2666684166956381,22.578021015813142,-27.734886235991826,6.753508513693849,1021.0482300083838,1229.2644477569509,1.0,18.10461488555857,17.74148787114286,17.25705021874415,6.556522414711249,2.143775969113972,1.7295451794897743,1.4802033908231145,2.0023042239880877,36.39506593974579,35.76298292248437,23.56643609532496,28.545293688591542
3160,331838922303308.5,-20.514976384602523,20.579803068370637,-0.27926720791835574,-2.418225905489017,-1.323590046370004,0.6602355222557553,22.816023618763115,-29.632419167507184,3.5409631330958393,1021.0179037042823,1283.934244908017,1.0,29.05977530138757,29.058433378172964,20.51687710725533,20.581697804271055,2.8347165794266376,2.7567566343128527,2.5067364190968515,1.4791218866942912,37.565803856709195,37.39854541945186,23.089160956645873,29.84323517363342
3161,331838955636641.8,-4.454612912280404,23.972162000675066,-2.413576493423754,-0.8462042138734975,-2.1961248045536794,0.8331755054320226,21.525750390094853,-28.49612003029001,-0.04199471491945894,1021.0187934795697,1319.219490377542,1.0,24.501703587189045,24.38253734099191,5.06645119268537,24.0933580572783,2.496639171287094,2.3535134859934836,1.1875365234085098,2.34886048543285,35.712582519238865,35.7125578282677,21.525791353925875,28.49615097406625
3162,331838988969975.1,-4.344544426887248,8.279967607831606,-5.471799347240085,-5.081334081805256,-0.8545892433648832,2.7706706588550625,17.54370002143729,-28.698982443623223,-5.6213144449340335,1021.028852872732,1313.6066158129213,1.0,10.833905942013468,9.350557730100258,6.986820047321533,9.924638617259456,5.850375605517219,5.152696267566198,5.787622305468456,2.8994721372545227,34.102964384792074,33.63648322493855,18.422285051833356,29.244328841473145
3163,331839022303308.44,0.8071167813995259,13.036800215239872,0.7677073381432654,-2.951374842436434,-0.3060890388913772,2.8776697486250598,15.66500721810581,-28.952091608388997,-11.778180845297637,1021.0594178768125,1262.0506279579,1.0,13.084302499863494,13.061760882472742,1.1139174367320712,13.059384916952151,4.1334352713509315,2.9672047385201,4.122086442897395,2.8939028459644707,34.96200228345614,32.918324071007255,19.598928418866254,31.256185828169833
3164,331839055636641.75,3.1293984806145225,9.407573238165654,3.27741865831436,-2.9133069312371593,0.03991349801958135,1.922147235770294,12.058809666610339,-28.857544752236485,-13.64615070395385,1021.0688495833282,1196.157688366572,1.0,10.442080355168226,9.914412190438881,4.531512762018836,9.962123633709718,3.4905014480584327,2.913580334042402,3.4902732373804,1.9225615941507677,34.123162349610666,31.275753863062462,18.210774821806872,31.92139279797095
3165,331839088969975.06,0.26749414661463283,7.896411320018621,4.928637024926601,-2.7549147505466656,0.6287950168379534,1.878185650888802,10.101775319052422,-27.37736862832941,-17.0370664413439,1021.0785002734382,1152.4788095307233,1.0,9.312160210008667,7.90094075749156,4.935890602712993,9.308317498796201,3.3930104325192447,2.8257633404055333,3.334237037462122,1.98064749827041,33.79094272929979,29.18160683732224,19.80675383608791,32.24565003125541
3166,331839122303308.4,0.3000949694828177,9.239034035865135,6.506591660490697,-2.8946500381834515,0.8274639628653192,2.073109795556811,9.99796659452885,-27.2999804813326,-20.623978174905528,1021.088583857895,1167.5650039421382,1.0,11.304226729102277,9.24390647435289,6.51350842688301,11.300242694395616,3.6553357818167456,3.0105971921524532,3.560447032043738,2.23214713544479,35.64543092831724,29.073153772964773,22.919594494325032,34.21457891075266
3167,331839155636641.7,2.3993473268268035,3.937946995985552,5.332134565469383,-3.2632631728686228,0.9895907372946214,1.347269431116835,8.323767852884702,-24.172858120976784,-22.892673158026035,1021.0918952640362,1273.385600636979,1.0,7.049535669972593,4.611322384950174,5.847095571223742,6.628656392321524,3.6665121413629307,3.410011196864301,3.5304421048110206,1.6716532975952856,34.31743966740228,25.565840119299622,24.35897361525979,33.292665169029036
3168,331839188969975.0,2.268322098040427,1.8292377682664418,5.019528920662069,-2.187712483378606,1.3080158827060342,1.3675494054662698,9.397962848567673,-23.026328996373927,-24.717949616387145,1021.1088986677128,1454.6378553905142,1.0,5.804056041999752,2.9139999919888324,5.508262496089074,5.342450879345106,2.892608310112688,2.5489196651408674,2.579976218169798,1.8923786422918627,35.06437745049186,24.870334391646384,26.444257201542108,33.781486946070096
3169,331839222303308.3,-0.6606287298976009,0.7028375955398657,5.164229719776954,0.20937538465731195,1.3547348835071005,1.0634535463098163,9.05434817101559,-22.542671473933364,-25.69347706697439,1021.1187726446403,1668.1435291283137,1.0,5.253539721282969,0.9645781484516313,5.206313371032681,5.211837419215206,1.734957665607527,1.3708189728375495,1.083868763669902,1.7222775762779707,35.35969487672088,24.293070163807258,27.242172905132076,34.180795791976934
3170,331839255636641.6,-0.8400077003699427,4.559679187383001,6.163744197431389,1.9162624071525844,1.2387017336634207,1.0196880029491158,9.818764690026862,-24.633166034989614,-23.865800755167616,1021.1294137998283,1870.364580186329,1.0,7.712848355821838,4.636408872018785,6.220719851275246,7.6669692071393385,2.49924132916478,2.281763265119101,2.1706739129644905,1.6044144129055684,35.67600670802218,26.517937494184654,25.806677153858406,34.29824069238428
3171,331839288969974.94,1.4143045726359786,6.2035434333208865,5.5449371159575875,1.086361771996857,1.2827459318566996,0.5803317782758046,9.560252192435254,-26.599120925183453,-22.377124536797226,1021.1286121467972,2017.8707617817759,1.0,8.439818491721358,6.362720216485849,5.722463197269431,8.320473469041454,1.7783149322400185,1.6809577702461962,1.231652090702934,1.4079140948835163,36.05062216537778,28.265025313547756,24.333806206968433,34.759875381362704
3172,331839322303308.25,-0.8805520288015363,4.825701794878534,3.183882777595693,-0.12016898475546116,1.6063673905252611,0.3139000935208555,10.070843211753408,-25.45402190772183,-20.07182935041163,1021.1281318807762,2086.461457192788,1.0,5.84806628125835,4.9053817067095205,3.303404519113117,5.78139320186444,1.6411550953375786,1.6108559147981223,0.3361158336192452,1.6367496638323586,33.94418135331221,27.373876493374162,22.456629677397398,32.41582275295243
3173,331839355636641.56,-1.5718884390929069,5.996096195123853,5.294341193761372,1.327878090022484,1.7924113560050405,0.12163057460874245,11.47964493700556,-26.581645474185784,-21.737879841697065,1021.1388940658733,2093.1840943373613,1.0,8.151935446388867,6.198709772697273,5.522760355194902,7.998951072305501,2.234008211215268,2.230694665591324,1.3334369946275726,1.7965334580284,36.20637435600364,28.95455273346523,24.58287346694395,34.33830654134477
3174,331839388969974.9,-3.496470996570014,8.048284535955656,7.681129460721031,1.417037881570004,1.8327790598228448,0.03257616626176198,12.941153506369576,-26.877614153115122,-18.852065605000266,1021.149164653052,2060.419313243424,1.0,11.661901354149537,8.774975407461735,8.439494014584753,11.125404880904762,2.3169239621830124,2.316694938901002,1.4174122775017572,1.8330685444721988,35.28852468174874,29.830849747185475,22.866434607315927,32.82996375476172
3175,331839422303308.2,-3.689510649883944,6.663931543682784,7.583045780129822,0.043268217536029586,1.4950397160810256,-0.06332501455682932,12.842516035017033,-27.846060592753602,-17.98097466481561,1021.1487916848655,2010.5477539389071,1.0,10.748165227518701,7.6171170697644826,8.432975283916807,10.095076370312169,1.4970056609034588,1.4956657017222728,0.07669547651177235,1.496380235811826,35.547837607113536,30.66485461640043,22.096281768804687,33.14692354400398
3176,331839455636641.5,-4.138896281317674,-1.6244553076941117,6.55166189212697,0.1529129286833468,1.449348853423871,-0.8359195059213566,15.584561106328685,-27.092276552860483,-16.087029106705458,1021.1388087594843,1963.9970443442237,1.0,7.917928455281065,4.4462700631204175,7.749499079053692,6.750046562464907,1.6801059142385675,1.4573930364454222,0.8497904354241245,1.6731328456822832,35.15199139698284,31.254919511871513,22.39801442889261,31.508474325118673
3177,331839488969974.8,-5.220434706122804,2.520976198399988,8.280812518283975,1.707565585167592,1.1455875878915291,-1.5263161238670067,16.934097062518365,-27.50371816610315,-16.390913243294495,1021.137604136627,1922.945527455121,1.0,10.108418050157963,5.797263105448185,9.78901396892762,8.656048576334808,2.5608186306640843,2.05624685998055,2.290288439831355,1.9084055731179197,36.21988670927109,32.29888784901464,23.56747080770442,32.01744133920822
3178,331839522303308.1,-6.073517408468025,1.042010914521061,5.745183526820245,0.02737027431708666,0.9668152905155273,-2.567726346106889,19.947502872613846,-25.834278312136856,-14.61918656020072,1021.1391355440151,1879.617156229871,1.0,8.424994612092751,6.162256117441498,8.360307857238922,5.838914325696836,2.7438475771045026,0.9672026353824807,2.567872216526287,2.74371106249657,35.76357675686026,32.63912999394871,24.731022755537044,29.683843275271787
3179,331839555636641.44,-7.081625734098633,2.2939444174413723,4.735772297304749,2.175191394195834,0.8160813811527865,-2.3466176755923356,22.122174361301386,-27.159899443409174,-12.280531677305333,1021.1487637736536,1826.1354220790781,1.0,8.82264944787435,7.44389709951437,8.519211365482553,5.2621022645164865,3.3021297578154365,2.323240500259897,3.1996987540682627,2.484472446228095,37.11956619527252,35.02928398137647,25.3022144633453,29.807240664868623
3180,331839588969974.75,-6.43237603726538,2.673656615253274,10.28585713064065,1.2038933341115996,0.9394669995289211,-2.7456186988642997,24.459198093546757,-25.068457741676838,-7.320240310933881,1021.1485430682789,1754.6868488242235,1.0,12.422671133577696,6.965909932024205,12.131542292583287,10.627666564596327,3.141716002867781,1.5270747863553433,2.9979628415761983,2.9018994267129874,35.78080299735348,35.02399099082797,25.531123939011824,26.115388026143872
3181,331839622303308.06,-6.868064374465195,4.062401258149553,11.376707430736651,-1.7969295181801208,1.1056183255782936,-2.375811631857915,25.9529181521129,-22.47077782378164,-9.589930315382627,1021.1332814737043,1665.733986351682,1.0,13.89614637943166,7.9795621580393155,13.289085002978066,12.080255624232196,3.177393347578005,2.109821692741259,2.978831415736448,2.6204718643644926,35.643464759615085,34.32913946803834,27.668045179668294,24.43159060437227
3182,331839655636641.4,-9.400006321848354,0.09092969886350592,10.687090148777914,-4.75920417702374,0.9452039227079485,-2.1689310671837236,29.189971611950966,-18.837289510885228,-11.218447673029406,1021.1487527989573,1576.1741775591793,1.0,14.233140303848282,9.400446109676095,14.232849844598759,10.68747697346017,5.314856237782678,4.8521577523925075,5.230132538740767,2.3659400731415876,36.50686903879746,34.74043636489631,31.27152076409144,21.924804316330977
3183,331839688969974.7,-9.61554028684373,-4.151859584784608,11.539481945990332,-5.3015953577875194,0.6564799483844503,-2.6877097939248884,30.74678449166803,-13.5328273085651,-13.971218892082238,1021.159606076847,1504.844470646167,1.0,15.583844089361246,10.473612224045848,15.020594481902226,12.263669173359359,5.98010561752088,5.342085665762486,5.943963094945488,2.76672186151601,36.38264873357902,33.593186385642596,33.77217366275901,19.450767910134577
3184,331839722303308.0,-12.316990997336674,-5.408750600139118,13.791985500140429,-4.533574863360593,0.417424029270648,-3.1482431329124703,33.594448876697626,-10.145239052635414,-15.162787206146918,1021.1587522017693,1470.5819138120976,1.0,19.266076775489655,13.452243317862562,18.491271758982844,14.814636245638605,5.535248746518812,4.552751240942948,5.5194869205049795,3.175795592311172,38.228562445154296,35.092917672433124,36.85779579936845,18.243793226574656
3185,331839755636641.3,-13.742786275124287,-5.67226382455719,11.67875742017756,-5.2726684239419646,0.4400898201549895,-3.7502031139451635,33.32270888952732,-2.861702169844908,-14.922909444285695,1021.1589925560587,1488.628601400645,1.0,18.90587544596856,14.867372044148373,18.034898100158394,12.983372126482879,6.485270599942819,5.291002868893448,6.470321143859757,3.7759372936594233,36.62356472720029,33.44536241461704,36.51158931104663,15.194820354030062
3186,331839788969974.6,-17.04110342903205,-6.972256350294285,13.21948081607908,-4.715461425498936,0.6546596303914816,-4.272982470248549,34.402685518542924,2.703560183208877,-14.723985114185945,1021.1590784482588,1543.2570270101253,1.0,22.666412105577486,18.412266690801186,21.567426344505055,14.945468599575651,6.397072367738555,4.760688572783644,6.3634861236919384,4.322841475547733,37.518658640665244,34.508752636860045,37.421123827733076,14.970136115179505
3187,331839822303307.94,-17.745724619363195,-6.816525687141628,11.084281123594378,-4.954875582901644,0.5448236624414072,-4.2318158076967345,33.299197437011735,9.742599572235514,-11.926795006078938,1021.1372675475316,1602.9281887432212,1.0,22.0053869026792,19.009885973086075,20.92300242061697,13.012544350369467,6.538798811361529,4.984739197309221,6.516061469346869,4.266743237344853,36.68791675049214,34.69516964036943,35.37067979366694,15.400217061520696
3188,331839855636641.25,-15.536814111762675,-6.96738435554758,6.8113179674297175,-3.5764063088736044,0.639729331049245,-3.7576284663880255,32.83743500649349,15.786890711962453,-9.025759985082955,1021.1488242633711,1635.9763737806472,1.0,18.33933177503553,17.02753762296231,16.96427555767999,9.74363880751745,5.226825747484343,3.6331715763442323,5.187528677275967,3.811695857281158,37.5364809147775,36.43518980542205,34.05527097402118,18.18489102688743
3189,331839888969974.56,-14.303862860077793,-6.913013894089446,1.9727214715941073,-1.620991523807844,1.1320640930107546,-2.1343493882279785,30.12935039645132,18.795041339610087,-5.741809243920229,1021.1488444808758,1610.842426414773,1.0,16.008806445962016,15.886794951146898,14.439256307871306,7.188977055490033,2.9094037090046965,1.9771653018756774,2.6801232865832914,2.4159918091155457,35.97220743384205,35.511003002869316,30.671585037387764,19.65253043125032
3190,331839922303307.9,-7.546063128537497,-4.636938566278069,-1.2759350021553701,2.022253433490081,2.1418694076364604,-0.25862680344302924,33.366868881240016,19.926066404555566,-6.316905612510027,1021.1425385678793,1513.285766961663,1.0,8.948311468485842,8.85687687660329,7.653174430888032,4.809283667778616,2.9570257577658237,2.945694062293534,2.0387243003215465,2.1574272601476325,39.373841034549606,38.863814291659814,33.95955293367721,20.903382952912636
3191,331839955636641.2,-7.1934063563071335,0.04970783945651126,-0.2792827512577447,3.6449191880728766,3.8540532192774926,1.0214460473561526,32.69069530117554,15.088133798720229,-4.8740013503597535,1021.1381162692311,1365.391253979687,1.0,7.198997480997851,7.193578099684698,7.198825866911212,0.28367186052467314,5.4020842396490405,5.304635906884189,3.785338546978506,3.987114024539894,36.33303221540548,36.004629435704295,33.052041516941266,15.855840270745427
3192,331839988969974.5,-12.456388058033227,7.584074914741902,9.909624067784936,4.708753260188486,5.616700733009677,2.228053400814956,36.207491631221394,13.712564540871254,0.8466163465557681,1021.1487285188996,1193.819010510557,1.0,17.63180208967741,14.5835453770587,15.917356960787655,12.47873557205376,7.660542170526197,7.329371350226916,5.209278186295946,6.042478719952147,38.72639456172989,38.71713931209958,36.21738821979331,13.738674809668328
3193,331840022303307.8,-16.508704896753777,1.292574727090404,15.980508751537974,1.8190451067001212,6.161523206358584,3.1656782136938415,36.473186278847336,10.289342190540408,5.327223592253278,1021.1458760543904,1025.2291595959857,1.0,23.01270837496527,16.559229655790602,22.97637911695583,16.03269813172738,7.162039644916862,6.4244294161197715,3.6510880094658753,6.927184621125035,38.26935054645417,37.89675289580273,36.860176729545906,11.586624785324448
3194,331840055636641.1,-16.305480546529765,0.012969299872261475,11.617314113047131,-1.6947588754380143,6.311262271736544,2.5436056247162226,38.21250252588011,5.867514846887352,13.02099775633576,1021.1482570645286,884.3961714299215,1.0,20.020760506464377,16.305485704387948,20.0207563057559,11.617321352357575,7.012429584859234,6.534848055503742,3.056490997854227,6.804554433372778,40.79423319955087,38.66035540148121,40.370059844653376,14.281950603784638
3195,331840088969974.44,-18.20206306568229,-8.300638064591146,7.561100087260844,-3.062935909849752,5.944983799740066,3.2913680533491005,37.91118576139323,3.967257302498902,21.6224329149507,1021.1474154548075,776.5265166755258,1.0,21.38658286533851,20.00539157643296,19.7100313134366,11.228126593912066,7.453691194946702,6.687631028026214,4.496073848420884,6.7952877821162865,43.82381477576592,38.118199542201566,43.64387254811846,21.98337407373523
3196,331840122303307.75,-15.348302199710467,-7.211499484026977,5.077646375930259,-1.6624626969704417,5.246052483609863,2.871217044743251,33.02254834234828,0.42046504086610254,25.73601195404179,1021.1510646467506,695.2363607789954,1.0,17.70193768887339,16.958069029867712,16.166411881819503,8.819762895175757,6.207152019858352,5.5031671680594485,3.3177808150693746,5.980380755337689,41.86893599283246,33.02522505409039,41.86682469833736,25.73944642274135
3197,331840155636641.06,-11.563095443317145,-0.5417181952332888,3.2179674482611995,-3.2905416306411794,5.407707312215866,2.7842919801437125,31.94398909988146,-4.306478489383236,28.78111017960614,1021.1486666936897,633.9902645170507,1.0,12.014738837460316,11.575777936463215,12.002520182417125,3.263245792323267,6.915435230574302,6.330162920302736,4.310446154828443,6.082399214560446,43.212457691775576,32.23296754245358,42.99733413578072,29.101513021665195
3198,331840188969974.4,-12.300309262503573,0.12201830554099584,-1.185685743992099,-6.481660635750315,5.641273259641816,2.749181487254293,25.363636232345836,-10.776156179004316,32.587488805889905,1021.1379046379335,586.2740769866742,1.0,12.357926488842066,12.300914454629716,12.35732408884453,1.1919476290480187,9.021856097103672,8.592781190451959,7.040591129081202,6.275504986836639,42.67767579888881,27.557931434000256,41.29477533055201,34.323023885845096
3199,331840222303307.7,-12.372637737545165,-0.468897094992048,-0.13700407575168483,-6.880783864092422,4.395262503534974,2.714365303250867,20.78513163858477,-18.108897338642848,29.158282618861122,1021.1182488471633,549.0552249921061,1.0,12.382277625178306,12.381519659162148,12.373396247647586,0.4885024078390557,8.60414423744903,8.164773056205247,7.396821316203793,5.165860187274981,40.126790369230655,27.56726065561835,35.80819937548768,34.3240092078837
3200,331840255636641.0,-11.373959358448598,0.7472123887029661,1.7140810324738425,-3.474679226209676,3.680673098202268,2.827837820948628,14.591836268332672,-23.13256383819794,28.27260406497967,1021.1279710230463,526.6148401854243,1.0,11.52663661383312,11.398476996575974,11.502392154396713,1.8698663427415838,5.798052856129413,5.061694398211231,4.479962328707749,4.641553748198697,39.33671740276807,27.350268653344738,31.816062394597697,36.53020189300092
3201,331840288969974.3,-1.109908039976058,8.13338750698024,6.229753274319587,-1.225052711299484,3.8442045582267523,1.9817474613172215,11.671998207188333,-25.51338930740213,28.505905668392856,1021.1487656816887,524.1568824892665,1.0,10.30503343297834,8.208768981760038,6.3278528519632244,10.245087515370372,4.495106876525941,4.034682494441608,2.3298234151753796,4.324954529926135,39.99694030891589,28.056524661826327,30.80295765221125,38.25597589823547
3202,331840322303307.6,-4.828120501441878,7.459809696779187,2.9590733732575725,-4.664837884532167,2.480417211459367,3.132378883578001,6.6450215323053055,-27.57922554449371,21.398463109904263,1021.1295047622353,546.8853118262705,1.0,9.365661936933561,8.885916288633613,5.662761058420647,8.025264851734349,6.142066386987018,5.283292726309077,5.618942067618415,3.995530880019478,35.53398677695467,28.368468284326802,22.406484209503613,34.90713258203813
3203,331840355636640.94,-5.303331774081607,0.9964783875361078,5.616891768621262,-3.183875442226642,0.5651111834333015,2.922660852227285,2.38464215714588,-29.44695916679303,17.58361769364347,1021.0987433941214,599.1013130860687,1.0,7.788951805167073,5.396137237210533,7.724946669485094,5.704598348458185,4.358710811512643,3.2336378092259004,4.321921943852736,2.976793091026534,34.38013283256225,29.54335665405022,17.744580282831404,34.29733248179787
3204,331840388969974.25,-10.475018070050632,14.895578443746759,8.282602298935828,1.2348490288767964,-0.7360099702188885,3.168129542251379,0.35934755168209637,-28.365534503594027,19.31549254750523,1021.0823269522627,675.348929019117,1.0,20.00514337824244,18.210004413555215,13.353932170346843,17.04346672529243,3.4790239431290937,1.4375544512746556,3.400278947469442,3.252499880514608,34.319395838071124,28.367810601762752,19.31883492904347,34.31751447915938
3205,331840422303307.56,-12.116976307991056,6.8687426418867386,7.046304986579577,0.41829377743124063,-2.744153509504108,3.303603703053507,-0.324413508802363,-27.55548024665145,19.987001108745815,1021.0695012101479,764.210694975508,1.0,15.609329078880553,13.928414853417088,14.016830198454741,9.840225578937174,4.314990798923012,2.775850890801127,3.3299800466469076,4.294668312053045,34.04247272260489,27.55738985731943,19.989633749663845,34.04092691077322
3206,331840455636640.9,-14.796986632274358,14.197461438067545,6.213494491812149,0.9287968628417533,-5.43832399831968,4.8853491681570205,-4.3983749183932,-24.76912227776648,24.23010124817621,1021.0589114061845,854.1837481116522,1.0,21.42723123693075,20.506553213085834,16.048623841173608,15.49759417087681,7.369170103745532,5.517067293691861,4.972856332857122,7.310403846950744,34.9278245361856,25.156611861172763,24.62607375160768,34.64977957949831
3207,331840488969974.2,-18.805575240631295,11.595881911785089,4.074616294018134,-1.020027505918839,-6.924817453271948,5.920059687783242,-5.091654362334304,-22.46144400136697,27.06963358614701,1021.0467411932127,933.79532687661,1.0,22.46589938966583,22.093305262977502,19.241937482346284,12.290930609825388,9.167369283545145,6.999539475849165,6.007292469969081,9.110444745897755,35.5416160755287,23.031313700525686,27.544328030172313,35.175012851665066
3208,331840522303307.5,-20.685483166846492,6.175366336485105,2.436857489041365,-4.103703478333958,-8.490982192078903,5.507510998935705,-4.876298218556172,-24.778093133345337,24.72238050104863,1021.0193381000277,996.794631065856,1.0,21.72470109478103,21.58759744009701,20.828525830403517,6.6387818017834,10.921073126194562,9.430650074321031,6.868264674682243,10.120743845666622,35.340179417762705,25.253359848563306,25.198698021027266,35.00214274817136
3209,331840555636640.8,-17.38748466714828,5.413169742303855,3.4952430561533805,-4.502551009283739,-9.601115885323058,3.745563228829564,-3.0565157119582698,-25.07962915628995,23.587578604695747,1021.008397718996,1048.05808428986,1.0,18.54302439546739,18.210629580256427,17.735313560010855,6.443534021061921,11.246494375393823,10.604451510314183,5.856808814735389,10.305856109249872,34.56448974521651,25.265195168739083,23.784788263302836,34.42908164691195
3210,331840588969974.1,-16.39432462494536,5.177334726845742,4.277192539193799,-4.305813751445951,-9.64759119790959,1.4530460663931173,0.44313007392852094,-27.839331959956333,22.309558501833905,1021.0292243062044,1093.8897447632255,1.0,17.716462705608805,17.192401658345837,16.943088736279016,6.715591626293098,10.664304518119508,10.564849643233151,4.544378387986807,9.756400913915085,35.67830109164134,27.84285847823578,22.313958967632107,35.67554911313063
3211,331840622303307.44,-13.013470930032598,3.619435806033661,1.9113429756871114,-3.508240950734551,-9.4338326629914,-0.9155798581983764,6.732954968579374,-30.50602722868811,16.93315360380819,1021.0406426489399,1140.5936707005553,1.0,13.64199300584451,13.507432813114491,13.153085478985984,4.093109762113276,10.106593875212006,10.065036178858687,3.6257469637509767,9.478158322694444,35.53423800866624,31.240204542966396,18.222633552236076,34.89053436460414
3212,331840655636640.75,-9.60916337487588,1.4844048179995386,0.4105644939438477,-2.1873125464204537,-7.884029614837853,-2.1286756181592565,12.421619000916312,-30.34237333369298,13.190270189012374,1021.0497486668884,1193.4132246816375,1.0,9.731805671736547,9.723141386854161,9.617930337070622,1.5401366391939422,8.454201265093843,8.181824927445504,3.052146140517197,8.16634452218286,35.34033765803995,32.786525252382695,18.118494591523703,33.08538721520954
3213,331840688969974.06,-6.436248449455365,0.04339989572975137,-0.8594415480155833,-1.4678198059657246,-6.398749101209569,-2.95060119145323,18.488140124287174,-28.176221033080378,10.021828423195666,1021.0578763741715,1247.157589245516,1.0,6.493521188732764,6.436394771459092,6.493376154018186,0.860536649658093,7.197536553156278,6.564943643552131,3.2955337009034635,7.0462782695005375,35.15889363879715,33.70030796536255,21.029702094876424,29.905458977400322
3214,331840722303307.4,-4.506562353109576,-0.5935600115268183,0.7685871612652381,-0.5581443008696,-4.618378989003642,-2.676049525220273,19.428928616860688,-30.61198800719746,8.518197173245264,1021.0721355292403,1290.707403008463,1.0,4.61000476726543,4.545483222909115,4.571633238452782,0.9711023178560917,5.36676723997745,4.651983399224843,2.733636062467874,5.3376648028423395,37.24428493116968,36.25709691842232,21.2142157592816,31.775045127191948
3215,331840755636640.7,-7.255929208584781,0.36025351686195284,1.5524083441784757,0.8556234265077841,-3.353343869872312,-1.5182704844405974,22.910710997711817,-27.953390693336257,5.8287776254465875,1021.0782633100753,1312.875033174259,1.0,7.428880329059025,7.26486691388116,7.420140183788223,1.5936606487851679,3.7791734309928966,3.4607812062595253,1.7427669700543467,3.681040664477058,36.60966236230373,36.1426718668525,23.640544135606945,28.554626592921938
3216,331840788969974.0,-10.051605545986268,1.4906007558916508,0.558850526761177,1.3928939966661698,-2.3545622887376507,-0.6016124640263415,24.760274279896212,-27.33751765444843,7.707085886357306,1021.0946610213,1302.5227600550518,1.0,10.176884522132887,10.161528657911992,10.067129082482412,1.5919185044235165,2.801081008176305,2.735711471901622,1.5172643945010051,2.430205984771112,37.680369249552975,36.88375054035272,25.932033381040096,28.403152014643858
3217,331840822303307.3,-21.1748578231832,12.414377337904352,4.963365902380444,1.4083316251784836,-2.066071335180297,0.5360048288266333,24.73783146943911,-27.865189926718028,5.97063451925115,1021.0782087465848,1257.4169131753847,1.0,25.042491281835535,24.545699593205647,21.748783986994205,13.369807992966315,2.5572152637306527,2.5004097121335063,1.5068839182244056,2.134467600733064,37.73695260649584,37.26163060659638,25.448158722643285,28.49767159286073
3218,331840855636640.6,-21.003783685986907,18.95855218899344,-1.4023660359120553,-1.8970581903385624,-1.864633331623207,0.960446333671383,22.96279394328277,-28.948564127950913,3.0340927503126696,1021.0502679550583,1194.4232351535072,1.0,28.32935334117596,28.294621931217208,21.05054772746803,19.01034801368633,2.828099078673462,2.660016398244733,2.1263318032220235,2.0974543192315447,37.074451979351636,36.950091620343116,23.162375191226907,29.107131151791418
3219,331840888969973.94,-7.320432672732601,19.763694115840238,-1.0333948223602882,-0.8670477509246849,-1.3650182402591595,2.0532690081995955,21.969323503572983,-29.608722139066135,-0.07567574683148284,1021.0397862430568,1132.876948831123,1.0,21.101190593883324,21.07587102875013,7.3930128753365505,19.790692508433835,2.6136105713469857,1.6171105709331588,2.228830505537939,2.4656010253634233,36.86913788972734,36.869060225520656,21.969453839895582,29.608818847213133
3220,331840922303307.25,-5.858094354749233,16.290239367455797,-3.166352591081605,-3.7927543102276258,-0.8676606557469543,2.8409651600057346,19.206236001744386,-29.758291116112655,-3.8544874830489446,1021.0464062791029,1092.1132770499341,1.0,17.598720318511816,17.31153280672025,6.659058356869537,16.595110345522137,4.817561967598121,3.8907351839056674,4.738783419625404,2.9705080464286984,35.62713102767317,35.41800942325827,19.589195366621958,30.00688194245264
3221,331840955636640.56,-2.6608740567530242,11.463228262571393,0.03960585669852305,-5.6099466646401135,-0.38306540051031635,2.718461845337759,14.549884888637953,-28.969707548419862,-12.964827215070816,1021.0681511945851,1089.534588627695,1.0,11.768067877506557,11.768001229848544,2.66116879768761,11.463296682180932,6.245660532380225,5.623009930737706,6.23390217958735,2.745318543561986,34.91460798047474,32.418252662868646,19.488096238197716,31.738473500746938
3222,331840988969973.9,3.5040312919731926,6.763337376479076,2.2924246259249728,-3.779234714044295,-0.4053499974874093,1.6491685851425837,13.851693999626429,-29.783722546866315,-16.688155557677447,1021.1084426444237,1123.61336514527,1.0,7.954632513746531,7.617149582567366,4.187295781369471,7.141284417639878,4.1432693210219504,3.800910896653657,4.123393268420883,1.6982537038629517,36.84337242063001,32.84721533719411,21.68787593510548,34.140367084522595
3223,331841022303307.2,-0.8540579399740389,5.1503711158050285,3.486109893097656,-2.069033883900848,0.325767243188251,1.4219413877521052,10.869673057772344,-28.17709266412033,-19.35295425332861,1021.1275596339271,1182.103720607409,1.0,6.277634887607337,5.220702787494365,3.5892028574024692,6.21926722510555,2.531588991062073,2.094522740259533,2.510541480026214,1.458780863233699,35.86969726268561,30.20096593464,22.196545468029296,34.1831155592034
3224,331841055636640.5,-0.6293589991078,7.168967892874548,6.016828730536008,-1.6072814822369415,0.5597128468433542,1.2881076057560086,12.198106781030745,-26.629734377494064,-20.631670487791936,1021.1386691786691,1252.637684625072,1.0,9.380427568689376,7.1965403770717575,6.049654595293976,9.359291031999684,2.134444526819507,1.701949539223555,2.0597511905927512,1.4044570747901015,35.82739718670813,29.290554143909898,23.967887603171313,33.68692001552997
3225,331841088969973.8,1.691549042709801,6.181018388269179,6.355943995577328,-1.1236599433936052,0.43421632319666364,1.0414487497193978,10.139251952028612,-26.17218928488314,-20.569145770097713,1021.1387134833057,1322.8775186574137,1.0,9.025760386523102,6.408301372439826,6.5771849783024905,8.865833992977604,1.5924104313931904,1.2046391508322107,1.532066306228101,1.1283436150493016,34.797667735381296,28.067559960040487,22.932382952023207,33.28773422261239
3226,331841122303307.1,2.1988093547484286,5.5094508651263325,5.831911947297516,-1.4045794535241793,0.8077997046774869,1.0421018238648705,10.410905844343707,-26.300421883046614,-22.395575873155046,1021.1508494406715,1385.471086934109,1.0,8.318654240608994,5.932015796824086,6.232652688828465,8.02279538541728,1.9264890384951083,1.6203036148016572,1.7489481560540243,1.3185281848256125,36.07853891742668,28.2860239646018,24.69714111370048,34.5437984291896
3227,331841155636640.44,1.3935131387560458,3.839245729450659,5.04420121758334,-1.3751141262800959,1.1166766997952382,0.9513674650039514,8.640925305211288,-25.60367241574476,-25.643358895443086,1021.1676543348002,1443.560778317023,1.0,6.4904277642124715,4.084322053779654,5.23314864984313,6.339067257457864,2.0107226973475734,1.7714134785985614,1.6721360332709525,1.4669924694195362,37.25312720757158,27.022465307647447,27.06007105627664,36.23713422186237
3228,331841188969973.75,-0.032697842871850125,3.850730244421248,5.291462125780802,-0.021705738117737183,1.2625108813852017,0.6244376693080461,10.086932215756503,-25.85872135542202,-24.251936107393917,1021.1577067519653,1501.6163248019664,1.0,6.544368876584027,3.850869066097807,5.291563150667405,6.544287191426826,1.4086615163104796,1.2626974557205992,0.6248148060970551,1.408494277044427,36.85886700130298,27.7564347793917,26.26599715378008,35.451796500240654
3229,331841222303307.06,-0.35501460082777014,4.740335781409329,5.515529575600256,0.7802868437622739,1.4412325914852568,0.8664961196765147,10.567290891731442,-25.377502170696857,-22.378794691394628,1021.1697424893046,1564.1074583847492,1.0,7.281338145329583,4.753611120749204,5.5269432660487885,7.272678311312191,1.8538647379790838,1.638901748521796,1.166045918462454,1.6816560017357196,35.44708316707859,27.489729958917273,24.748294661048114,33.83530801194687
3230,331841255636640.4,-0.027959325864790607,3.77211136936409,5.213346667090368,1.1746258652838906,1.4324148268478332,0.6519235598681168,10.64741848845425,-26.43995985210815,-21.923740843695395,1021.1797376397798,1634.4930370941258,1.0,6.434950611935642,3.772214986819898,5.213421639879616,6.434889871174804,1.963813251681166,1.852446533524635,1.3434099341991805,1.5737905083220658,35.959552416998825,28.503315551868138,24.372483112104007,34.347079782167924
3231,331841288969973.7,-1.2791070899622976,4.701516989500514,5.747043359345348,1.2892013103050153,1.5118166264365074,0.03851532968975983,12.209427042973513,-28.311527135193728,-21.343732720818092,1021.168754825637,1706.4984393674,1.0,7.53451287903533,4.872409768292666,5.8876669676355915,7.425144401071096,1.9872375200471486,1.9868642456046235,1.289776511304683,1.5123071588109913,37.4989013692698,30.832007353471226,24.589124327137267,35.45557072146113
3232,331841322303307.0,-2.4682613022399074,6.215508697139162,6.800327799911351,1.7723287106304815,1.5997491345856865,-0.2858872212937713,11.800489636001068,-28.082447713537228,-18.101572648756076,1021.157851581014,1768.4112646029344,1.0,9.537783830984782,6.687664930328642,7.234415805189953,9.212871786281394,2.4045951541645905,2.387539811633045,1.795238302238502,1.6250934732829145,35.43363314128421,30.461047671295233,21.608296740084878,33.41093835769577
3233,331841355636640.3,-2.2562949454316947,8.690974961469248,6.991526673560517,1.454802032946727,1.3113919963701188,-0.6084523825537774,13.731529985187544,-28.09375059142308,-16.04719974874387,1021.1697855572041,1808.4597692911402,1.0,11.380042086423678,8.979081949824604,7.346585064360775,11.15412439450061,2.0509539792606035,1.9586214343791748,1.5769157418522077,1.445670526080882,35.14720981533633,31.270013399856246,21.120310970963235,32.35384740752126
3234,331841388969973.6,-3.589119636087049,3.4819971424675256,6.043521550079738,0.3380206748784814,1.2753566670518355,-0.7210241268568157,15.82571971557862,-28.996684064628738,-14.926194645622791,1021.1790754934561,1814.9239326508366,1.0,7.844121148259749,5.000608349220887,7.028935373754964,6.974844573639632,1.5035519267216892,1.3193909977102583,0.7963251648384204,1.4650632818084002,36.24986038399275,33.034241193948255,21.754187898312185,32.612865150779264
3235,331841422303306.94,-4.739720924809522,1.5967506332462493,5.598325446223093,1.1942801258347748,1.3150879577378318,-1.0950710492289708,16.595023688227254,-28.186837315280663,-14.66679419466182,1021.1787112831666,1783.605344140141,1.0,7.507051007664629,5.001456490848393,7.335271109298294,5.8215857278409375,2.086849769008403,1.776446271506962,1.6203350338196618,1.7113260763064706,35.84700072529762,32.70921290784788,22.14745274656635,31.774402430048372
3236,331841455636640.25,-5.962268547866946,3.6106759743643804,5.850128590259524,2.000577020899589,0.9997429358565249,-1.800036690064723,19.2420621610212,-30.15971609137936,-9.32748837338274,1021.1787266926152,1725.6477959661977,1.0,9.099979766532861,6.970339104285788,8.353002499667728,6.8746625745867735,2.8708755528454493,2.236469171338272,2.6911782739407357,2.0590332739842228,36.97117079937828,35.775206930515594,21.38361511915593,31.56913863361174
3237,331841488969973.56,-7.423666188048698,3.1259714299886068,5.039546507731412,1.4396708199953243,0.9401532626956695,-2.5040533463840955,20.727770914225875,-28.016832867160122,-7.775365219005238,1021.1718968963205,1654.0647716313701,1.0,9.501554928340433,8.054968469999277,8.972616601369154,5.93032262062469,3.0375686640536554,1.7194592834095612,2.8884139647016314,2.6747282701042177,35.707698263370716,34.85087389118115,22.138129807225013,29.075749830319083
3238,331841522303306.9,-8.469651124754236,2.874976337476873,8.710723511854814,-0.14205803783656668,0.6288115384158204,-2.7871273667060446,24.485886193388666,-25.5108653790973,-6.948453177617751,1021.1792867146158,1581.8697546380233,1.0,12.48507842250432,8.944298693363423,12.149555311822361,9.17290537621708,2.860710295573569,0.6446583877984108,2.79074532058297,2.857180937407822,36.036701800075335,35.36047051533685,25.45269385030056,26.44022038395239
3239,331841555636640.2,-10.03155525810043,1.8310816145403421,10.189317328998564,-0.871962671290827,0.09844196057321121,-2.9274398561613744,27.259847942087728,-24.677962248542304,-7.15333326037544,1021.1794168061165,1521.4266664028794,1.0,14.415517625339039,10.197301641877132,14.298751292590302,10.352538215826016,3.0561272603031866,0.8775019770497001,3.054541374996705,2.929094558228468,37.46026304366024,36.770927790392015,28.18278706160443,25.693812435574305
3240,331841588969973.5,-8.603867308730138,3.6819850141399177,12.064172234208554,-2.4278975614079585,-0.16374159853493783,-2.802258659076444,29.658382573977924,-21.000610258287544,-7.266042630330482,1021.1787111471899,1479.3721559486303,1.0,15.268523111527019,9.358608139599934,14.81792105401037,12.613535005738857,3.711354398619242,2.4334128050500365,3.707740573591904,2.8070384577806706,37.059960383555584,36.34068364966363,30.53547170767495,22.222083762020876
3241,331841622303306.8,-7.270550752762697,0.1738642666562609,12.150919137637766,-4.619889152840055,-0.3301760400090118,-2.871505962008624,30.28722171554754,-18.698946186649973,-13.382016176897917,1021.1789342821177,1459.3624119198878,1.0,14.161072449540319,7.27262930663444,14.160005089614549,12.152162962725262,5.449581496938669,4.631672700215899,5.439570044992552,2.8904260425146853,38.026895017825524,35.59447130858901,33.11184314117068,22.994106754774997
3242,331841655636640.1,-7.708191570576418,-1.721906034143486,11.02824898961323,-5.7919754810387865,-0.11393565456584843,-2.672656709597561,32.43715835075037,-12.990297751302325,-14.667382466487968,1021.1994357840136,1465.0280346027766,1.0,13.564787261731396,7.898175591813916,13.455054554538624,11.161865263804476,6.379894606785656,5.793096003549038,6.3788771629740095,2.6750841520853528,37.895239621321615,34.941623853781394,35.59917625858628,19.59285441393696
3243,331841688969973.44,-8.607775020467951,-5.116460442551483,11.031539744713674,-7.15204788762945,0.22144641835515724,-2.5751210589332616,33.66185835295321,-7.374814362218987,-17.32981328794417,1021.1988440962533,1499.9173119877528,1.0,14.898551184675092,10.013588680547356,13.99245010504556,12.160305777380417,7.604740361860409,7.155475351305965,7.601515470950938,2.584625114859772,38.57241272265042,34.46024658431041,37.86083908696811,18.83375468333911
3244,331841722303306.75,-14.723487514446433,-11.289461778854335,11.923848836926023,-7.516239336638095,0.2519313210827832,-3.3695310341539266,33.561868626553384,0.9601398248543689,-17.466036033756232,1021.1771023078849,1558.303109020777,1.0,22.05473198499893,18.553518044949666,18.94622008934558,16.420417727392778,8.240816861591744,7.5204603021469625,8.236965045194273,3.378936042701748,37.84684014447931,33.57559968473087,37.83465924834661,17.492406444390163
3245,331841755636640.06,-18.02677061235511,-8.98809962323013,11.875693871731517,-5.862854796110137,0.12978757718964,-3.400653399552963,32.88929838664063,8.282626922508067,-15.135403591405046,1021.1796307193904,1616.8008744790138,1.0,23.38338081806523,20.14324684720861,21.58695355175323,14.893556988583725,6.778964133210584,5.864291191223744,6.777721586504034,3.403129201056563,37.14011711044614,33.91618871723262,36.20478407945832,17.25347358105527
3246,331841788969973.4,-16.46152177820331,-9.380033514652496,8.72513217787757,-4.2086189335828115,0.07736828079326283,-3.635521101133885,32.26797177583701,15.25458212372727,-11.495903423014093,1021.1663758161147,1650.0462620615776,1.0,20.858922779273634,18.946417286396546,18.630878422009427,12.810658072770448,5.561966635622184,4.20933001545194,5.561428503981819,3.6363442531837715,37.497734248978574,35.69207584738878,34.25460258180616,19.101258369039634
3247,331841822303306.7,-12.938931607087833,-10.037178164742832,3.7151408248409807,-2.135772235437659,0.8227225841989744,-2.6622813648480705,32.263315915820996,19.994685907517443,-10.506830302202836,1021.1710717128819,1632.6749254675833,1.0,16.791758930859118,16.37561896978819,13.461731778686449,10.702673351046009,3.510859945630802,2.288754135379642,3.4131019772757565,2.786505789724533,39.38403866318985,37.9566729103638,33.93103353691656,22.587185471845853
3248,331841855636640.0,-9.455182775758201,-5.913376093473901,-1.0778583568218394,1.7044880924716723,2.1197454315877318,-1.1142417021792936,31.620742465086735,18.692487156682756,-7.648616633111254,1021.1786876243431,1543.521474458699,1.0,11.204029488681021,11.152062506364606,9.516420543479846,6.010806556547909,2.9394106421169175,2.720036829183528,2.0363728117054425,2.3947557841275735,37.52041799535815,36.73255273114148,32.53264038536752,20.196792133976523
3249,331841888969973.3,-7.696354024060393,1.3988792830118904,-1.7165664783721033,3.969347496750412,3.6819050767658554,0.4600477228076301,33.21289591391466,17.924926237079273,-6.658684608359685,1021.1718446108455,1395.3891981861557,1.0,8.008578462297868,7.822450288247952,7.885459133008135,2.214376599205895,5.433579708767824,5.414069129986515,3.9959183496687274,3.7105348538417835,38.324111422273944,37.741216668163496,33.87380308884928,19.121743155851117
3250,331841922303306.6,-13.242341041024034,6.396795637388449,7.1785372472849,5.1498152235597905,5.607352409143116,1.6393019941083524,36.10590484667354,14.32551627919684,-4.1192182855872925,1021.170230172086,1217.5360443714376,1.0,16.364901089953403,14.706413249779885,15.062901223119209,9.615112658579125,7.787830821545811,7.613343409904172,5.4044340929181285,5.842064024658643,39.061806675407304,38.844005733994244,36.34012003394266,14.90598456828164
3251,331841955636639.94,-14.298065831882692,4.099401758464005,16.36232816943846,3.0558925885499386,6.163734035436116,1.8900348279313504,38.309473261081436,9.998838299762555,0.10221941731519252,1021.1787082443553,1039.3278945797483,1.0,22.112565758738818,14.87413127917557,21.72925377589508,16.868043096390792,7.134586773117384,6.879687258324178,3.5931478070833567,6.447003095267372,39.59296601286128,39.59283405979309,38.30960963453934,9.999360787274094
3252,331841988969973.25,-13.02866576570112,-1.2419151757437992,9.751413686769544,-2.2428465510794586,6.414332429101068,0.9333453080882569,39.164608992893136,9.397709528336708,7.562344739336109,1021.18836968342,890.0390333114166,1.0,16.32110761647663,13.087722679599194,16.273788757534884,9.830179153721419,6.858947049426537,6.795146883085504,2.429299099703325,6.481881977878645,40.98014885163011,40.27633972874393,39.88803900322464,12.062586884062435
3253,331842022303306.56,-16.570161262473846,-3.0819610396299773,10.915712157041472,-2.3878901124167413,6.272547741979049,2.4038985380490887,38.24465146295674,7.078514811535779,16.67209610314804,1021.1690219046457,785.984164057505,1.0,20.080375992734023,16.85433855463293,19.842454892471643,11.342453691559868,7.129207708127085,6.711696831978044,3.388325157096376,6.71740897643139,42.31687046477769,38.894199277786534,41.720644218367994,18.112541522650417
3254,331842055636639.9,-13.7721690685884,-5.318767386307653,8.681349591370873,-2.9226452697953125,5.747643241459356,2.8333522292534057,37.42390080663421,2.721747514594881,24.614640489526256,1021.1580109874004,717.2303524413778,1.0,17.126814008770815,14.763533701774554,16.280002198445132,10.181115716720106,7.043091867863543,6.448042974744378,4.070594579182771,6.408064269817263,44.8757928904507,37.522743251500145,44.793178922838486,24.76466103062646
3255,331842088969973.2,-12.804591443516536,-3.141072176174133,2.304605401765771,-4.977941678138353,5.475021322217038,2.916840742032992,32.2816971870025,-1.9372377147100417,28.35515769851184,1021.140258832359,670.6728444103994,1.0,13.384136225739791,13.184229080659673,13.010333127680662,3.89583629966446,7.953849492168032,7.399713631599407,5.769563524681088,6.203532734911195,43.0101828796867,32.33977215808145,42.966532806136456,28.421257151483818
3256,331842122303306.5,-14.062773967610314,-1.3393094779097612,-3.556697100162005,-8.014575421934676,5.146621182069499,3.1273637328322597,30.43922441939835,-11.548330911809758,31.329901719375385,1021.1176575628796,633.2068859119347,1.0,14.567273451268019,14.126406533217047,14.505574994683911,3.800505774225285,10.025045271869867,9.52476397532274,8.60312868155033,6.022301346591764,45.182663399238415,32.55626406858069,43.68190844045413,33.390517944386275
3257,331842155636639.8,-14.224349527333453,-3.543098841949046,-5.150254563135348,-10.360492290996831,3.946962707870358,2.8094894687406375,23.005448219479057,-19.985627394164226,24.235429781337135,1021.1287633345937,593.2654034457665,1.0,15.53739974849938,14.65897912132943,15.128028342809513,6.251293583644679,11.437287537003197,11.086853256407974,10.734664949907348,4.8447647716152185,38.93625568546137,30.4741849787242,33.4156655547253,31.41307624261735
3258,331842188969973.1,-11.616478531221546,-4.437178218200141,0.5681576345032372,-5.190817177896539,2.8921545691445294,3.114227598828751,20.371817431425207,-26.484373824464726,18.023716636665164,1021.1103905632973,553.5340048656562,1.0,12.448049128439571,12.435076357079632,11.630364420944659,4.4734051501863865,6.708766992784596,5.942149529098824,6.053345893937706,4.250055480712018,37.96429063912709,33.41306634137777,27.20046519561973,32.03554928938777
3259,331842222303306.44,-7.1395864220283345,2.7469946433408348,3.1588702933954194,-1.1070333523558866,1.9710338354091104,3.2073460878943827,15.709735641101677,-27.73464144112888,17.6306378451159,1021.1116108643963,524.4223872782252,1.0,8.276360031961554,7.649815281962996,7.807186164560662,4.186220383715996,3.9239732607507993,2.2606408877917477,3.39302103895035,3.764577440810449,36.425890800458355,31.874851055044694,23.614300428743032,32.86411000915157
3260,331842255636639.75,-9.800111946582087,11.22124126305232,5.314115385394331,-1.5361671335792613,3.8375907632021335,3.5164733382648126,10.860691363905918,-29.684671160461885,18.49502564198531,1021.1185063718707,516.4165298740213,1.0,15.817656968668075,14.898270022025006,11.148184448367621,12.415960607738443,5.427015484299886,4.133631856866726,3.8373681346746498,5.205063650383308,36.622401509246664,31.60908601663101,21.44809060032419,34.97492924084982
3261,331842288969973.06,-4.473907899124196,3.3071079190431307,3.226339399290331,-1.0835526330919438,1.9583136500077791,2.756436327776388,5.339239892407903,-29.709334544661125,14.26484745668312,1021.0988850099985,539.9519567182864,1.0,6.431335833048743,5.563525382169445,5.515896827285566,4.620197907840192,3.550636547095838,2.2380971070280387,2.9617608846370205,3.381262128391138,33.38619347391544,30.1852951238724,15.231328096758956,32.95649301805388
3262,331842322303306.4,-7.3816050698354525,14.740606247535236,5.747655922980362,2.1495515057695775,0.441173098151248,4.666421829979529,-0.4429344388044808,-26.899118925159243,18.292859110158957,1021.0895196418874,598.4896932764374,1.0,17.458783307002424,16.48555628275538,9.35540710049497,15.821536624293042,5.156616921373754,2.194357623198331,5.1377100318396485,4.687230141335272,32.53286775387416,26.90276546875691,18.298220824473745,32.52985234171815
3263,331842355636639.7,-5.6059057950601705,11.062501499291503,5.608986708257193,1.359435176216935,-1.0666594254542259,3.7873174753307595,-3.6343876122081578,-26.0265963442089,20.332406634129327,1021.0885837533017,681.450452656714,1.0,13.611239881007235,12.401819189333311,7.930126838613306,12.40321213699228,4.162883614418264,1.727954376783805,4.0239082565686966,3.9346583064932203,33.22648416723844,26.2791265185919,20.65467339009161,33.02711729473183
3264,331842388969973.0,-12.773634972127073,12.900465863716214,7.0118928794278075,-0.25009112850271664,-2.480772384380266,4.3141041718762,-6.007567990128655,-25.217665597485986,22.964228267909807,1021.0787796993749,776.5705353110634,1.0,19.461613798825255,18.154552318965486,14.571629701365534,14.68293775964053,4.9827976079165754,2.4933465855471257,4.321347055994854,4.976517500110231,34.632027247669384,25.923378085092356,23.7370312612316,34.10698518085842
3265,331842422303306.3,-19.553175306648775,13.968484853819394,5.673262648772873,-1.6038247940349326,-5.9393108734866145,5.4454357812430505,-5.507826112296901,-21.431485398863185,24.0891529530833,1021.0478375110526,871.5862416914324,1.0,24.690709644841775,24.030090172197053,20.359581863449474,15.076620251015916,8.215865046939344,6.1520458078494125,5.676708977709119,8.057802709148348,32.70981511537519,22.127917093232828,24.71079599042373,32.24276440379652
3266,331842455636639.6,-19.90779724814586,10.294656286976181,5.6064940505296725,-4.943313430940832,-8.11124954049371,4.97208174759213,-6.624288694899798,-24.342992650037395,23.117414143005156,1021.0274794110227,955.2625732342696,1.0,23.102664670528522,22.412057900609263,20.682194438983224,11.722317330869474,10.721488408304987,9.498879764723808,7.011272679140274,9.513882804244448,34.2180848168387,25.22820825728914,24.0477865379039,33.570762991314176
3267,331842488969972.94,-18.98359592474829,4.29918652607904,4.298528832202785,-5.879829450539404,-9.756241903081008,4.171331812576453,-8.001170232430146,-24.0577494266751,23.164627560629743,1021.0294448869573,1026.4712070828782,1.0,19.933320574892132,19.464324263126613,19.464179005429397,6.079502850340495,12.130814462742253,11.391077668020014,7.209188821084024,10.610573272073761,34.34230630851253,25.353383059564507,24.507523234937743,33.39723457862003
3268,331842522303306.25,-16.59775012541452,4.064156630724059,2.804231344555104,-5.128073410418518,-9.974017272222397,2.3861397783679394,-3.2760065636925173,-25.47287897080223,20.450308066554697,1021.0398417580071,1089.8205842827583,1.0,17.316650709029776,17.088085859591065,16.832974266584117,4.937720380179872,11.466116190373352,11.215086154338366,5.656041013337086,10.25547091012892,32.8300911068411,25.68267474517588,20.711043407379275,32.66623123468838
3269,331842555636639.56,-14.986257142812793,3.6133225124922763,0.08729047616537293,-4.294783979095847,-9.513751346366162,-0.07612958135109982,0.12989114827348522,-28.07840315177369,17.146430630592725,1021.0478317775238,1149.9850026672902,1.0,15.41595350139005,15.415706364931545,14.986511361145283,3.6143767383205465,10.438507068577337,10.438229452717655,4.295458664712658,9.51405593811812,32.90005590623917,28.078703589445407,17.14692261253104,32.89979949670306
3270,331842588969972.9,-11.130554517279425,2.279895757108163,-1.194457072753743,-3.255710065165137,-8.506168361860738,-2.1479943000215855,3.805087967698751,-29.220850535476654,15.142842644597906,1021.0597430620269,1211.6134575881276,1.0,11.42426786380907,11.361653423925992,11.19446164676001,2.5738400031725446,9.357800368765268,9.107938747528893,3.900452222671469,8.773185266096107,33.13068794664012,29.467555047180145,15.613595927939812,32.91145377183632
3271,331842622303306.2,-8.114035103829023,1.1121476843694809,-1.7955455220738878,-1.8754555211436972,-7.276833716479835,-3.2169993115810462,10.898834404802296,-31.458373217090262,13.605149072206197,1021.0607653435208,1274.9087443484175,1.0,8.38441541551095,8.18989854259612,8.310327874880103,2.1120739081973405,8.174272256280618,7.514628556960491,3.7237639536497613,7.956217286374892,35.96545451021017,33.29284963545542,17.43228822215418,34.27432459936585
3272,331842655636639.5,-4.9047600756628755,1.304901546424378,-0.4802347889263031,-0.9007707133276969,-5.8843547325180445,-3.4743968810920496,15.445217515520564,-28.32470161253105,9.105128675330011,1021.0840276805319,1330.5704388188356,1.0,5.098045203621906,5.075375793542507,4.928214367528222,1.3904652093295338,6.892637534604482,5.952900007231467,3.5892647666800856,6.83352502779127,33.522333357554025,32.26210572080908,17.929252976520246,29.75217789731091
3273,331842688969972.8,-3.8096094140911907,0.9270127854010364,0.7778430853921895,-0.3184541968563894,-4.808999081907539,-2.8106389172300767,19.42865532522405,-27.863015226067724,5.109059705952748,1021.090138223694,1368.0744861769178,1.0,3.9971885691973124,3.920774998929321,3.8882082960439077,1.2101208905681404,5.579209295978353,4.81953164169331,2.8286223145806697,5.570113400356928,34.35000373090851,33.967929952153966,20.08917964540481,28.327550345327634
3274,331842722303306.1,-5.3703385661210685,0.1995250484341352,1.0674680063220237,0.03911504669810231,-3.829164091929938,-1.6101464484510182,24.02109425536669,-27.034509833809484,5.590212064856228,1021.088968061255,1376.8968316002013,1.0,5.4790359101069095,5.374043780964195,5.4754017440995515,1.0859549665956503,4.1541063076506894,3.8293638675116553,1.6106214863640749,4.153922150014978,36.59410009973762,36.16459167721312,24.662997387894173,27.606433903791444
3275,331842755636639.44,-9.378346580529552,2.343628231809075,3.427735958494905,0.698888772864304,-2.69009090071924,0.042161984721388615,22.010283214321007,-25.370245590912464,2.611968275898737,1021.0775507975968,1348.2072375300818,1.0,10.256478522115758,9.666745981635334,9.985126858767961,4.152344770137893,2.779714410496854,2.7793946410987096,0.7001593745651195,2.690421284313685,33.68863765117455,33.58722865194201,22.16472299508664,25.50434746504044
3276,331842788969972.75,-8.681632981834392,13.945301032809605,8.123684159569166,-1.5375879074496375,-1.9135535960538501,0.6556136416659448,23.11607432898878,-26.460366168001922,1.3426010173653584,1021.0691849213483,1288.934019715099,1.0,18.32584012948357,16.42687347388283,11.889701239127486,16.138948702443898,2.5408056173671487,2.4547635197928894,1.671527989677061,2.022749765074539,35.16114969138389,35.13550725588112,23.15503120004731,26.494406112169624
3277,331842822303306.06,-21.250018286639172,25.402801303874657,5.577174975759929,-1.2223570782488937,0.10345486133635667,2.0179652592699844,21.314312841375592,-27.868183936208176,0.864402104176698,1021.0391101893356,1214.5712969221092,1.0,33.58527165256934,33.11896120452203,21.969710009300123,26.007829490258867,2.3615764909695116,1.2267272455926366,2.3593093511376897,2.0206154250511648,35.09533870473492,35.08469192970575,21.33183355686364,27.88158652049837
3278,331842855636639.4,-10.264440250111448,17.354679647827815,-7.141021761797761,-3.9179325081465763,-1.2872813547997983,1.4920786766303686,19.01225701756282,-28.3193126407386,-2.98937418750878,1021.0388153496679,1140.698635182204,1.0,21.39013396707244,20.16292735013537,12.504116340252803,18.76643539623863,4.385611382927352,4.123989382237414,4.192432935140019,1.9706324019639576,34.24011891595454,34.10937386329107,19.2458378600364,28.476654060420106
3279,331842888969972.7,-0.6985895488029654,15.005764578297065,0.8238215848173664,-2.6386444148926347,-0.9078751731375573,2.356412479208913,18.136177008631282,-26.546431186184538,-9.25762405016085,1021.0534226445812,1082.879387202013,1.0,15.044589723238802,15.022017106133637,1.0801432133322544,15.028361606738303,3.6523090573519568,2.790462627996233,3.5376721329732623,2.5252558488539427,33.45650203271934,32.15017768553133,20.362330896597335,28.114348859202618
3280,331842922303306.0,0.6604663731688409,10.323566899641774,-0.2765464546014169,-4.379758423320998,-0.3160507869369358,2.9645137480736325,14.219884686275513,-27.834047169984952,-12.46388752913462,1021.0883126595145,1054.2856847195828,1.0,10.348368340130664,10.344672511078642,0.7160263763573352,10.327270281779782,5.2981613517419675,4.391146996693995,5.288726274744119,2.9813134458558754,33.64948431537752,31.25602825619276,18.909088101489463,30.497256830735857
3281,331842955636639.3,-0.08805700975319104,4.772322503012748,3.6598319314095913,-2.734588636882145,0.659674862929295,2.171723999800488,12.125014931994503,-25.828641643711244,-15.07546344076265,1021.0989394465582,1063.194545075594,1.0,6.0147473659243404,4.773134830457708,3.660891121452799,6.014102745956966,3.5538051535016884,2.8130314498323212,3.49204240298917,2.269703957808201,32.27079661573472,28.533046038941308,19.346461822639842,29.906325871176918
3282,331842988969972.6,-2.9335843833647415,6.103099130529006,8.680186012973019,-0.7771147432470473,0.8286445723588469,1.6400888306994044,11.25191534325319,-26.688566090730337,-15.780027974707489,1021.1271425867276,1117.2838772997181,1.0,11.009058340802715,6.771538697473816,9.162507656429758,10.611005994573574,1.9951066447828396,1.1360277952020807,1.8148825572903784,1.8375372648968824,32.983244863924,28.963514270043575,19.380786407529687,31.00465840582399
3283,331843022303305.94,-1.2910270012305252,7.428462061042242,9.151072357259354,-2.7068035895343736,0.876235808056222,1.2743466471722285,10.197750333892616,-25.79086011088578,-19.249898076530368,1021.1182231717288,1224.231590421627,1.0,11.857104393486907,7.539814275580682,9.241692269584751,11.786609940103228,3.1174563735191563,2.8450966352017133,2.9917795790257125,1.5465279074362157,33.75975641334655,27.733780433465725,21.78423025560496,32.182713391137284
3284,331843055636639.25,0.6683223468874998,4.376659216198648,9.256019361282084,-4.067262028502089,0.8089590087390841,1.3438264308801506,8.615076132654293,-22.374211493783257,-20.161058590634582,1021.1296401618091,1389.4731780851457,1.0,10.260394489029872,4.427392082714809,9.280115795386285,10.238605388975852,4.359232106993976,4.146930803174204,4.283513731135575,1.5685292965552813,31.32559912012814,23.975505766093285,21.924593958986563,30.117662981439036
3285,331843088969972.56,1.0705334977778607,2.2757296641213447,8.215584295111345,-4.498042028030761,0.5247586530834695,0.943751495027856,9.194448752299373,-20.181952891063787,-24.963052052647654,1021.1287816324358,1597.6448460553386,1.0,8.591903909152297,2.514952777693122,8.285038761523369,8.524949900981355,4.625842692340972,4.528548744345925,4.595981828760683,1.079832639047964,33.391661805591134,22.177671436735135,26.60247837405109,32.10085965017626
3286,331843122303305.9,-0.33896347148167255,-0.22159328474879317,6.519285664670118,-4.127099879293149,0.6600622053084273,0.6973011022678136,8.688887487925495,-16.043207822436674,-27.41631442618033,1021.1126783728145,1822.1045451359416,1.0,6.531851605511103,0.4049689109606642,6.528091743578074,6.523050602396019,4.237318061670855,4.179549680113654,4.185592221046555,0.9601619353528509,32.932287799770386,18.245034475487337,28.7602340479526,31.76537130192369
3287,331843155636639.2,0.5142395268950527,-0.5198811358309352,7.162338847862154,-2.4861598941736083,0.7434218960355726,0.6196356724787676,8.722026145338399,-13.266842762598595,-28.910500237608765,1021.118653567132,2036.098634651942,1.0,7.199570574555782,0.7312446146222965,7.18077572847228,7.181181947770731,2.6678859611142802,2.594931046271259,2.5622137666489775,0.9677936154539046,32.98332731784738,15.877117401073827,30.19752910535468,31.80921471643541
3288,331843188969972.5,0.21625173999369954,-2.169227770120209,7.715879402469142,-1.3535821841083806,0.8984627261008626,0.5051112858304817,11.283651735769155,-11.996250307860768,-27.404193827479265,1021.1287520780292,2212.944700754863,1.0,8.017924225580993,2.1799802599360842,7.718909234373589,8.015007428075675,1.7013398867955603,1.6246291882544175,1.444756775450088,1.030714645896679,31.972185681886504,16.469086736761568,29.636306042220898,29.914876914052346
3289,331843222303305.8,0.30204685801477693,-1.7448032949236827,8.021631619262639,0.6356607351094801,0.9913452568405793,0.1732349286969104,11.095737092260533,-13.091685537821258,-28.748089040609816,1021.1359790573329,2336.6339807445706,1.0,8.214751650388909,1.770754314526196,8.027316247637858,8.209196816566813,1.1903110219353856,1.1776374605201037,0.6588436162554421,1.0063676061861975,33.48074424693386,17.161224077604853,30.81506133544758,31.58868236739273
3290,331843255636639.1,-0.6438679988508468,0.666734666697473,8.890249000908513,1.7309454956043644,0.9306190382831617,-0.08757042027275323,11.262342987314073,-13.327616151237109,-26.765226345687832,1021.13888667831,2413.096730444687,1.0,8.938435456715856,0.9268770769203349,8.91353427648646,8.915215219720217,1.967204280616241,1.9652542082814926,1.733159221554611,0.9347301069944326,31.95063478515757,17.44894615266546,29.03821122073129,29.899877819325923
3291,331843288969972.44,-1.5303222258823324,1.8437085886121964,8.638538436145332,2.231166986286803,0.8366998371237597,-0.17681689339178083,13.279937689893279,-16.265416521441534,-26.343859130648088,1021.1456345958235,2450.9612429668673,1.0,8.964680350548594,2.3960691715290348,8.77304009040137,8.833097286483525,2.389442812022874,2.382891675703925,2.2381622672373096,0.8551788299716302,33.688565323546534,20.99810752576125,29.50179077518649,30.96066356703961
3292,331843322303305.75,-1.768486529451305,3.853374468813269,7.605854124318694,2.1637623083216577,0.9490818074873918,-0.116543526784092,12.171041190232106,-16.980888335415763,-23.361594720267647,1021.1589027915973,2458.855811422766,1.0,8.707758400539621,4.239815963193764,7.808749039716055,8.52628358414835,2.3656301481533997,2.362757627057207,2.166898641041787,0.9562105787632811,31.340850661528364,20.892218941849755,26.341950412381458,28.881043549946327
3293,331843355636639.06,-2.513889602256171,4.014918004991797,6.207974493064796,1.762316536929528,1.1973487242107734,0.048565153159092746,15.224723683228598,-18.709074540356994,-22.85208809907532,1021.151269290013,2444.6567895289313,1.0,7.808851056697272,4.737004065771846,6.697655428496961,7.393139650605176,2.131141036582473,2.1305876052639685,1.7629855786241277,1.198333234735035,33.227091534998905,24.120980108347506,27.459245104673975,29.533834844878072
3294,331843388969972.4,-2.707433426290426,4.188062301485599,6.9884703472893746,2.5462759935435435,1.2753523536890243,0.020209148992995658,15.427039476607117,-21.526352790920026,-19.76604516833491,1021.1601062575517,2409.317743504362,1.0,8.585381726741243,4.986989231883258,7.494592287292058,8.147305299058562,2.8478857896796557,2.8478140847597992,2.546356189734496,1.2755124600579781,33.04654222590619,26.48353094834495,25.073693158556644,29.224654079660315
3295,331843422303305.7,-3.333260427947905,4.28665449692124,7.743479862573664,2.74286026821523,1.3218908209126168,-0.11572444927545783,16.516870138693893,-23.311360644641585,-17.78839454604376,1021.1509078973844,2350.06084551714,1.0,9.457669492987286,5.430104221513481,8.430427359428897,8.850812796464455,3.046977180998713,3.0447787757679134,2.745300456983503,1.3269466796270075,33.65491813700848,28.569678582074083,24.27414220326225,29.323139593676938
3296,331843455636639.0,-4.359823059817996,5.799352307708969,7.651789768042922,2.62749977596543,1.1834516249665201,-0.28226849652476305,17.827311330394352,-25.082424363102113,-14.933346079304544,1021.1517470576199,2264.072085248292,1.0,10.544687333258224,7.255380369205332,8.806698800756564,9.60116523361908,2.8955117553663343,2.8817204620390027,2.6426181292098816,1.2166483685791252,34.20447143760338,30.772407140188843,23.255490843993968,29.191314411225452
3297,331843488969972.3,-5.993104252524428,4.670752350209345,8.842577407172366,1.5419408756097275,1.1529218751542962,-0.5669944923232788,19.205899843735455,-24.589823290601057,-15.517714161954075,1021.1594181198145,2148.602581353714,1.0,11.658662071629301,7.5982383549486325,10.682156794555187,10.00035512963521,2.007060853190636,1.925307901112285,1.642882959373864,1.2848002196973003,34.847172784642,31.201378146975877,24.69141635507586,29.076775307366812
3298,331843522303305.6,-8.898436361041652,1.0586905007793044,6.899887510432078,-0.11848958821045333,0.8693099734190863,-1.621741410018423,21.13157766155673,-24.054760170399373,-10.329727436933748,1021.1671430952073,2009.0071980713699,1.0,11.30979411415456,8.961193851711307,11.26013398357785,6.980635589475854,1.8438505398672416,0.8773480565888178,1.6260642617937415,1.8400394101362165,33.643399504853505,32.01835506895748,23.521199871344685,26.178899055857446
3299,331843555636638.94,-10.738886889962158,3.3781315429262375,2.3528745265287823,1.6832985386283332,0.2699303810457597,-1.9851353246623036,20.92560870425687,-23.724484564311314,-10.077162866776108,1021.1587603056528,1866.5009457273045,1.0,11.500934000954112,11.257684680106932,10.993621340258594,4.116769517340173,2.6166999518442884,1.7048039127007515,2.6027401382716624,2.0034032713943586,33.200624676795584,31.634352648440853,23.22563908888628,25.77596514751246
3300,331843588969972.25,-9.559989100488533,3.634129862968338,5.5069413707263415,-0.7476764321777338,0.6958547414822507,-2.6237466105737868,24.19642886096306,-22.678489565090132,-9.462108778224984,1021.1498329898384,1744.1381316152754,1.0,11.615795053417356,10.227428389501332,11.032669435004244,6.597977199228229,2.8155426022304813,1.0213882065489868,2.72819836590587,2.714453922567256,34.48641125296326,33.16294707316508,25.980736559124114,24.57326578794248
3301,331843622303305.56,-15.037072211057069,-4.293291602140645,6.516970764397322,-2.987323040280154,1.0756778222492958,-3.0296182137300263,25.707520039101666,-18.069312133437872,-10.458446976370094,1021.1479217611358,1664.9730630290392,1.0,16.941570216646554,15.637963213332998,16.38854626330701,7.804054121097623,4.388595247369295,3.1750876719025647,4.2547250754841235,3.2149135755481364,33.11730273880956,31.42254966638479,27.753480857693482,20.877719083586452
3302,331843655636638.9,-16.066695540908174,-1.7329964638698403,11.27226735407127,-2.9588708095266063,0.8906208851798476,-3.1779842665694105,29.833423475290235,-16.730918876128,-13.146077187142641,1021.1487754666935,1647.6928755662545,1.0,19.702943781315646,16.15988806731111,19.62658189563072,11.404704645252602,4.432573296308803,3.09000356449425,4.34217692707602,3.3004226334942697,36.643910109401354,34.20463130477472,32.601418706343296,21.27775814905998
3303,331843688969972.2,-17.140475412023275,-2.588783806889044,13.193600772955824,-3.654468855971302,0.5932172868083526,-3.633473808419018,29.24187674602475,-11.266901624857082,-14.143289654987724,1021.1518621168461,1674.3518840120164,1.0,21.784600072186908,17.33486945289711,21.63023344086501,13.445181402827982,5.1874060266282855,3.7023032518464043,5.153375062590651,3.6815810008521157,34.381144107181676,31.337364724142173,32.482610700105155,18.08246981164603
3304,331843722303305.5,-14.018879686330166,-2.5338149404722685,9.807539289796015,-3.77225717670514,0.9814280571051565,-2.986038374150525,33.80064393843473,-8.053363094698849,-14.201156943526774,1021.1689410303156,1708.7108780730466,1.0,17.295578415689185,14.246024210717918,17.108968834523402,10.129562926081904,4.910147697409534,3.897835968646787,4.811065306052594,3.143187268231518,37.536822538976054,34.74680111589989,36.66273843001261,16.325731703961576
3305,331843755636638.8,-13.329475390232286,-4.238677208875342,8.093475112313035,-2.6056636972282106,1.6335717882920193,-1.9600587257149653,32.97498497411057,-3.7040403694350967,-12.572689780772647,1021.1799157707418,1714.395629216529,1.0,16.16000117739717,13.987183371209781,15.594205769209237,9.136231382505029,3.6468987234097887,3.0753926725796457,3.26056950720336,2.5515460011050086,35.484392025576085,33.18236804541265,35.29053927565237,13.106961638074244
3306,331843788969972.1,-10.145674060825176,-1.8417294438113194,4.08801348825529,1.0930391532624144,2.6866959115288167,-0.6878350964251826,35.45251746196831,-2.530784760702422,-9.131372968740887,1021.1887330165454,1655.2852025780394,1.0,11.092273156249783,10.311482410046693,10.93830683555083,4.483728540440281,2.980970753205156,2.9005291778553572,1.2914533326600912,2.7733467220850514,36.69697314752844,35.54273295479924,36.60960211044938,9.475592002574581
3307,331843822303305.44,-8.768768439208825,7.194532052035924,5.938968786651144,2.512670899051634,3.7000388091098997,1.137553369404847,34.83440630145305,-5.303184985999326,-5.34237974362871,1021.1824269488733,1519.2855157964532,1.0,12.803278550318803,11.342512569454662,10.5906869554945,9.329128667597463,4.614957194179018,4.472561037689744,2.7581774263424874,3.8709578733388104,35.63847155386402,35.23577207002056,35.241692406861596,7.527602029920486
3308,331843855636638.75,-14.261426834674227,6.2412890820245845,13.622028269904785,1.7391011455311076,4.9662778978477435,1.211823230719843,36.71383794922722,-7.038578313998544,-0.981572405810724,1021.1669891766865,1337.7712961886282,1.0,20.685783498631388,15.567337112241304,19.721763347805673,14.983769338570466,5.399713371610654,5.261975765151205,2.11966703444194,5.111989016142668,37.39533347935617,37.38244884493801,36.72695714798554,7.106691851356694
3309,331843888969972.06,-16.395796800723232,4.918559466655917,15.094395779456764,0.5463024125623274,5.005780773195277,1.9667061028827282,35.80173086237937,-8.665202593979284,5.49106198758416,1021.1487242552492,1146.692786515855,1.0,22.82225150822151,17.11766280651762,22.28593584926351,15.87554758658462,5.405943060223544,5.035502703331906,2.041171041605183,5.378268684661234,37.24246810414751,36.835440390158944,36.22037678564014,10.258532923678562
3310,331843922303305.4,-16.862710555195278,-0.2381722242364503,9.659639275561727,-2.945838094291838,5.686104400164604,1.779438055218163,35.39773306544138,-11.58592450513645,10.372802870949688,1021.1584720720023,982.000229539423,1.0,19.43492640095832,16.864392466872086,19.4334669630066,9.662575067877736,6.646513756828526,6.403885174435301,3.4415638698329523,5.9580351662213165,38.66300805952048,37.245578970006136,36.88623788856521,15.550841972005998
3311,331843955636638.7,-14.819964016625496,0.34722010256471997,8.201407352208511,-2.9385123133604965,5.092875716990259,2.516959695971142,32.00626634308407,-12.98703191319299,14.79461023184682,1021.1589085315721,874.8904087425259,1.0,16.94151639643156,14.82403100555647,16.937957846533163,8.208754129372183,6.3958833475622,5.879816126757733,3.869100764636972,5.680886302316936,37.57585095578004,34.540759735980465,35.2601982004739,19.686124296736516
3312,331843988969972.0,-15.43886870648861,0.7304734713216923,4.48545471097537,-3.0410588482870744,5.058025929160179,2.575372621257376,31.514849257577076,-16.934656207630283,17.126051777297974,1021.1586537495202,820.1553311726615,1.0,16.093836161484592,15.456139829481941,16.07725010380831,4.544545682080432,6.439270871544688,5.901835749900347,3.9850449253511804,5.67592903746856,39.66446714727337,35.77664468055155,35.867636850042096,24.08493783154364
3313,331844022303305.3,-13.792812987712907,-1.0750564171817654,2.4587844932733547,-3.6557995891950146,4.927507962849483,2.516138114926954,26.2595244120046,-20.199258021234535,18.324485655926605,1021.1567503103571,795.7581778301334,1.0,14.051443256779962,13.834646233790929,14.010257360176627,2.683536376590636,6.631452056200939,6.135568870145905,4.437997481944599,5.532746672072853,37.85973351078073,33.129633969500375,32.021077385043206,27.272638287534036
3314,331844055636638.6,-12.042370402270135,-2.2250595282478582,2.63414291407139,-3.3576191469612953,4.637145111192157,2.326922249002636,23.15069155366958,-25.491307249342494,19.88513585423412,1021.1585162445534,779.5711352512166,1.0,12.52630367273087,12.246206547732175,12.327099975145181,3.448129753358927,6.179910053649479,5.725095730055037,4.085116092468436,5.188225316537131,39.76405276923966,34.434884415277615,30.518406697507906,32.32994545652264
3315,331844088969971.94,-10.464748552564155,0.9059063395021041,1.3569427046011908,-2.5480756052533793,4.2273407998740336,2.509732164583858,18.07487195383599,-25.10805054343281,17.265106186830682,1021.1375013318129,749.5533539668753,1.0,10.591171893039697,10.50388635526602,10.552357829981126,1.6315513474973737,5.537314788443383,4.935899059783031,3.576512942522948,4.9162145779274535,35.428788998238176,30.937278455596957,24.995697385552297,30.471266690672962
3316,331844122303305.25,-8.83114234467822,1.8128790573794742,0.811959642032731,-1.457223871721399,4.1440125900462075,2.286563023073611,16.047297476139136,-26.69733082291031,16.964214477682976,1021.1284432576792,695.8046856977865,1.0,9.051788997150991,9.015298419278965,8.868390697993558,1.9864060352745134,4.952243150054701,4.392760152657573,2.7114335453413267,4.73299173937046,35.46896956778484,31.14904861076207,23.35166651724305,31.631187867557955
3317,331844155636638.56,-6.0025222086238035,6.6041206205035055,-0.7108395330345041,0.2516065839769282,3.6995439596609474,2.673817531231609,10.869816544852252,-29.581993304348288,18.360462636456464,1021.1177036250199,632.9286778428728,1.0,8.95265183489821,8.924386927693218,6.044465708956143,6.642266330996094,4.571567736880406,3.7080899911631517,2.685629546944633,4.564638616559399,36.4740157893529,31.51582522443686,21.33681091314861,34.816675833330514
3318,331844188969971.9,-3.230026050716385,10.102220842365552,0.02477907961168095,2.0440706561678916,4.200136562082911,2.1067145812563184,6.331337184821739,-28.386235130126728,21.314093946651234,1021.1083865352956,578.4776847461585,1.0,10.606061862869643,10.606032916987928,3.230121095422413,10.102251231815183,5.124218800405607,4.67112106325155,2.9353826282589837,4.6988715099504095,36.05765905015773,29.083744177989654,22.234577381065314,35.49744984684837
3319,331844222303305.2,-5.848319566817209,20.93183989053324,8.766764194152232,1.603308339561265,4.534658541260042,1.6621946005940507,-0.000986711687549201,-25.692005526566728,21.579423389121718,1021.1197790186351,550.0040607516663,1.0,23.43503610823771,21.7334940347505,10.538453216268822,22.693569037037523,5.088871840376153,4.809753186758065,2.3094346758353477,4.829701748148293,33.552208016130756,25.692005545514256,21.579423411680246,33.55220800162202
3320,331844255636638.5,-5.003252222660642,15.426232895507223,1.3414308419924297,0.6167841319516573,4.793845476504421,1.2651129024374306,-3.4892362735739217,-25.227179776870408,21.5242838405184,1021.0984688037556,562.591249940922,1.0,16.27269586927244,16.21731155740642,5.179958446494254,15.4844469726974,4.996187323744269,4.833360851212048,1.4074563301719236,4.957969857564239,33.344867132957134,25.467339265564497,21.80526460788829,33.161806258732966
3321,331844288969971.8,-10.33791834618956,17.84271738325817,2.05496987535581,1.5021605338291963,2.332005342589029,3.59746291763111,-8.571648422803905,-23.6473596644151,21.318138536068894,1021.081417668164,609.8958878960688,1.0,20.723368947637972,20.621229821504485,10.540182964308665,17.96066437544678,4.542738670778755,2.7739385694816296,3.8984901837923043,4.287188864698488,32.971712215555144,25.152947655938117,22.97686199913257,31.838037780950504
3322,331844322303305.1,-13.206683840677915,17.146707945155274,5.245726265354211,0.9623595788165168,-0.7177079122941598,4.869127510525093,-12.236941192271523,-19.817089219521684,23.469473648170407,1021.0719860268292,674.5682476260599,1.0,22.269794239621998,21.643153453784734,14.210353342498216,17.93118059156948,5.01494200565289,1.2005168080079283,4.963319320040994,4.92173824589666,33.06472362200778,23.290765442071546,26.46807365611024,30.71698582961303
3323,331844355636638.44,-16.217601265833473,11.554284964357995,4.613668834284132,-0.917845136765587,-3.1284849279614844,5.652011710149608,-13.623456662029394,-16.41403187139688,26.29894630682142,1021.0697189202707,739.1684183869813,1.0,20.440108413792657,19.91261137709348,16.861095187739384,12.44136010048877,6.52495931107886,3.2603462453497807,5.726052398184332,6.460081602901814,33.86227385375208,21.3311746909875,29.618121957194877,31.00088739252973
3324,331844388969971.75,-19.017227896614394,5.8253133789863805,3.1591124500068113,-2.5230844019126426,-5.234445206761571,5.617823577040757,-14.59018254006493,-14.944305671543312,28.37102554844606,1021.0488906495018,786.337196704039,1.0,20.138749323305916,19.88942515094809,19.27783567581062,6.626784094505099,8.08240764033336,5.8107978386589965,6.158400493791378,7.678499747043311,35.22954426653169,20.885538024119395,31.90279795289113,32.066296366669796
3325,331844422303305.06,-17.132465472701263,2.7314871130735923,3.218438822831754,-2.6443653322517386,-7.753002655479251,7.442045763439441,-12.34065287605821,-12.33557717919544,30.497204407741346,1021.048448530713,808.293498760507,1.0,17.6448503387957,17.34884419845276,17.432146214095713,4.221299599080567,11.06732864477287,8.191563842532338,7.897892956703185,10.74677139056169,35.13598802422965,17.44872997530912,32.89941017852633,32.89750660812223
3326,331844455636638.4,-13.490059639815858,0.976432111144933,-0.41210505272709197,-4.40655036689907,-8.0524646469101,3.705365720492849,-8.377698401101203,-13.593993774954463,35.65095688115393,1021.0477892975306,815.7583912000628,1.0,13.531628110761353,13.525351335675673,13.496352828089222,1.0598350070450353,9.898970054927878,9.179317677570339,5.757379721594001,8.864080438056758,39.06370724592343,15.968171381010235,36.62207745393085,38.15478205016243
3327,331844488969971.7,-12.566507072522906,1.3217130479158858,-0.7493626051725805,-3.145774157613646,-9.08077785909495,3.4467731810934197,-1.9989402563625092,-15.210281671097084,34.96280523932354,1021.0691992223711,821.5648319685624,1.0,12.658023925511849,12.635823098824996,12.588830140954293,1.5193648985882677,10.2096359846394,9.6102248452853,4.666491231387314,9.712917784483398,38.180442386979855,15.341070062502762,35.019901661075174,38.12807913751991
3328,331844522303305.0,-11.89440655524264,0.19018650236620233,-0.35672642545979893,-3.1924023320946118,-8.79043129507889,2.12913067156807,3.77357203400283,-15.99806907887151,34.576627046885235,1021.0688560999785,838.5457790118628,1.0,11.901274383430653,11.895926958714961,11.899754663186146,0.40425814562432133,9.59147081630744,9.352171673117716,3.83726856847094,9.04460500907111,38.284738448728476,16.43709402991152,34.78193473392766,38.09831167114549
3329,331844555636638.3,-10.402435576722622,0.5849312825864338,-2.0812952552628294,-3.6137866119827513,-8.516800673152122,0.48992157974999234,10.978469970716782,-19.008982873055487,29.9698722482627,1021.0582718264152,877.8780086682679,1.0,10.624716489054768,10.418868006324523,10.608602917794787,2.1619284319624867,9.264738017745291,9.251775363850456,3.6468447775097994,8.53088019260083,37.149178663104166,21.951497278455676,31.91739408966711,35.48992353394557
3330,331844588969971.6,-7.527751525715897,0.07837234184661633,-1.5239870094312584,-2.999124267854804,-7.741859663754889,-0.5239335369032648,16.999926627826593,-21.446709343721928,26.821850469462024,1021.0685028464418,936.3824103881778,1.0,7.680867246724146,7.528159486679632,7.68046739709461,1.526000861363372,8.318992954583056,8.30247778842621,3.0445447484193062,7.759568119706595,38.31932292762696,27.36711250800086,31.755458868636552,34.34200058645783
3331,331844622303304.94,-17.610830252420307,-1.2810088245648443,-2.2221991896499356,-1.7896691465036465,-6.4566579220009315,-0.9698131655044532,20.482393421448425,-24.699257749319496,19.821386693863374,1021.0789919395621,1003.5130651789356,1.0,17.796642802131423,17.657358969794302,17.750479188406242,2.5649859350674484,6.769925018171932,6.70010053474457,2.0355474030178855,6.529086390738229,37.71563527379563,32.08709668446669,28.502908811885458,31.669239078875627
3332,331844655636638.25,-14.172779412546397,2.216041015857173,3.445839179863851,-1.6052532127413492,-5.700718480909336,0.7291075179453567,23.917687122071804,-24.36478888802835,16.17464777535937,1021.0984915164672,1068.663911868101,1.0,14.753044489668737,14.344982191019279,14.585660215779873,4.096906813371042,5.967128861380664,5.922417502641777,1.7630756222411057,5.7471548588241195,37.779861374606014,34.1423299560459,28.87343048420567,29.24486567271472
3333,331844688969971.56,-24.88608303504693,11.03098505156653,1.1149145501362148,-2.316541655100287,-4.915979098643843,0.24526020791379236,24.370656136029847,-24.748664423745456,8.666782999542509,1021.0878019841571,1121.270035025681,1.0,27.244133212294354,27.221310769967246,24.911045005807285,11.08718474915926,5.439978704710509,5.43444714190118,2.3294887442099164,4.922093362370227,35.79858096099526,34.73363314224087,25.865846362757363,26.22230955351422
3334,331844722303304.9,-18.250643471315872,16.35119932684593,7.298721600805372,-1.191904079905444,-3.041755035060234,3.5894862555244345,21.529596221027756,-25.36267518062603,2.090872289861275,1021.0873021910804,1155.9050053803126,1.0,25.567929981705486,24.504034495228154,19.655974260339974,17.9062295426008,4.853588425856518,3.266941846591324,3.7822013318032224,4.704963896982963,33.33407494878096,33.26843557726207,21.630886721838344,25.448713901697538
3335,331844755636638.2,-12.380622177626973,25.06481598735939,4.747904916920854,-4.16480973299501,-1.263795062202999,0.9499551103458186,22.38847189477806,-28.096540193207122,-0.4549951096797067,1021.0748141253175,1177.2092510451182,1.0,28.356082364908183,27.955765165441917,13.25980416919006,25.51053902959144,4.454798848766438,4.352334783917552,4.271774200928942,1.5810100160722633,35.92862737653086,35.92574626381156,22.393094791321264,28.10022404498469
3336,331844788969971.5,-3.091618789778903,15.495328470325827,-7.40024154716475,-3.268119216054483,-2.307754841649235,1.0752730955060574,18.290059323468313,-28.48612252462078,-7.389228810444703,1021.0883505004133,1190.9920746047128,1.0,17.447833278117585,15.800737677229,8.020079905942167,17.17174363189928,4.14277055235011,4.000791874054443,3.4404673287598224,2.545966346807173,34.64947544995167,33.85240680577523,19.72630154055991,29.42889530547848
3337,331844822303304.8,-3.037801887147407,10.248527770880369,0.11161658553151833,-2.3303996446322444,-0.4169109105864718,3.0155560991329633,17.66842161629548,-27.953550161261322,-10.135282823769595,1021.109135459913,1203.062778643712,1.0,10.689855940948323,10.68927321084378,3.0398517344966125,10.249135560264184,3.833817392376187,2.367398828053299,3.8110813545134543,3.0442393622026596,34.58754178815154,33.06923175747102,20.369022566853236,29.73423825383714
3338,331844855636638.1,-0.007566673451731648,7.65705935307004,1.5451358095520003,-2.711010681389136,0.009526355360385479,1.9053161485218826,13.366896264981529,-28.395105992845046,-13.596923679329638,1021.1116243658859,1219.2236854478988,1.0,7.811405754468553,7.657063091746372,1.5451543367919724,7.811402089663372,3.313593108978636,2.711027418904582,3.313579415137692,1.9053399636980044,34.20281119506402,31.384008031220006,19.066993714277356,31.482667896581123
3339,331844888969971.44,-2.321061746255157,7.709716422639064,5.384447312255532,-2.332366559715104,0.6595107449948024,1.6661724413578285,12.816629573229399,-25.88106399599258,-15.909334403523326,1021.1387712092962,1245.2087057193582,1.0,9.686037776402452,8.051525007564686,5.863412017621213,9.403829016733892,2.9412614293838577,2.4238168642950044,2.866367801454931,1.791950062670248,32.972752210653766,28.880710988167202,20.429706673873447,30.379868247373857
3340,331844922303304.75,-2.7883692325288356,7.161182530372748,7.155405448211914,-2.3178073184356163,0.5983092665932858,1.238962757682156,12.041149572061881,-25.38214472111569,-19.07640369445701,1021.1597364530803,1286.7129930270216,1.0,10.500350724548682,7.684890253622967,7.679507152494501,10.123357267310908,2.695409701475542,2.393784606827669,2.62816656251408,1.3758643441178233,33.958087866873775,28.09346104808781,22.558777913057682,31.751573954019257
3341,331844955636638.06,-0.24209897031621472,5.134286711196487,7.03719890530887,-3.0984792468717144,0.4600761832841701,1.150107112945776,12.617403956541084,-25.07501551108975,-19.45422079459382,1021.1589558193626,1349.4312587121944,1.0,8.714452385381273,5.139991434253273,7.041362108591528,8.711088822050272,3.336913260630025,3.1324501173554284,3.3050446312482946,1.2387156516625588,34.15292069807115,28.070541239597254,23.18761715501067,31.73677850075836
3342,331844988969971.4,-0.6152136275026632,4.048077411578423,7.736772683447205,-3.081797858624096,0.4644512145474879,1.0778590935277117,11.648133901528531,-21.860431331692137,-23.790728458753836,1021.1716019895593,1439.0080684479603,1.0,8.753460463892626,4.0945596268214794,7.7611944546441975,8.731814375344126,3.2977224257986117,3.116599584822327,3.2648519517614343,1.1736673958984365,34.34466831975125,24.77009247854286,26.48920127119914,32.30908879256403
3343,331845022303304.7,-0.16637695748164436,2.086732073614588,7.118134702174729,-1.8647054162355772,0.5517071487819744,0.6217845652407344,11.127832543598034,-22.40092052192352,-24.451117232692784,1021.1679591875792,1554.9055461185446,1.0,7.419566946752136,2.0933542555030398,7.120078857027145,7.417701287147923,2.041598176166662,1.94460974680151,1.9656404388671664,0.8312621870317118,34.978379483257655,25.012594774391037,26.86421022560026,33.161097300246574
3344,331845055636638.0,-0.28276541203777517,3.035462270034844,9.137004520424648,0.020353508364699555,0.6676294251936906,0.4972280377837763,10.52010945307447,-21.35569228231846,-25.04142749244147,1021.180489067832,1684.516339268162,1.0,9.63217727605293,3.048604184057022,9.141378883106496,9.628025903531084,0.832693843045278,0.6679396040715131,0.4976444381896138,0.832445055810149,34.5515757472933,23.80626589286407,27.161476281010028,32.91107235743436
3345,331845088969971.3,-0.6066444340660615,4.205440060456941,9.213953386776389,-0.02797098758445207,0.6351701848899582,0.3036157297181054,12.419024722342613,-20.243216914358076,-22.7003208612126,1021.1850341560234,1813.8376615454795,1.0,10.14646148098772,4.248969707055983,9.23390245145959,10.128309983199772,0.7045608925081287,0.6357857657415691,0.30490143895807903,0.7040054510480734,32.8530755531033,23.74910537464327,25.875408059703346,30.415331631329565
3346,331845122303304.6,-0.651729046502499,3.650012002626996,9.42378653927865,-0.8416680390550231,0.8569976614313267,0.288245136108858,11.169578641611645,-19.548768357255888,-24.278855872878793,1021.1887024222395,1928.866726599164,1.0,10.1269487560304,3.7077403319779814,9.446295754841923,10.105955687475115,1.2352875528215705,1.2011869461767768,0.8896574320811027,0.904173794239347,33.11157915009215,22.514746974301,26.72493834468413,31.17077456178576
3347,331845155636637.94,-1.6993558640332964,1.4240298884358407,8.488462174736597,-0.8680940131513584,0.7931612013228593,0.23571874376429397,13.821697205979158,-19.583002780842328,-24.212923769032987,1021.1779143041786,2017.0101452884335,1.0,8.773235524463988,2.217131361868968,8.656893232826562,8.607081457444941,1.1992727934523357,1.1758792059362015,0.8995279550025378,0.8274466855609117,34.07050027535922,23.969424514749,27.880189940148806,31.140964586208323
3348,331845188969971.25,-2.050032199063675,2.3310434500099735,8.394024998840274,0.3461675927912156,0.5700651423828167,0.17597216637572874,12.18456827180115,-21.30355896723344,-25.135709980987453,1021.1892123156842,2078.049097211433,1.0,8.949639728178319,3.104254432715245,8.64073421060695,8.711682917036747,0.6897626201801407,0.666937979769338,0.38832744641324546,0.59660746718333,35.12989104578731,24.541909637201737,27.933270847118774,32.949135662695376
3349,331845222303304.56,-2.6414725605519336,3.6184717277661456,8.660532545116649,0.3582556380273238,0.7069011884172451,0.08423082966236874,11.967236338065778,-20.07026004938733,-26.217323943988717,1021.1992527485863,2118.1822447245536,1.0,9.750668638499432,4.480035148611192,9.054402313414919,9.386062092787771,0.7969637538995669,0.7925000898196027,0.36802436718779347,0.7119017648884742,35.11948403386928,23.367286620854273,28.8194868163048,33.017622767759605
3350,331845255636637.9,-0.6777617861952873,2.2457435738029243,7.670053669778398,-0.4779491142182222,0.8653979790522827,0.1559026293377153,13.195407592778132,-20.9503543114512,-25.104843117971374,1021.1987635608849,2143.6626722815327,1.0,8.020751120399188,2.3457888306716264,7.699940541076126,7.992064032310941,1.0008269819325273,0.9886096388007546,0.502733513520231,0.8793288872669817,35.26030736242728,24.759566379783163,28.361451470570074,32.698172636300285
3351,331845288969971.2,-0.6615199873743256,1.8014549199391259,6.382048345741008,0.4253546422628927,1.0979304253881645,0.21628980349524896,12.278830711596072,-19.910187224050574,-24.281403740302792,1021.1888674112228,2160.7115008068754,1.0,6.664337147057024,1.9190749131465947,6.416241094369138,6.631423747276932,1.1971462190491364,1.1774454512577768,0.4771874377963096,1.119031946858109,33.716046721707635,23.391990914430128,27.20948825765794,31.40067073959308
3352,331845322303304.5,-2.5924382628852856,2.80924577592896,6.834879768986376,2.045403276253394,1.3183784219662957,0.1282415260671855,14.967154931835498,-20.685029641562785,-23.420307793961474,1021.1881718804298,2171.475998986928,1.0,7.83123102921537,3.822642800007134,7.310014883936347,7.389684924682104,2.436850860233859,2.4334741062962757,2.049419540142076,1.324600903107944,34.64674580952432,25.53206176605992,27.79436172890934,31.247100160434464
3353,331845355636637.8,-4.163932553141575,4.869837781869506,7.581295192044465,3.208981610881091,1.4008621004428352,0.026867305580706987,15.114092779276355,-24.743039673640144,-16.96877859552646,1021.1889619112962,2170.077968188967,1.0,9.926212324837321,6.407312566812691,8.649530108394828,9.010624662621357,3.501528160038026,3.5014250817959987,3.2090940826161782,1.4011197224242757,33.59454211409795,28.994030641356225,22.72389155854627,30.002624207147733
3354,331845388969971.1,-4.648391925427825,6.308292911092034,6.3041123555072955,2.4494474360873424,1.2978772641212093,-0.013872497953822378,16.633495045084995,-23.945981965490176,-16.43680553344113,1021.1999937361568,2149.701103020961,1.0,10.057034331023054,7.835949651734409,7.832584508528609,8.918317781005213,2.772087765760148,2.7720530541238944,2.449486719366801,1.297951400832186,33.47016262061792,29.156186473996353,23.384647390093956,29.044425083580872
3355,331845422303304.44,-5.100026737997437,4.985388448911143,5.2112534693571035,1.7040595088472448,1.4987572855780842,-0.18926630267726044,17.388675482853593,-25.483364646503073,-16.705733307504314,1021.2079312153863,2103.529098090883,1.0,8.832979872993704,7.131926157415361,7.29160033532936,7.211883298308639,2.2772601836626443,2.269381459950288,1.7145379969606487,1.5106604960753118,35.083463826938406,30.85073595158852,24.113223766005508,30.471025566070168
3356,331845455636637.75,-7.871695654376293,4.542866846064009,4.971809036935215,1.6448795448058715,1.6450632480775154,-0.682119458448763,19.87668858445319,-26.580350513976505,-10.061185682192942,1021.2294672668885,2026.2800550864215,1.0,10.359542304365808,9.088521973137006,9.310342505776964,6.734725256520732,2.424283144084154,2.326340862190259,1.7807065093707062,1.7808762016967317,34.68177100236877,33.19032664089317,22.27802070236259,28.420810874734297
3357,331845488969971.06,-9.655687037258382,4.458749537439162,5.698659723098967,1.9542579963798514,1.3360473249064275,-1.4150531734204026,19.926432120218095,-27.43502537389036,-8.847598295761564,1021.2286992846249,1926.1277529961553,1.0,12.065962963591586,10.635447315420894,11.211913966899226,7.2356872567354875,2.757992431898856,2.367307916348064,2.4127784398949155,1.9461238239117193,35.04316352601217,33.90786508035661,21.80235520866547,28.826387440488805
3358,331845522303304.4,-11.96386685493027,4.860328735569654,4.361346165929957,1.715518291864779,0.8209796088877171,-1.9581719655933192,22.044390313001948,-24.336401886050865,-6.001113239728503,1021.2287723852239,1818.2171108801012,1.0,13.630049373328594,12.913438950965125,12.734027269547175,6.530247759225989,2.729734048358499,1.9018439809648104,2.6033517734947487,2.123309907913829,33.38006832149088,32.83619346135228,22.846630044451167,25.06539081832607
3359,331845555636637.7,-11.586148723117786,5.356392288145627,5.798916469873722,0.170663610096398,0.6704374417829055,-1.4860645993989412,23.463526474753202,-25.042297051841423,-4.527251982759295,1021.217341680635,1717.7519530649129,1.0,14.019886333465138,12.764395033792626,12.956321795122898,7.894198538742148,1.6392072549687786,0.6918182067245283,1.4958322303647127,1.6302988550971698,34.61429945527582,34.31695960110846,23.896298565820658,25.448234755048603
3360,331845588969971.0,-13.534327426760363,1.453094125972877,8.463629544538211,-2.905056403756095,0.844098361500476,-1.772702792626703,22.984599277033542,-23.36856568220564,-5.591674466165287,1021.2187600331879,1639.8473265969465,1.0,16.028803027702185,13.612108632893534,15.962801883188861,8.587462233169761,3.506327130186029,3.025203258112103,3.4032084714267516,1.9634095942707164,33.25129304711224,32.77776175960418,23.65499159292549,24.028247655189592
3361,331845622303304.3,-16.505930410177072,-1.270936071057801,8.367805699481636,-4.520755420832896,0.796584420859037,-2.213131567944365,28.240934045989576,-20.722713818170813,-9.92506057059336,1021.2231411041583,1589.6822657213309,1.0,18.549425582119827,16.55478834664835,18.505834510496562,8.46377284200097,5.096050201045632,4.590400452525394,5.033406491832534,2.352126288401031,36.40725272675333,35.02829176222758,29.934214255929287,22.976894814568713
3362,331845655636637.6,-17.794538975513056,-0.6263866933429825,10.95123433293039,-4.605408000179145,0.7737196423998711,-2.6048471122584824,28.240537260434365,-17.52435863841584,-10.009784986095024,1021.2099142128867,1553.5576070089755,1.0,20.903767867430116,17.805560301227548,20.89438084188681,10.969133680667333,5.347303377534401,4.669949136034509,5.291031215779721,2.7173278350756167,34.71061632863431,33.23599089008483,29.962038318943442,20.181648623332865
3363,331845688969970.94,-15.991132785106608,-3.355634485834086,9.300011057805413,-3.8649961797409733,1.2018183398014999,-2.1133124035858413,30.445726133332577,-12.611335934073232,-13.938860266267772,1021.218753033958,1515.6625597048394,1.0,18.800713184045264,16.339418917251322,18.49882519043343,9.886884669997013,4.566032425032187,4.047537867802543,4.405029487365787,2.431143072102709,35.780998579560006,32.95433255018127,33.48483336241094,18.797276918867404
3364,331845722303304.25,-15.262802301007106,-2.2607613930476664,9.062138679372865,-1.2107311855333203,1.9288843871296966,-1.9317116286008134,31.595933309628354,-10.987455736607252,-11.27763410898565,1021.2187490521459,1460.186333053882,1.0,17.893756833043987,15.429328441507836,17.75036595464481,9.33988220056766,2.9862978415769637,2.2773811675992284,2.279776265271337,2.7298543541706235,35.301731067563,33.45186370399094,33.54829403714351,15.74513304675639
3365,331845755636637.56,-12.34456888088512,0.8146037514485546,6.044581709225494,0.5190190373171765,2.491328683519472,-1.1752802507238163,32.97322282173906,-10.78531813140727,-7.645222366995956,1021.219324849894,1373.688008461968,1.0,13.769129535533274,12.371417062195881,13.745011782258343,6.099225140243427,2.803102395233886,2.544818140933555,1.2847818604101964,2.7546328751883253,35.52472287701244,34.69231197899206,33.84793713496981,13.22015552996551
3366,331845788969970.9,-6.074003068117881,6.231239001326118,4.511532729948836,1.5583564593832253,3.8112252176440107,0.7763215848634025,35.51444228419576,-9.373114275574043,-3.8616452030872646,1021.2209631694283,1262.2605600819988,1.0,9.801825357378734,8.701830426016882,7.56620385959201,7.6930011741223145,4.1900581997428015,4.1175129039393505,1.7410198326343806,3.889487480726794,36.93295527919433,36.7305170393835,35.72377239923016,10.137434335052276
3367,331845822303304.2,-16.34914925674934,7.728304972565104,8.486910022900961,1.2191666803194408,5.306205561176213,1.7186476844715584,33.19297232137471,-11.8208583593744,1.7392151199109824,1021.208788443684,1141.609714183976,1.0,19.97621137516468,18.08373244572154,18.420703655297327,11.478429312662568,5.709284956559617,5.444463688175218,2.1071585744173538,5.577595119834069,35.2779105548113,35.235012471687014,33.238505994717556,11.948119583671675
3368,331845855636637.5,-15.185259551680993,5.101801632471654,12.303978884197978,0.2715823075625443,5.437888643848875,1.9356588575848657,33.32709333847452,-13.536521368859539,9.133971129713247,1021.2035553991254,1027.5082736100544,1.0,20.199217408894807,16.019378500709983,19.544308737704398,13.319770128642617,5.778508896387397,5.444666183769355,1.9546181628972303,5.772123362840342,37.11282783296658,35.97127411089276,34.55610769444134,16.329936906431268
3369,331845888969970.8,-16.1349465015994,3.219477179401439,11.730398872932069,-0.8114649490134566,5.540444126689279,2.398247588447582,31.80623609906442,-15.882910725133513,14.45059939659744,1021.19745244465,935.6195330463576,1.0,20.20652839149386,16.453009813349087,19.94840235025253,12.164180655793164,6.091517707430373,5.599553239718607,2.531810984053125,6.037227229155813,38.37607758503899,35.55142061707225,34.93503224143883,21.472928911154703
3370,331845922303304.1,-13.61943973997816,3.338167348077412,8.530820621967393,-1.3595720038782937,5.4470580921929805,2.4376397012402973,28.89479967856109,-18.1451230139075,18.762060569443697,1021.1915885258496,872.2956485966307,1.0,16.413634593192658,14.022571093585748,16.070595487258103,9.16069111628344,6.120536349578978,5.614167604681452,2.7911509000397174,5.967623410771488,38.93802581623115,34.1197147944412,34.45176868138482,26.100965614346713
3371,331845955636637.44,-11.196718953848999,1.6432700363964523,4.415470707753958,-4.063291480752594,5.137916813964384,2.5274344509171383,23.03073822759316,-23.304867167200367,15.24622707681573,1021.188624912633,827.6111361338883,1.0,12.147560796926808,11.316662570917268,12.03590033618236,4.711339298283624,7.021143193843674,6.550460048330539,4.7852129065736895,5.725916004527201,36.138333899982214,32.76479416979107,27.619962769449025,27.848954625958275
3372,331845988969970.75,-10.571192408558977,-1.442322283204844,2.2177226887723047,-4.370228001067574,4.517764682296024,2.6717302393328533,20.08850010672829,-25.52911574748611,16.656475462023764,1021.1887027079879,789.9999210202672,1.0,10.897187546871882,10.669133165698335,10.80131486732381,2.6454843588508883,6.829877962136802,6.28562570520361,5.1222099969720745,5.2486512740290605,36.50646192393294,32.485128711251335,26.095708677003245,30.48235433272081
3373,331846022303304.06,-9.902087363183721,1.6683021244986287,1.5604685027687715,-2.1654002954895613,4.598943794294426,2.3274574774317496,15.467138298181544,-26.567096115341617,14.735199247154146,1021.1817272315774,747.8959286179033,1.0,10.162166504976327,10.041641605172401,10.024290303869703,2.284358537257243,5.590733473529073,5.083231498051755,3.178996185741537,5.154351785853598,34.090600757249874,30.741551085410016,21.36254816234258,30.379873154032946
3374,331846055636637.4,-9.511975584309091,2.784727430458865,1.46274587815134,-1.8328147887531332,4.278023141380708,2.0021770838593898,10.985488966417615,-28.367445740562758,12.435153998399159,1021.1686786477072,692.00021480134,1.0,10.018583327122206,9.911225271299323,9.623788496249334,3.1455257694062477,5.066498309798667,4.654104860019921,2.7143918517789363,4.723366921309475,32.86374903505317,30.420271952680753,16.59258939391877,30.973295478648616
3375,331846088969970.7,-7.931533436266953,4.682872279968191,-1.1427925111367983,-0.10778546919031858,3.8892368585396326,1.716793055442253,9.516887231402835,-30.15865757842149,13.397183139731112,1021.1587474706974,629.6843592787766,1.0,9.281405613624775,9.210782563990703,8.013438548721204,4.820297450780899,4.2526649814447595,3.890730143455314,1.7201732769065226,4.25129882942119,34.34530951363248,31.624607025348446,16.433370276809743,33.00044155783337
3376,331846122303304.0,-2.5285980033277133,10.730620894084439,1.0218875603099744,1.3570481371800662,4.136242747886768,1.3728428755875,4.596182437787504,-28.94957710638437,15.872816463651283,1021.1587701181553,575.7585930469476,1.0,11.07177884627898,11.024519610168708,2.72728107248761,10.779168750811808,4.5645132574154195,4.353169387477331,1.9303567565803073,4.358119047306674,33.33390481369801,29.312163134779397,16.52486597495379,33.01551630865786
3377,331846155636637.3,-6.706418683498878,18.263238999739745,2.7664673230032792,3.0504829953782364,4.758145708548114,1.6468550923497065,1.9008531986403479,-28.760804139019616,18.837600474746477,1021.1693471283555,545.0675309816811,1.0,19.651343256104468,19.4556405785057,7.254611844036024,18.471579256004606,5.887064530312605,5.6520259278303575,3.4666378813325656,5.0350851312537905,34.43330203817226,28.82355109291409,18.93326264881333,34.38079473149532
3378,331846188969970.6,-6.147202681581294,21.136237486970376,4.928030828708449,1.4986317458692677,3.68941759100536,2.0026577539376906,-3.034493698575918,-24.77230073653875,19.157520288790764,1021.166643105869,552.3512939571542,1.0,22.556908559524572,22.0120111737672,7.87867937265765,21.70313394315007,4.457391316673209,3.9821726821607024,2.5013066963357224,4.197909031914168,31.462447765608527,24.957464530440895,19.396358823813472,31.315770266703453
3379,331846222303303.94,-4.706765640678195,15.587256776754051,0.221564506479393,0.659157309655754,3.3509323228440233,2.555970881021984,-6.648939436692613,-25.394467093779205,20.840185688529196,1021.1592874956414,601.1323208278486,1.0,16.283897182531746,16.28238976995496,4.7119776768147235,15.588831407613483,4.265703099816694,3.4151479896416572,2.6395976025722008,4.214467294559674,33.517170139231894,26.250473416870815,21.875139660472648,32.85106236500445
3380,331846255636637.25,-10.648101883524342,19.441459552480925,5.553051870411141,0.0709089666822825,1.4131830045912719,4.393524141045641,-12.450770930687678,-23.909894986130062,21.230929372505845,1021.128387607442,673.8744187653741,1.0,22.85145090203559,22.166470699068594,12.009099000232753,20.21896967222189,4.615752231648965,1.4149608779120233,4.394096318869989,4.615207534056996,34.314095311352105,26.95746232523056,24.612477705196376,31.975544409252816
3381,331846288969970.56,-14.63866929184903,13.599143406770581,4.826418040717736,-0.63291167827819,-1.6961126536832727,5.426943567806753,-13.311705206116617,-19.98306915451462,20.535592733716715,1021.1187760413861,750.7204608791172,1.0,20.555331452881056,19.980674163652125,15.413790894516813,14.430211796840593,5.7209345228419215,1.8103522658547502,5.463725256696205,5.68581697051036,31.59485903202837,24.01092560333037,24.472679959898773,28.65368426152547
3382,331846322303303.9,-17.51525832057929,10.497865643371478,4.768816421829557,-0.8180764731216512,-4.348048912703401,5.958416426507522,-16.77987613300581,-14.420844369283786,23.641564775737745,1021.1103319458089,811.8133202784645,1.0,20.96976554871352,20.420319711084378,18.152847823461013,11.530255553602899,7.421422018374313,4.424339325044632,6.014314210909656,7.3761952020629105,32.379755718774746,22.125211758582605,28.991168104862933,27.692676601739088
3383,331846355636637.2,-19.78572838839476,6.7173855283379025,5.194645529539858,-2.048534502021708,-6.251282006202429,6.330826420886038,-15.65515596302808,-12.61361003231527,28.44185807664121,1021.0993306524344,840.0914224734664,1.0,21.530969749949076,20.89493518046069,20.45627996574398,8.491620017045742,9.129862183978043,6.578375204185574,6.6540105783927075,8.897071984223741,34.8299634959019,20.10440415118185,32.465723449178434,31.113380544375524
3384,331846388969970.5,-16.822724562454063,3.3740916405663923,3.7409954860143166,-3.351848819509544,-7.680447172197887,5.70081915199299,-14.13364833506369,-10.647754755091196,32.14447098314799,1021.0799470729183,842.185749810597,1.0,17.56085428814654,17.157754984354312,17.233662087048554,5.037811193893584,10.135260148486575,8.37998563684748,6.613186033416692,9.564967734846396,36.693346963315555,17.695612354021993,35.11448461882492,33.86209822369267
3385,331846422303303.8,-14.384507287174364,1.205575544599125,1.1377012446126389,-4.594398850668852,-8.511312191853559,4.303904571351061,-6.605928468061905,-11.20883408123734,36.205162002885096,1021.0725997287012,836.6607294374276,1.0,14.47970394761236,14.434938943012812,14.429428748802412,1.6576418538781603,10.58652589783442,9.672173283508847,6.2954027161353086,9.537611324985496,38.4719379293663,13.01062075328685,36.8028809548968,37.90055035373316
3386,331846455636637.1,-13.10089963453845,0.49092500358835756,-1.0541378978947193,-5.026666953874701,-8.674401638536278,2.4867393745531077,-1.311568756200433,-14.125674836948765,35.159942356030655,1021.0701810637289,842.1717520588868,1.0,13.152406065096068,13.110094530299845,13.143240770145985,1.1628473962331114,10.329399651904732,10.025598458536868,5.6081417048901985,9.023808314874248,37.91406663338618,14.186433737957142,35.18439652859829,37.891374164558954
3387,331846488969970.44,-12.0045789897829,-0.1743182790869586,-3.1414673812199028,-4.933497673159959,-8.405701452398558,0.5490252318780157,3.996606001871381,-19.391287188963478,31.487286139050404,1021.0800503439355,877.2569261527774,1.0,12.410041131746079,12.005844559395264,12.408816786027815,3.146300076231203,9.762000046259407,9.746548937851282,4.963952860001134,8.423612384962519,37.1946779362517,19.798860532340072,31.739912538263713,36.97933486756211
3388,331846522303303.75,-9.693038228501752,-1.079672874106506,-4.383353114976303,-3.9823193605211715,-7.883124603599798,-0.7572334813773973,12.507333183837513,-23.296563703218194,26.72267959315655,1021.098759001588,948.4293845321494,1.0,10.692729686326604,9.752983318671154,10.638081341565726,4.514363526085805,8.864306151661344,8.831903588981382,4.053673646767915,7.919410082903865,37.593415226447995,26.441695553606742,29.504829909864394,35.451819206023956
3389,331846555636637.06,-7.703951357409274,-1.5068013823977255,0.029713333310684292,-2.910983277265006,-7.056554602507104,-0.8886220348788247,17.650529455395784,-24.990381578529973,20.327724211871697,1021.0973588626392,1039.930867604177,1.0,7.849980879307944,7.8499246444360145,7.704008657803068,1.5070943196005115,7.684948641308729,7.633399406468962,3.043595367552773,7.112285988276651,36.73250240768031,30.595103554267055,26.921321692846156,32.21390294693341
3390,331846588969970.4,-14.923831331828087,-1.5433748007852042,4.848609415497581,-0.4904565254952028,-5.584327905654422,-0.9656751193555503,19.335832385075044,-24.531616442468103,16.403443502678506,1021.097888817818,1133.5891981105867,1.0,15.767427204861427,15.003424522306647,15.691709750212228,5.08832182941985,5.6883911783046255,5.605824271351318,1.0830863490706466,5.667208006947782,35.28098040091366,31.235790678388284,25.356406937286728,29.51056021199762
3391,331846622303303.7,-20.667877051639756,4.090425995063334,-1.0860926441320797,-0.8194319398712521,-5.924312143190482,1.4782924942656457,20.799208907761816,-26.446179463589655,13.161406024286286,1021.0912405664496,1211.2321987931045,1.0,21.096737280310073,21.068761867817177,20.69639434909702,4.232160447422531,6.160705460630099,5.980714261192836,1.6902122359879268,6.10596618632599,36.127968500113994,33.64531913073659,24.613608019240857,29.54019324169208
3392,331846655636637.0,-22.10027807060819,20.346666405558086,3.471993872578932,-6.733361723098231,-3.839427200702244,1.358725632454501,21.0676524533501,-26.079184818538703,4.248767219461501,1021.0686976294783,1256.7918131708395,1.0,30.240103605452425,30.04012524303571,22.371343997387168,20.640774580191792,7.869275485574612,7.751087750991899,6.869082576179534,4.0727554031369415,33.79381427983262,33.52565973541234,21.491812459174287,26.423018443861977
3393,331846688969970.3,-12.115674409426214,26.679870998849168,5.6291041648500935,-2.9247787852814766,-2.0072266825585436,0.7033390512940416,20.622823877544317,-28.348000883897356,0.4300733855634276,1021.04903359742,1271.42889849346,1.0,29.837759577575373,29.301963806380932,13.359505233875913,27.267239138093274,3.6163483957001112,3.5472933199846284,3.008158367491278,2.1268861690862018,35.0584509343272,35.055812910238686,20.627307817579638,28.351263062347243
3394,331846722303303.6,-2.3543754032239472,14.137163591162944,-5.088110696873455,-2.1256688937091393,-2.037742842377043,1.2386583812978933,18.91322377581143,-28.12737234908087,-5.261814366976455,1021.0734020709309,1264.735675816455,1.0,15.208265792201527,14.33186931082645,5.606420783614444,15.024921459593099,3.194548281510396,2.9446331074246768,2.460232271807309,2.3846740819697745,34.30081339108852,33.89482421930755,19.631523731652585,28.615306493140324
3395,331846755636636.94,-4.379510553922659,14.140722040364444,-0.04183853660526898,-3.120085860905152,0.06786496236870511,3.425412397048601,16.650180813567108,-29.275606858663316,-7.505770847318562,1021.0787967196387,1246.361938488478,1.0,14.803441592343113,14.803382468705209,4.379710396255125,14.140783934633683,4.633895933487478,3.120823838754368,4.633398954253183,3.4260846082622574,34.50545281661943,33.67921730188356,18.26376514131014,30.222470993541737
3396,331846788969970.25,0.12202257131987702,7.411732475902712,0.7921375595555865,-3.9334914011684723,0.482843536164746,2.2127526977193517,13.973385669061198,-30.203351395311646,-11.731347957814307,1021.0953571720388,1225.9637914956675,1.0,7.454941295243118,7.412736863147272,0.8014807678105538,7.453942594869484,4.538916939617496,3.9630155795154764,4.5131617635899755,2.2648206069533066,35.28629291201206,33.27909167277555,18.245000190836908,32.40165058166
3397,331846822303303.56,-4.292482403921878,5.441459497941628,5.395285749537741,-2.4211594459967647,0.7863922584111751,1.4176268249301975,10.681763508987759,-28.828572872313888,-14.815958581876309,1021.1055287376374,1213.864536894904,1.0,8.783165430235453,6.930720500475986,6.89452779435575,7.662805608059243,2.913776185946694,2.5456680551533792,2.8056512394987787,1.6211349724346524,34.12769131095933,30.74388858807966,18.265067762311116,32.41294868650778
3398,331846855636636.9,-3.1805142953507,7.0385113124034655,6.983103620057989,-1.4217370256368191,0.7864132609804974,1.20170420638691,12.382485910584569,-27.411269637234213,-16.443856975447815,1021.1078171057817,1221.634358705051,1.0,10.412494842554722,7.72374991035842,7.673291819773125,9.914856411632925,2.0208599621845655,1.6247405907136714,1.8615663215998033,1.43615417580912,34.27979131616713,30.078292179759536,20.58461536086621,31.965264512500784
3399,331846888969970.2,-1.5046911354763035,6.797827106353758,6.7726524980789575,-2.7064194573487774,0.9335473794029232,0.9568108960511188,11.316311115122707,-26.629047371427074,-18.57606357359194,1021.1300759043104,1260.9801012611865,1.0,9.713051561728374,6.962366607774893,6.937789076709965,9.59579466368539,3.0185599347218965,2.8629035940293406,2.8705737004853566,1.3367863705140812,34.38364726223916,28.933804816580153,21.751529489771038,32.46808127684536
3400,331846922303303.5,-0.32485353061843675,4.704629679231084,5.502970348686951,-2.9765048793886244,0.8827680471792245,1.0824548500800744,10.937422473209773,-26.03997581263044,-21.070671259309158,1021.1381943062574,1343.6086088983873,1.0,7.2471893099038756,4.7158318709488825,5.512550451005691,7.239904908023983,3.2879430081141594,3.1046514654860875,3.1672211478654546,1.396777694403264,35.23749051788066,28.243717012458763,23.7402695367039,33.49706744836413
3401,331846955636636.8,-0.6449679813504091,1.728855753118464,6.054422715726532,-2.006838112426088,1.1299961218462844,0.9567391455667067,11.718056424353183,-25.292431260615576,-23.26793167125474,1021.1484403043287,1478.4147378249054,1.0,6.329372823018366,1.8452441334571512,6.088679505251747,6.296425703190362,2.493920655821524,2.3031045232193756,2.223229408348499,1.4806218382988126,36.3100064678522,27.875077137781858,26.052053481875557,34.36718963388108
3402,331846988969970.1,-1.4241247465137084,2.259391829740859,7.807088346431271,-0.4598489735594968,1.2110394339861938,0.5589250955567987,10.279401330460328,-23.77183659323349,-25.51829096713647,1021.1586163208834,1650.7342792985046,1.0,8.251279366432543,2.670764447481747,7.9359158099500835,8.127452238511323,1.4108418946134609,1.295406341328204,0.7237805889403911,1.3337967510504654,36.35862319466323,25.899156486805982,27.51089358047296,34.87525467862326
3403,331847022303303.44,-2.1898499183489584,3.4982926523355578,8.09565097239245,-0.022114402369739845,1.1473168329646688,0.27708212202941346,9.769291432915466,-25.02360106165567,-25.73931479575893,1021.1786795284645,1834.150087401128,1.0,9.086971927604745,4.127165388772044,8.386596886204307,8.81916187334056,1.1805081381949771,1.1475299394770702,0.2779632154449461,1.1803009859999272,37.20392440790763,26.86297945489536,27.530916825569214,35.89836954860303
3404,331847055636636.75,-2.5277994062722375,3.1030635091156973,7.5006119416631005,0.024946871396930238,1.2388652171541694,0.08099088862949291,11.562424057673034,-24.981013392327608,-25.078513488352275,1021.1783423509212,2002.1586029334821,1.0,8.501644104487955,4.002345934568338,7.915108927726098,8.117153604621791,1.2417604022950393,1.239116367685837,0.08474591691338232,1.2415097866369973,37.238052029913895,27.527089933320365,27.615602272536503,35.397498059793975
3405,331847088969970.06,-2.83589145102513,2.9411567969553185,8.075759508322806,1.2036323519753054,1.351691733833046,-0.21254800371039026,12.872920073369258,-25.756570273785286,-23.34462751474486,1021.1670161150017,2128.336126565763,1.0,9.05044613610512,4.085668075881089,8.559215615829736,8.594666656743742,1.8223550795373176,1.8099175069693623,1.2222550849159424,1.3683008430874617,37.06864736250806,28.79432207022407,26.658651597887243,34.76165338516888
3406,331847122303303.4,-3.8668117068243917,3.090738426356182,7.635666671582226,1.7671911486407812,1.3485824963288968,-0.5642011629960338,14.610460266812643,-26.733413339250234,-22.12591642273629,1021.1669944293021,2195.0422304856957,1.0,9.099906720164798,4.95024209470495,8.558950770716335,8.237479562321612,2.2934607599793546,2.2229798256482227,1.8550707555671295,1.4618473592447183,37.65231885981559,30.46540559348116,26.514556883983982,34.70203980046582
3407,331847155636636.7,-4.234130867012363,4.941285689471146,7.011672895660373,2.724565248805829,1.3279977132043825,-0.5950955073375106,15.6654347157119,-26.821773691116952,-18.52733696858266,1021.1789369458704,2201.241075066136,1.0,9.565967032124746,6.50723969621215,8.190935294258232,8.57787042690146,3.088846448778205,3.030979003767007,2.78879803102585,1.4552376400881604,36.16732785148959,31.06144537476846,24.262482560109987,32.59861590750293
3408,331847188969970.0,-4.795045885106869,5.373405985350583,5.680584533414185,2.7029303918632768,1.424172550833019,-0.777517116447204,16.762955904311426,-30.43558412409763,-15.072479483150673,1021.1893800040115,2147.7427337254235,1.0,9.172513154253105,7.201802338559549,7.4338082892649835,7.819369061801978,3.152559757430899,3.055175961839906,2.8125372121318755,1.6225906202473264,37.87480837436555,34.7465317927547,22.542766654070817,33.96328044734521
3409,331847222303303.3,-5.525019970248138,5.554098614100865,4.803995287378512,2.8406024863249284,1.5370782026531797,-0.9016267115722282,19.55984056648498,-29.15181047657848,-11.148929315510738,1021.1788185917655,2035.3572798818955,1.0,9.189789323371501,7.834146864004905,7.321490039110597,7.343458458812993,3.3532913105495985,3.229803691617634,2.980260594702402,1.7820045252726153,36.833599361600776,35.105774696603156,22.514128627787624,31.211002530271365
3410,331847255636636.6,-6.817961824428594,4.7999110891358026,4.399778684527407,2.928066413785165,1.5665946187318125,-1.3224826828182403,20.100901545614146,-30.717287235460184,-7.5409866318198135,1021.1751901021945,1866.8398054412291,1.0,9.427714589220244,8.338090303119445,8.11434876697985,6.511313149928405,3.574458290333001,3.3208118921396603,3.212869958446941,2.0501656386237683,37.47618520385344,36.70964421037391,21.468877994151402,31.62938846210989
3411,331847288969969.94,-8.504210735927558,4.030010742739745,3.789835921429624,3.412607138729202,1.4088646801274123,-1.9453743863638393,23.07117906445142,-28.58241821171953,-2.1713869891761255,1021.170176657134,1661.221221181611,1.0,10.14521774724533,9.410769725567791,9.310448783620682,5.532074014142985,4.1731605137277565,3.691989595085017,3.9281508354983,2.401953619458752,36.796044022562825,36.731919828040816,23.17313584478253,28.6647789505937
3412,331847322303303.25,-9.712964796754836,4.4810415299409385,3.719039912083691,3.3605434269466334,0.8892472877945371,-2.691528981846763,25.742469044337348,-29.645520300216763,3.2066059511316087,1021.1788282355802,1445.6437741973298,1.0,11.324869809570687,10.696794769278045,10.400622241513735,5.823314439451719,4.396400928414654,3.476206677291234,4.305529048156021,2.8346232552088844,39.39306929010563,39.262343108495585,25.941415424461695,29.818437175619998
3413,331847355636636.56,-11.88719263601887,6.620971732618453,3.4101274897274645,2.45480292043052,0.33950498426990516,-2.9839922949228166,29.450901610689797,-24.385023954005018,6.855998261849382,1021.1898116363537,1247.3091219740547,1.0,14.027529538238328,13.606712146949898,12.366661564950187,7.4475657889224145,3.8788569229422545,2.478168882965469,3.8639704184055224,3.003243854651641,38.84571676628469,38.235912424315565,30.23839145604496,25.33049753565611
3414,331847388969969.9,-11.16285683960153,7.05836701037583,5.56135480423439,0.5187371774392853,-0.11230961680788012,-3.2021927679606743,31.48995420702715,-24.047165926805175,9.336841315283461,1021.1887186657004,1093.3239343549455,1.0,14.330337921109237,13.207191892094263,12.471489088317384,8.986056538423446,3.245880501876934,0.5307557906280528,3.2439369263962767,3.2041616646491446,40.70700198760345,39.62175418973732,32.84499690527389,25.796177911816393
3415,331847422303303.2,-10.931142405388542,5.649445837537543,7.009030441147701,-2.973084400489087,-0.06924213214253175,-3.2930404578767756,34.81666280745593,-19.085017518135146,7.485195109546917,1021.1997772063319,999.10530326559,1.0,14.160954073899434,12.304719117401822,12.985237079538392,9.002374464340251,4.437132044745624,2.9738906041236954,4.436591744756874,3.293768347968164,40.40378755195601,39.70438140452021,35.61219109906143,20.500391203474887
3416,331847455636636.5,-11.906762878987939,3.388323558063035,4.744431692289296,-5.249124907174003,0.07482698387583799,-2.811578455958309,34.82920850119652,-16.991534022409088,3.94476012417967,1021.2086520853849,957.2611915753944,1.0,13.257502437237912,12.379488632030409,12.817200721656981,5.830125952063473,5.955156150987088,5.249658214458389,5.954686029097033,2.812573997519863,38.95314012620579,38.75288367663116,35.0518886403734,17.44343317331779
3417,331847488969969.8,-12.036855603778935,-4.5611424906031175,2.017508700735914,-6.129967806355285,0.2802828871356144,-2.808854275667905,36.36979579464391,-15.735872881037709,-0.2060607861204648,1021.2009217995624,957.7640520052549,1.0,13.029207765760537,12.872059417428494,12.204762766386304,4.987420393061961,6.748683289776693,6.1363722021869975,6.742860494544589,2.8228037194886486,39.62855286936242,39.62801712768728,36.37037953048709,15.737222003128588
3418,331847522303303.1,-13.899067855987251,-8.492182693129985,7.566676308712222,-4.022814839212997,0.4013999731403323,-3.1209547496405037,36.849582558160186,-10.94246612279329,-2.4437509183426758,1021.215402902647,990.5863372760687,1.0,17.959839768763565,16.28807091582163,15.825254425321726,11.374170618305461,5.107300629327881,4.042791259640961,5.091502507108871,3.1466618006612466,38.51754428971353,38.4399440629034,36.93052468164464,11.212024054530898
3419,331847555636636.44,-16.88228177566003,-5.931628018721904,11.91661589869171,-4.693819226754971,0.020420939432135826,-3.641293256537372,40.72513769937912,-4.520492481579078,-1.0879556964905464,1021.216401795086,1045.0817531904884,1.0,21.498869351252438,17.894011537530357,20.66439383165484,13.311271367883638,5.940654217199185,4.693863648234993,5.940619118708013,3.641350517990795,40.9896979801868,40.97525708167556,40.73966725724348,4.64956985898042
3420,331847588969969.75,-16.9926682424543,-4.517360073854909,11.292896160936948,-4.784255620871621,-0.8376604333862112,-3.5931583237348694,38.526052564565916,-1.928428285560234,-3.5173932617139028,1021.1974042340381,1105.4482263607686,1.0,20.897052895963053,17.58286996013374,20.402947769864515,12.16289627262203,6.0416523887863365,4.857033749882995,5.9833008101938905,3.6895069780508547,38.73432092108748,38.57428627804077,38.68628673787711,4.011345286820763
3421,331847622303303.06,-15.456322434355606,-3.463340121955754,5.91332048238948,-3.918199806584496,-1.035755862646907,-2.466359068823947,37.36143300148506,3.413820212509331,-5.0939239464488155,1021.1784596646546,1153.323284980016,1.0,16.90739445102526,15.839590524856156,16.548874956389373,6.852888728689198,4.744260425787812,4.052786687123592,4.62981822328792,2.6750172454355443,37.861311460909526,37.51707403793364,37.707091336997365,6.132065689108519
3422,331847655636636.4,-15.261400393021653,-5.8646497268554345,1.399984970120846,-1.5446009264596077,-0.04740869656885468,-1.922486187945438,38.4225439684204,5.251243340327081,-3.621255248807124,1021.1675173248533,1170.3259547328355,1.0,16.409278359860657,16.34944825903391,15.325478781189373,6.029433997919687,2.466575105155166,1.545328316743803,2.4661194547022376,1.9230706506395805,38.94843939365917,38.77972977761099,38.592815064234586,6.37879661036019
3423,331847688969969.7,-7.849894869135235,-3.3953263141545507,-5.916990550400348,1.8730082551484535,1.5525031170573345,0.7312441936615909,37.84205756993758,6.357905007840621,-1.8619955834890758,1021.1583030056895,1138.2299293157025,1.0,10.399993625459249,8.55272414123512,9.830138688238467,6.821951183724297,2.540303903687664,2.4327815052583315,2.010690924686846,1.7160955682119017,38.41759108492004,38.37244163739382,37.88783906056669,6.624951595419976
3424,331847722303303.0,-9.577215644409714,0.8279807313246704,-3.113931016772135,4.012864384440406,4.7264033457257275,1.660724946712927,40.88471898560039,2.320240079233859,2.5504722726696247,1021.1752326312131,1053.3382459648906,1.0,10.104710682062434,9.612939799612349,10.070731149064686,3.2221294928448296,6.418720784006131,6.2001588007403186,4.342935403220376,5.0096802228407755,41.02985095476771,40.95050378880333,40.964193576160746,3.4479592281434686
3425,331847755636636.3,-19.92217166739815,8.520380084405891,6.265963673253833,5.036301384048138,6.1197624311143,1.6119826799651216,39.25702557749386,0.990267270566045,10.704921586832926,1021.169005724516,938.1616686159539,1.0,22.55553372196186,21.667713324853228,20.88432964449226,10.576349915603076,8.08791147359754,7.925643434084277,5.287988255610325,6.328505382298853,40.70245732924983,39.2695134482102,40.69040923082795,10.750626746724857
3426,331847788969969.6,-16.425018164933803,5.247343613561857,12.41933158163592,1.2638082665759627,6.6040116898609735,0.12094603664465904,37.78770830000748,1.725710348342719,19.837630336683723,1021.1687603976392,817.9592440277651,1.0,21.249838438252024,17.24284885734355,20.591770653662223,13.482374120807053,6.724939381010522,6.72385170378453,1.2695823244066493,6.605119101394042,42.71323626404052,37.827093131416156,42.678360745714784,19.912550152637195
3427,331847822303302.94,-13.562538119790972,-0.08176438382138766,8.689507839721452,-2.8741348389235526,6.589361151106034,1.303807752121076,35.125338152630434,-1.1497451062295703,26.482880429267478,1021.1652200666708,717.9900189591968,1.0,16.1076588044888,13.56278458375141,16.107451280303902,8.689892514354954,7.306178625417705,7.188903355312237,3.156036395038107,6.717112105227695,44.0051616288,35.14415021231747,43.99013907874711,26.50782657330052
3428,331847855636636.25,-15.60622234387362,-3.1989724477029062,3.901410020329787,-3.906059135153739,5.786021119501365,2.2085241266358695,31.439933707868562,-6.1695828372442545,31.159635586437034,1021.158751314477,660.2356376457536,1.0,16.401481662164315,15.930712494034363,16.086490480933058,5.04523784056728,7.322084210152635,6.981070001270135,4.4871902996475095,6.19319135932748,44.69290854062132,32.03955655031431,44.265023680494316,31.76455008756101
3429,331847888969969.56,-11.70446560465085,-0.23712130448164281,-0.7252225022348668,-5.785747675929038,5.299588128540228,2.082646255958267,25.54724351823684,-11.073251751176908,34.802957190318665,1021.1586815170458,641.7404064131398,1.0,11.729308985666702,11.706867283927577,11.726911902466163,0.7630034015565575,8.117753748983752,7.846050630838599,6.149169992525434,5.694124143327182,44.570442951761095,27.84382437318977,43.172994806606226,36.52208555841378
3430,331847922303302.9,-10.222476835355511,1.7442111374802944,-2.3322952492568847,-7.096154043455362,4.89252629093748,1.6646937202743277,21.4414669832234,-18.424863394737827,30.994958323815972,1021.1688009971324,648.0854823466191,1.0,10.629247681336462,10.370212396160955,10.485162553775037,2.9123656401311524,8.778577384649697,8.619293226011187,7.288800133819604,5.167980136362294,41.9511565871848,28.27033953647195,37.68851214744021,36.057773539277754
3431,331847955636636.2,-10.417067997618666,3.837845033601937,2.30884598534091,-5.500150319434379,3.882672790400234,1.907824376532369,15.773937346380608,-24.15818457128132,26.9320115224677,1021.148206893701,664.7915275043613,1.0,11.339097404686973,11.101547647465827,10.669867639808649,4.478819519244763,6.997613549302331,6.73251821636514,5.821636143565246,4.326076958285123,39.46857263486949,28.851949348139993,31.211381642821806,36.17942960338689
3432,331847988969969.5,-6.045962190818772,5.994503186288192,3.0292512999067953,-2.5445145558412827,2.6179740209960136,1.8180364275479277,11.047366198335945,-28.22166234783235,24.917268649828824,1021.1376908083442,677.4825167291275,1.0,9.036818616151173,8.513972472543553,6.762397670264381,6.716429995794365,4.078430917815015,3.6508002272786984,3.1272689006190997,3.187325591542425,39.234892666642224,30.306872580244793,27.25645936081717,37.6474767101701
3433,331848022303302.8,1.7856864408871,10.401010230151492,7.535834378867064,-2.0830099016468044,2.8526508061450886,1.9757937119156013,6.841550219176413,-27.78930405964977,23.402172093709982,1021.1371090785033,680.4457416469504,1.0,12.967593826866986,10.553183873736117,7.744512628363569,12.844057520636955,4.047259278104639,3.532215575550118,2.87100871513896,3.47006879093851,36.96909368952393,28.619088551545104,24.381724059326302,36.33052544105694
3434,331848055636636.1,-5.297890272323454,8.638904646700352,2.5374063414998442,-4.179621073359872,0.5917201755857084,3.1344962832313636,2.7202527371974465,-30.73226008627207,16.57349165652292,1021.1197496172545,683.0461972855345,1.0,10.446853391057235,10.134017704363874,5.874186946247379,9.003838316888224,5.257797260513222,4.221298980535388,5.224394631578396,3.189858886500532,35.02216741798452,30.852416193298403,16.79524934745135,34.91636343749312
3435,331848088969969.44,-4.856097167023024,3.224745506154367,4.120398153770479,-2.6193958055628634,-0.181676643977502,2.593794243302104,1.516824310496242,-31.88240152135246,14.674290670102398,1021.1087682174616,696.1598893139036,1.0,7.138511344855242,5.829293548538435,6.368623135432353,5.232271449863621,3.690800640207269,2.6256886314198127,3.6863264861902096,2.6001490302584704,35.13008809309058,31.918463038775066,14.75247649242549,35.09732658535963
3436,331848122303302.75,-12.996546517315567,14.067685671013908,7.385099730100632,0.6441729701511765,-2.1775606625346065,2.812025551606567,-1.4847585794855456,-32.26201204557125,14.996208536639232,1021.0927950664774,730.6628234010815,1.0,20.52680441614646,19.15228449859696,14.948241348074355,15.888344097544667,3.6144455947461376,2.2708432914870067,2.8848650780169263,3.5565795565270815,35.60797943919749,32.29615966748895,15.069531462979441,35.57701071904377
3437,331848155636636.06,-11.54643216525007,10.156200754918064,7.501510329529277,-1.0933945593252743,-5.020162027219292,3.729071815799517,-4.222420078898452,-30.377244761908354,16.989728542558524,1021.0682804720035,795.5573217106703,1.0,17.109680498038358,15.377532621357684,13.769268425401398,12.626205724533111,6.348504945992161,5.137853485834004,3.8860633383608687,6.25363921144519,35.060757359153,30.669297850579714,17.506561834709654,34.80557247445754
3438,331848188969969.4,-12.880005707160999,10.048259964396708,6.4686236867147135,-1.318852589671401,-6.936615615535371,4.188134254195035,-5.569340603403815,-29.35824442020082,15.466162539578615,1021.0688434593316,886.8420214892404,1.0,17.570007618920496,16.335913666783306,14.413106515141923,11.950339773932138,8.20953572878113,7.060878723712234,4.390881538420817,8.102907177603045,33.64708388395107,29.88183512090539,16.43836179360301,33.18295796243785
3439,331848222303302.7,-13.766054139218644,9.965504051566331,4.391368062319908,-2.224612223819258,-8.434793729448682,4.163510473031814,-4.772005684533524,-28.46963387986662,17.73594675713835,1021.0587455402398,995.0018922918915,1.0,17.55276704751838,16.994573179861966,14.449510719144163,10.89015080063395,9.665891798678405,8.723224449979083,4.720563420335719,9.406410830778784,33.88002212040181,28.866799121254672,18.366704811295538,33.542269759598796
3440,331848255636636.0,-12.990701068055218,5.717031773305333,1.5123170756570257,-3.55516330417978,-9.194377860278014,3.1154469423730657,-6.785796484876565,-29.109648942462726,15.870241047149822,1021.0596185698654,1110.5019688155865,1.0,14.27339726462756,14.193053460638895,13.078433284491487,5.913675272984351,10.338364474504596,9.857777150907653,4.727070527306333,9.707862477822406,33.84203372113183,29.89011032913034,17.260115434979056,33.154731373486655
3441,331848288969969.3,-10.813413114407949,5.209538490146059,0.921897235820793,-3.2830628086895737,-9.444242747372309,1.2984945106450072,-3.0731795088245573,-29.281549766043195,17.13140560165927,1021.0573386912365,1223.8198788937223,1.0,12.038234462601944,12.00288275636995,10.852640125622145,5.290480677001599,10.082574595373462,9.998611027392512,3.530522539225021,9.533090215951471,34.06374387649259,29.442377434485884,17.40486972608591,33.92483182846787
3442,331848322303302.6,-8.169231823030916,5.055549602273532,2.280435716456559,-2.010139961884836,-8.837173231457818,-0.7401169324365635,0.8961445786569056,-30.48650397440164,16.381734488350578,1021.0788005950646,1326.5991827061705,1.0,9.873971714379165,9.607025052505541,8.481552666541178,5.546076887128306,9.093077942195388,9.062907557134244,2.1420634304440376,8.868111625169922,34.620676257604764,30.499672124255092,16.406227474732603,34.6090761134709
3443,331848355636635.94,-5.637058905312423,4.355321725087807,3.6495879129970774,-0.8272316094514822,-8.33404996257611,-1.9081823452857198,7.267810448552517,-31.205504821521707,15.438176343875481,1021.0678512566974,1412.5771250529242,1.0,8.004045999722782,7.123570764089027,6.715349956380267,5.682281167252831,8.589636824525858,8.375004532201194,2.079776910761296,8.549710441972579,35.56602154735191,32.04067102733811,17.063363019659565,34.8155255595921
3444,331848388969969.25,-5.489226977022496,2.4617621346635046,2.795480604429479,0.35212152731958624,-7.305324274053513,-1.9873100065831524,13.342654976341395,-30.671761520477776,14.238927508862671,1021.0689747939397,1475.709271302018,1.0,6.633746861516194,6.0159692164217855,6.16005881587286,3.724914041612829,7.578994219640419,7.313805597572126,2.018264262247986,7.570809983835351,36.35286031647847,33.448219632541715,19.51341841964995,33.81573615007822
3445,331848422303302.56,-4.254176444275162,1.0512036516467644,2.9881289819646235,0.4912154318376004,-5.1214696953501075,-1.5883897860078648,17.76599074282185,-29.472602163320726,13.725984678548194,1021.0622890464736,1509.951186821485,1.0,5.303957121726955,4.382128060230685,5.198743312751899,3.1676401200408533,5.384582300713681,5.1449727347056875,1.6626108121774954,5.362129609836341,37.049525783026546,34.41314727471769,22.450681113716158,32.5121044177875
3446,331848455636635.9,-5.268143655723217,0.34832124661994,4.190070117611299,-0.2220934710682358,-3.4655478016177628,-1.2180553043553357,18.622834345974695,-29.19094383149213,11.348352289499593,1021.0699622270788,1510.2107399164222,1.0,6.740278396229848,5.279646320368785,6.731272180489803,4.204523193103593,3.6800823088155266,3.472657062709885,1.2381374052823486,3.673374509870438,36.43770383184887,34.62544094810842,21.80814202916437,31.31926406319151
3447,331848488969969.2,-7.614699555493228,-0.15333919410210833,3.12522643035568,-0.18123993140386813,-2.26876030114076,-0.8625966156141825,20.07798331685226,-27.963553978445443,10.806934388551108,1021.0987999490291,1478.8867586181875,1.0,8.232508880643273,7.61624331471078,8.231080704343901,3.128985961847958,2.433966749574988,2.275987964987423,0.8814311283386358,2.4272095552921167,36.08151321737599,34.42507465754039,22.801650048850547,29.979162463015548
3448,331848522303302.5,-8.553763243845045,1.0373391390228284,2.043595861426451,0.4604738506023797,-1.8438744592078495,-0.19117956563014962,21.697935332048015,-29.252525205621353,10.14254515814741,1021.0987526061555,1421.9213079938718,1.0,8.855462843123586,8.616434188288281,8.794495419101304,2.291802027703951,1.910093928245979,1.900502351592237,0.49858378774596696,1.8537590586787627,37.80716666009647,36.42129361485188,23.951442961934404,30.9609666062055
3449,331848555636635.8,-19.269034566273433,9.64395852671763,6.689628651307719,1.2287360290045148,-1.8855073784320706,0.9352869962970211,21.43119961530222,-28.060206996950843,10.493765161458784,1021.1086250498801,1345.2775568140212,1.0,22.5621976029306,21.547659482674447,20.3972259047312,11.736995678513596,2.437148347667385,2.2505400025539566,1.54420011475718,2.104732724020816,36.834639144784695,35.30823605991468,23.862427039485652,29.95820962566981
3450,331848588969969.1,-20.048159838317382,10.60606942865411,-3.855108110428035,-2.0093416805369126,-1.5264515847187674,0.2186407083629261,21.621271041482988,-29.302421335583496,6.239792311050226,1021.084332390046,1254.9553101096194,1.0,23.00607050696058,22.6807720686081,20.415449332449434,11.284970858115644,2.532846657219261,2.523392246487522,2.021202055336464,1.5420305443939424,36.946532525561466,36.41581054401137,22.50365235987955,29.95942095924253
3451,331848622303302.44,-6.408999524394703,20.819510992622856,-1.2013824307900804,0.08419518180314074,-1.5687661142146425,0.2111271866088345,22.77575612863002,-29.563045872245645,5.624911070629219,1021.0797605604525,1160.3903787899437,1.0,21.816751193077454,21.783647832161524,6.520628393698158,20.854144857005167,1.5851468823652697,1.5710238539713433,0.22729610107572357,1.5829092867354941,37.74054017933256,37.31901323019311,23.46006589469252,30.093409673830372
3452,331848655636635.75,-5.390861450038418,11.386937228220805,-6.335509801738107,-2.164637139000266,-1.6463032827125255,1.6408525815709327,19.74714833939631,-29.507470349361345,2.403801287853896,1021.1094147298749,1077.2132846564323,1.0,14.101858425784556,12.598560497650169,8.3186580421021,13.030772190755256,3.176218763979788,2.719552985733004,2.716256824747478,2.324373397954389,35.58678033466992,35.505502023722485,19.89291653251505,29.60522026687062
3453,331848688969969.06,-1.8130880106530605,15.662045160594925,-1.4838705737393123,-2.387342969475695,-0.5365806248076379,2.9758588584457675,17.55643460794986,-31.254983497180444,-0.49582554077607166,1021.1165514879893,1021.7037535791734,1.0,15.836313290235775,15.766640312599536,2.3428956472671394,15.732181364709865,3.8526693559419463,2.4469011465165456,3.8151202339238504,3.0238476668491585,35.851753548733534,35.848324780277274,17.563434718474216,31.258916110062227
3454,331848722303302.4,4.16914654176187,14.099307695930307,0.17535799625875192,-4.152781312905559,-0.2816024860267041,1.9353392611225082,14.9715818391453,-32.21967149606772,-5.536671116619174,1021.1183229851117,1010.1415114282544,1.0,14.703843402935725,14.702797706260007,4.1728327684603945,14.100398147973392,4.590253876268311,4.162318175362624,4.581607871529365,1.9557193090468366,35.95706079665507,35.52823516698717,15.962549602736724,32.69192497189671
3455,331848755636635.7,-1.3080414363191664,8.268676325447261,1.6729318086728378,-3.812236237784542,0.578191311740236,1.8490251747653559,11.918705979274003,-32.328447192187824,-12.278539254603402,1021.1376319176029,1055.9356191841778,1.0,8.537018297427347,8.371498108113023,2.1235991230920397,8.436214139735986,4.276253549845424,3.8558332855103488,4.236984686023032,1.9373175500903175,36.577952051820716,34.455537291971794,17.11192795821729,34.58165733571648
3456,331848788969969.0,-1.1552951273713152,9.724320597276726,4.8778664753445,-3.07641284003009,0.6527304435228637,1.8160262477043225,11.242040605233592,-30.629146039931847,-15.107116912162002,1021.148745697609,1150.141447708307,1.0,10.940324458682113,9.792707384066384,5.012812402495996,10.879154030985596,3.631573257770604,3.144896340772388,3.5724315661259407,1.9297689924580599,35.95487512845685,32.62710627844881,18.831050378761457,34.15215320493284
3457,331848822303302.3,-0.400814300326641,6.579465927614601,5.098752745371054,-4.230567794407806,0.730493647498007,1.5709485249859343,9.37941837462547,-29.730675850874484,-20.559664542271715,1021.1655168806577,1273.3322118961091,1.0,8.333504878166009,6.591663219248067,5.114482540959075,8.32386036950827,4.571564732153637,4.293171884762532,4.512824296517206,1.7324838346115745,37.34416127973391,31.175095438443055,22.598081669402973,36.14710075013646
3458,331848855636635.6,0.6430068818551617,3.863105626940649,5.807517088483637,-4.34638547462583,0.6520796303143214,1.6939700361151309,6.81547562831772,-26.90657508452694,-25.111417709613296,1021.1687466350145,1406.0209046972159,1.0,7.004591184933141,3.9162536862432193,5.843005440964655,6.9750153991177655,4.710181421300581,4.395028388794464,4.664825953590798,1.8151425088754767,37.429905025342485,27.756341452350643,26.019877160103448,36.8041720755401
3459,331848888969968.94,0.23645403979415727,-0.003796702540506375,6.057089280963969,-3.937656890353886,1.0491072849383107,0.9631210537803659,7.796528251647481,-24.695281557444606,-27.26091286439376,1021.1683833141283,1528.7836464645018,1.0,6.061704008400095,0.23648451933510997,6.061702819381992,6.057090470887718,4.18728671644265,4.075017531430027,4.053732101457426,1.4241587901444264,37.600533961371745,25.89677169031308,28.35389255426504,36.78334271652772
3460,331848922303302.25,1.6277616093116354,-0.4545977347198828,4.959733197445814,-1.4041498746651269,0.9258735181979949,0.7068805877366792,8.42845471064209,-22.58972617904334,-30.36809088210931,1021.1676255626658,1628.1944292128858,1.0,5.239772928954778,1.6900493948879878,5.2200154450532885,4.980523314899603,1.8244338320534885,1.6819270620994313,1.572042313629326,1.1648699227893584,38.775707878484326,24.11088089750146,31.516024378614055,37.848601990934974
3461,331848955636635.56,0.27636166539313606,1.465135659027154,5.470089502374413,1.6215781527251216,1.2603321480014371,0.5612240849288422,8.146934748139305,-24.48344208268546,-27.3272097981613,1021.1997113915729,1701.6838601443524,1.0,5.669645265220616,1.4909722564326275,5.477066270740717,5.662905761474376,2.129066767902207,2.053765524270318,1.7159511003812533,1.3796411115903051,37.5844100307478,25.80332308069356,28.515766536131597,36.6908071806677
3462,331848988969968.9,0.9288639347975913,4.449986185552147,5.879439104590774,3.1687872357308153,1.4482341356386967,0.5929359614551151,9.341985990868542,-26.636676774528873,-27.42185205021121,1021.1985806159546,1747.8260259930894,1.0,7.4318886863006615,4.5458954300525445,5.952360237246972,7.37361385185013,3.5341431367937552,3.484048601406086,3.223784359990172,1.564913788684816,39.35407503306338,28.227384785776913,28.969478285210055,38.22918413273292
3463,331849022303302.2,-0.4655760523205646,7.225706175696301,5.487860618501521,4.07788469561373,1.649028640486666,0.7316484991073283,9.856292384239897,-29.624112619894643,-21.398296187255056,1021.1986715436176,1765.1950134932847,1.0,9.085384139709776,7.240689939362827,5.507574350709602,9.073447189772779,4.459119708430353,4.39868605925292,4.143000496858128,1.8040523782283342,37.84998847816629,31.220739070044875,23.559150648550972,36.54415313334946
3464,331849055636635.5,-1.2314155651355398,9.69374238526747,5.646861206083264,3.332115835285263,1.7963240918846277,-0.06059442618776367,11.329059526219522,-32.73338936070775,-18.894602211140818,1021.1987285568042,1752.8121073102707,1.0,11.285923409573417,9.771643962301797,5.779569687686637,11.218541924541674,3.785954023404004,3.785469083593728,3.332666743651971,1.7973458007768446,39.456664348441414,34.63845217079309,22.030741759320605,37.795248004966744
3465,331849088969968.8,-2.4923763278870776,5.946392577762926,4.390487506137458,3.241838927745457,1.6802226296494516,-0.251750372155588,11.105404978467195,-33.23694239987378,-13.744922594422697,1021.198644334683,1713.2606922707002,1.0,7.800506713684375,6.447598347344994,5.048595874236815,7.391614521227628,3.660060924153095,3.6513925725169476,3.251599280865693,1.6989780266579655,37.642359874946244,35.04317850635544,17.67067958122821,35.96689084726673
3466,331849122303302.1,-4.38203158617869,6.703349692679211,6.040750972931075,4.316326706474485,1.2379338393278716,-0.7065638058726553,12.899578931358375,-33.38120188393923,-6.582273814990262,1021.1910825057967,1650.82712935387,1.0,10.031339404166221,8.008564036368206,7.4627657834904255,9.023611772417418,4.545590043035906,4.490340346519172,4.373775102676649,1.4253815637653995,36.387224466811965,35.786921854535805,14.481901297200286,34.02397636655384
3467,331849155636635.44,-4.433528551320624,6.146043599368667,6.507713549334987,2.84066432733556,0.8359752196076228,-1.6626985493232513,13.635607805745575,-35.0876138903079,-2.1465055595234914,1021.1790420503971,1569.8083760841575,1.0,9.989012112361957,7.578260179006505,7.874421315599854,8.951211513842065,3.395996886676495,2.9611194485185504,3.291495144538183,1.861026876141142,37.705144673698086,37.64399618461671,13.80352441766866,35.15320944995482
3468,331849188969968.75,-6.051446780616192,5.225880825955987,3.6507733965754934,1.022390755439373,0.42768740884737483,-2.2568542396416476,17.011731646925,-33.6322463099174,-0.921830944838476,1021.1879149066451,1474.5409811772563,1.0,8.789652151187092,7.995613706634688,7.067400832822024,6.374792294674219,2.514277318730564,1.1082415695571401,2.4776347422080542,2.297021458035397,37.701150881223825,37.689879350801085,17.03668940603929,33.64487723475617
3469,331849222303302.06,-5.79451673743358,5.697337750045699,5.698084793270867,0.23611495475066419,0.4047357989473929,-2.4123002788822343,19.685790117470262,-31.960493057196963,-1.0824261647676745,1021.1952942173757,1373.1109262860016,1.0,9.924930829471728,8.126258773783523,8.126782544876084,8.057780572179942,2.4573876320804167,0.4685737282504138,2.4238281513655653,2.446017927662201,37.55229813753612,37.536694700096135,19.715526342232497,31.978817408736507
3470,331849255636635.4,-6.645422539748649,5.392950687599981,6.795874414412404,-0.7873600359244373,0.40739581750141834,-2.520044508034534,21.623896057352077,-30.71208089418715,-0.9110796967786099,1021.1987459205201,1280.3842018522525,1.0,10.928378969780908,8.558361867243315,9.505027605865463,8.675703209270718,2.6714287377288573,0.8865140598369436,2.6401818400719956,2.552762361559075,37.57199568513954,37.56094771901079,21.643080809188163,30.725591598291114
3471,331849288969968.7,-6.6854630392183125,4.668427921615885,7.9732556235973995,-2.0643759666449313,0.439560535966426,-2.5051586225190685,26.972363252193624,-28.927389265815048,-3.3523218677274405,1021.2096548449548,1211.9400142922223,1.0,11.404492121410078,8.154117690349887,10.405201645714595,9.239427714883123,3.2757718663579003,2.110654305290254,3.2461466164735735,2.543429414935812,39.69307610968342,39.551260778188556,27.179890384494353,29.120987477090043
3472,331849322303302.0,-6.876041188488097,3.2227620494968634,9.038421995502114,-3.0627961018836025,0.5777189801789991,-2.324686896434421,27.09331187867039,-27.143993155324967,-4.034665176333257,1021.2087417905999,1183.357570022127,1.0,11.805050182961462,7.59382233486286,11.356628663232819,9.595794255633749,3.88827061149637,3.116805926228397,3.845112368730892,2.3953973337450645,38.563226473628305,38.35158292653943,27.39208045475952,27.44220996023179
3473,331849355636635.3,-6.841343378593449,0.2670348802581692,9.50934826569262,-4.25579275529244,0.5702379604215756,-2.4893426350621017,29.775000961061746,-24.491201677571254,-9.093574685124613,1021.2013533197235,1207.1807672260416,1.0,11.717635908720245,6.846552917424864,11.714592765523506,9.513096870394294,4.963241890361913,4.293826185059821,4.9303751105506715,2.5538202924723747,39.61139662264683,38.55346471904564,31.13268030197797,26.124931773411546
3474,331849388969968.6,-8.81941176560355,0.06301357300922056,11.517819865024823,-4.626480602634362,0.4654857923550451,-2.5781562364923762,32.26699410700697,-20.54235665511839,-11.61110574568293,1021.2101679148765,1271.7327215559533,1.0,14.50676287270217,8.819636874704631,14.506626014839796,11.51799223621651,5.316755530321189,4.649838684238026,5.296339523323306,2.619840949876335,39.97455568590026,38.25110881592467,34.29251646261986,23.596741164481124
3475,331849422303301.94,-8.9323891363242,0.8826021522492514,10.561403738159923,-5.8838585365334435,0.2859628930038264,-2.7022776823352905,33.414957103247616,-16.99699374303311,-14.008567921091855,1021.2090467307656,1353.739356789032,1.0,13.860368363153125,8.975887824715592,13.832238596956783,10.598218504992875,6.481039324565157,5.890803515150763,6.474727480781324,2.717366270605144,40.02120849890004,37.489427236390064,36.23257282352058,22.025843264232822
3476,331849455636635.25,-9.885655495080561,-7.253141210964829,6.97669197930525,-7.028206370018726,0.6400269906416791,-3.092027705316175,36.72338150037693,-9.914069645772958,-18.082447003297926,1021.2038454553582,1429.8539873521588,1.0,14.107036292847447,12.261086493195162,12.099603941514726,10.063910194367722,7.70493054211162,7.057288383531003,7.67830190276565,3.15757341627913,42.117341029444646,38.0380799431762,40.9338690872156,20.621921990161706
3477,331849488969968.56,-14.68988666602022,-8.079819636527068,8.900058244827417,-4.66273055329606,1.2233088590597183,-3.3770844571437078,36.571744775896576,-2.626079020191684,-15.655658766809413,1021.1987212439561,1476.8551971391541,1.0,18.981235270146342,16.76532897438422,17.175674863650602,12.02058742824696,5.885765898162803,4.820533246155924,5.757235069312543,3.591821821212127,39.86838921246237,36.665907966033096,39.7818069898301,15.874380064842448
3478,331849522303301.9,-19.3681924812173,-6.964588455305986,9.509918723153454,-4.18432074234515,1.1907369994961614,-4.042819189485497,37.003916596320366,1.7824665541508162,-13.89073031949831,1021.1966446780326,1483.2512396418301,1.0,22.6731322596206,20.582331557461213,21.57696535916177,11.787452925580066,5.938920918454898,4.350447640966271,5.818326827679247,4.214527446919915,39.56538157648843,37.046822137453304,39.52521008516543,14.004626943467503
3479,331849555636635.2,-19.190944247511204,-4.907225606520432,6.7895538028470215,-3.2552707400883794,1.2153998660633272,-3.864206790576427,37.772675051492236,9.796306349428319,-10.998944508511395,1021.1987039845528,1458.6870459678016,1.0,20.9397049909049,19.808412461991324,20.35658080211011,8.377285001421658,5.196737298155379,3.4747639381262,5.052611375478279,4.050838302717565,40.54280921370381,39.02233461285311,39.341476343001375,14.729032500241233
3480,331849588969968.5,-17.37738223399209,-5.662952449875097,3.117322865446631,-1.897553288649363,1.4134074188081858,-3.108806730283664,35.924289878389565,13.476564407038556,-8.764923354740596,1021.1901807235105,1415.0212789254563,1.0,18.540769822292887,18.276828055103277,17.654775987072174,6.464265797210287,3.9068028234175114,2.3660999587519607,3.6421680040219204,3.415025595482269,39.35728995876239,38.368898752552454,36.97808113843984,16.076121100300767
3481,331849622303301.8,-14.510146940806854,-7.119382583462879,-1.1121647659635296,1.2910188064574284,2.1770943057745424,-1.3370613119416506,36.406920712538565,15.124864952838918,-4.188812070630504,1021.1983793481223,1364.112601323182,1.0,16.200829703449504,16.162610327961293,14.552706782947878,7.205728196120451,2.8625516810625147,2.5311003881439986,1.858618441347737,2.5548918897141353,39.64557430752826,39.42366567952154,36.647101145003674,15.69419276053008
3482,331849655636635.1,-9.52224774761321,0.19849528427749435,-0.5658561728180925,5.233691673466844,3.082358378268472,0.03256642116493698,37.35570758935401,15.223856457884327,-4.122476665315087,1021.2000915242387,1316.5113998792017,1.0,9.541110823857021,9.524316382019514,9.53904583148866,0.5996612261908738,6.074003809414801,6.073916504611998,5.233792994063069,3.082530412480846,40.54885335996142,40.338749298306055,37.58249197907702,15.772146946637726
3483,331849688969968.44,-14.036119446910975,8.206633229478314,6.019529973318991,5.4307302520801946,4.5691603250563,1.0525575320899874,38.80491001738106,11.00634994200465,-1.3682042510372043,1021.2041348416307,1272.372029501381,1.0,17.33771089823613,16.259196723427948,15.272438908950928,10.177601390448704,7.174812506629492,7.097186565599611,5.531790707286238,4.688827511695004,40.35880032131113,40.33560189835906,38.829022963880995,11.091064958714382
3484,331849722303301.75,-12.09772006475979,2.7654575285742338,14.089177262015557,2.668410905312661,5.176100361256035,0.6104678233357524,42.14273527034654,10.509005966908354,3.877579133183635,1021.1887552969724,1226.8887857203435,1.0,18.775183142332747,12.409777842799585,18.570399744910926,14.358017664804711,5.855348211055827,5.823438134760804,2.7373504932543486,5.211975241031287,43.60601979558702,43.43327460000024,42.32074852835913,11.201554639719282
3485,331849755636635.06,-15.8075925554473,1.9459153700737468,11.182291460107006,-0.7029097820780877,5.703577785005589,2.476999544120677,39.57306147542915,7.531497188481316,10.491511151399502,1021.1679291850902,1175.2253548233389,1.0,19.46047818850565,15.926913355277668,19.362944628795873,11.350340476226751,6.257827774309897,5.7467279134608695,2.574802692113535,6.218225332937308,41.62718403493247,40.283379257929646,40.94018808918731,12.914923776005883
3486,331849788969968.4,-16.379215893447768,-5.568692252982768,8.551933061171406,-2.8568131715561975,5.556577879394121,2.087050309919402,41.08085812228296,5.629957694912735,17.836941787426717,1021.1572549724638,1112.5888590003171,1.0,19.298305774739884,17.29997244774113,18.477398961080223,10.205189488254828,6.587314947919503,6.247954803529636,3.5379599338194394,5.935599104210689,45.13856244983549,41.46484447950636,44.786084852230516,18.704355534862902
3487,331849822303301.7,-15.019243789184122,-6.746553309022806,6.8151499961091355,-3.090429157171202,5.159544313686425,2.359472991630746,38.3864136865592,0.5067473402198022,27.06155643225409,1021.1682653427831,1037.9025950795522,1.0,17.819650249651332,16.464922275869764,16.49314868266251,9.589695043167584,6.460554364651904,6.0142871481488,3.8881699003167096,5.673447833824584,46.96915354909594,38.38975838140271,46.96641983642922,27.06630062278354
3488,331849855636635.0,-13.048050878301844,-6.724708867356834,3.455468472476926,-4.022608115692864,5.0957649463918235,2.446052549634563,33.83325463087186,-3.606219462186633,30.072907130728687,1021.157544406668,956.599341382412,1.0,15.080238838882597,14.67901022117844,13.497847757588449,7.560553664579708,6.937677530477148,6.492164234006543,4.7079240784035425,5.6524325263066535,45.41006145140411,34.024901729863466,45.266641826082534,30.288356873605508
3489,331849888969968.3,-9.924861876369404,-5.849002095943794,-1.4273487094177624,-4.89146467449708,5.0868978549785036,2.6442076217662285,30.745942447599198,-10.559268633278537,33.34044941580737,1021.1393026269668,874.7696167520289,1.0,11.608231265857958,11.52014360949401,10.026974000329679,6.0206436413917945,7.536231843291734,7.057120974507786,5.560419103706072,5.733093731484905,46.56604662529161,32.50863163931731,45.35304338453035,34.972613875970865
3490,331849922303301.6,-9.887163380150959,-0.676393802388699,-3.901943333065984,-5.786147514308124,5.388971860938081,2.3767246952046026,24.136146468333525,-16.533112435728114,33.41604120005909,1021.1630377515911,798.5039400315349,1.0,10.650759130511123,9.910272866158024,10.629259686368389,3.960135142942463,8.25647267615608,7.906991891694117,6.255263650249243,5.889807976053026,44.41316451951294,29.255723767380573,41.22117630326548,37.28237675224682
3491,331849955636634.94,-12.927778213904507,4.228608811098484,0.10161797965822211,-5.617271662302412,5.046325583525605,2.279554462022505,19.02764911153163,-22.455263024723177,30.079789378784,1021.1388468903319,733.4302170680046,1.0,13.60216557166518,13.601785986597633,12.928177588573488,4.229829629085497,7.88768098799498,7.551102093274249,6.062186855700871,5.537307147004919,42.08424880276559,29.43280938376543,35.59276836358163,37.53708255287705
3492,331849988969968.25,-9.958556090110037,4.134385803068469,2.212686858427347,-2.7917515268318125,3.166208489968323,2.10221067466167,12.185471724484994,-27.094011478462726,28.834595244051524,1021.1269626743191,681.5155991711,1.0,11.007359742551294,10.782670604654573,10.201412771441257,4.689256775020024,4.715722904303933,4.221226455606859,3.494734082620483,3.8005481081824186,41.400544223857395,29.70809955455403,31.303667581235622,39.566644296469576
3493,331850022303301.56,-5.79770419231158,10.805666394215606,-1.4104586517784836,-1.386570158591341,3.345803993394628,2.8482736776287676,8.399932785082054,-28.93925006258851,28.028119375485335,1021.1471149477895,642.9868593035403,1.0,12.343629682269498,12.26278109258368,5.96680546942198,10.89733085812564,4.607563793327702,3.6217373133499695,3.1678446532885607,4.393980803882551,41.15354833675198,30.133686548096392,29.25977352134416,40.287165076628135
3494,331850055636634.9,-5.541145327658396,10.2451094617271,-0.17452611513571448,-2.094149100855365,3.024486917959561,2.400998381472859,2.177933083048643,-30.595990103448194,23.746015765668794,1021.128040747181,618.06018533394,1.0,11.64890633449617,11.64759886950957,5.543893118296459,10.24659588583616,4.392923263768347,3.6787200999154392,3.185946277709124,3.861646584650622,38.79086577620985,30.67340872685228,23.845684248048507,38.72967693066508
3495,331850088969968.2,-6.536168504512803,10.4348505976245,5.625181185651053,-0.6473659157853577,2.297290725968083,3.2313954425845264,-0.7218843356610819,-29.9861437662643,23.3032531171956,1021.1158568063202,606.9853727486226,1.0,13.536996309578138,12.312904032523338,8.623465781852893,11.854483133656522,4.01728064925711,2.386760840247631,3.2956030002530134,3.964777570807095,37.98330608055637,29.994831804248278,23.31443164304374,37.976445644835664
3496,331850122303301.5,-7.87255871841319,15.155978986555404,2.7248997804352406,-1.861876938256324,0.20553534085147926,2.708114736174438,-6.267155088933998,-29.993076318246665,19.12048026805823,1021.0986188868919,612.2170985680779,1.0,17.294680067268906,17.078667389927485,8.330801857461234,15.398986260605762,3.2928279538771568,1.8731872596058508,3.286407028579371,2.7159032016299993,36.11723446807804,30.640852793956636,20.121381627262963,35.569332193806694
3497,331850155636634.8,-9.337717092379727,12.782876596749329,0.6213565717111735,0.6388697597077715,-0.7853301003376176,4.010781683883671,-9.784492492042382,-28.203780622220652,21.691707556458837,1021.0896170818436,639.7405924341814,1.0,15.842379195507563,15.830189341414783,9.358367618689124,12.797969295045615,4.136576803607313,1.0123724296746521,4.061345132544857,4.086944223044037,36.90148657477252,29.852797770279135,23.796354133391258,35.580660731657055
3498,331850188969968.1,-12.115629683020245,15.875467365431417,4.045446973011827,-0.11431773405089664,-2.978254692528181,4.729967458173461,-13.172349252417312,-26.71513706168516,22.23804198331856,1021.0689062203729,695.8583879270701,1.0,20.37607881557219,19.970451839829742,12.773179863586506,16.38279906738554,5.590676319844011,2.980447878739815,4.731348718885393,5.589507417380001,37.171761382857845,29.78605937434965,25.846494850936708,34.75958946070081
3499,331850222303301.44,-16.995459637938694,10.876939468513676,2.944971508907835,-1.5921483690507887,-4.617412397099031,5.583895414223091,-13.855109688946678,-24.735123780693332,25.738423992393272,1021.0602336657942,786.8730186268803,1.0,20.39181987206617,20.178044020829024,17.248724749762868,11.268569979815073,7.41857949144825,4.884202460377222,5.806446798693049,7.24571495726029,38.29173386713078,28.351197733763644,29.23064375112101,35.69723824133215
3500,331850255636634.75,-19.304992380988242,8.449598363312129,1.686602688811975,-3.4377772039797763,-6.544376421893117,5.811447725771137,-13.263551944542217,-20.688018292546673,26.527740095793746,1021.0394252125867,916.4813644284878,1.0,21.14055514789545,21.073168801376337,19.378528309960018,8.616283487165148,9.403196239843348,7.392372748693991,6.752128314359371,8.752244707547948,36.16126250075208,24.57470063008531,29.658772813040542,33.640973461877245
3501,331850288969968.06,-18.668313159375483,5.262470131234361,1.3161134419046023,-4.626549100900492,-8.024968216003042,5.1858274084421225,-13.865511716489632,-21.405606456744355,32.42028175551175,1021.0287415507944,1069.0281133513267,1.0,19.440464569824652,19.395863169723732,18.714648562248605,5.424550347641339,10.615925647867535,9.263102690292396,6.949659163814633,9.55473289935457,41.24957056804222,25.50396837633561,35.26084349908379,38.849384253650456
3502,331850322303301.4,-18.305019507248907,3.8155886381003765,2.0695711706880218,-4.886192108316837,-9.226168493201282,3.5935937449260553,-9.186527426473107,-23.695745727391348,28.886349094310134,1021.0388344553783,1220.1470156717855,1.0,18.8126441694544,18.698461322150646,18.4216411861513,4.340719005619193,11.041330281623198,10.440165630118985,6.065376272165595,9.901318148030175,38.47469058657756,25.414182098476587,30.311935770512818,37.361872672224784
3503,331850355636634.7,-17.44906836961738,2.9729064551462394,1.4815758122790244,-4.508615991808638,-10.023502166508461,2.207173604778455,-3.5028802913842814,-26.36377705621512,29.496547389867164,1021.0489510124513,1345.4299281926992,1.0,17.762410496499683,17.7005129800984,17.511854666342796,3.321632080556248,11.210255535233044,10.990824074817702,5.019883811725457,10.26363536977179,39.716057444417395,26.59546786588992,29.70381252059149,39.561282190956526
3504,331850388969968.0,-14.351709907275012,2.4591444667650846,-0.8724710756928301,-3.5933361520343974,-9.256580656471723,0.24852909040183407,2.9298859804895545,-30.268494774464255,26.64699236782706,1021.0578885932873,1420.6693578362297,1.0,14.5869864793561,14.560871154261239,14.378205139741759,2.6093288957779808,9.932679238758283,9.92956948468985,3.6019205169316733,9.259916422870266,40.43300891624902,30.40996559962604,26.807581653511807,40.32671543980248
3505,331850422303301.3,-10.780949403499255,2.7757726640913685,-2.9899556565541534,-2.7126667531616873,-8.199882110333654,-1.411839204514149,10.397829776015294,-30.82511140563292,22.48965592675539,1021.0787103091898,1437.830128777637,1.0,11.527081970372555,11.132555139029307,11.187882054659458,4.079797631118126,8.751566572704673,8.63693391992081,3.0580796021542533,8.320538237564506,39.548539554887675,32.5315594034573,24.776995131670713,38.15720268669501
3506,331850455636634.6,-6.586037788109162,2.6034354122591004,-2.390781917492312,-2.4330554883574695,-6.677009664690308,-2.276387993355866,17.815851956164025,-31.025862885729758,17.117468001717416,1021.0875679067501,1416.6634207116049,1.0,7.474597505499192,7.081932624093972,7.006549216512365,3.534644836870167,7.462181944182877,7.10649119269096,3.3319215635607558,7.054388730333942,39.661271531783704,35.77720990697929,24.706523262364804,35.43461413073272
3507,331850488969967.94,-5.630735448243215,1.2549817995102777,-1.3318068808096932,-1.8264493544328293,-5.2137689665536255,-2.2814567991817185,20.722429395718343,-32.18048769408327,12.531600541016598,1021.1085749495304,1379.6593793517097,1.0,5.920630926934798,5.768895995353423,5.786094646294231,1.8299423173625171,5.976984959612852,5.524427941507225,2.922492492863,5.691083549125786,40.27460590011011,38.27535588717075,24.216938125620654,34.5344002459671
3508,331850522303301.25,-6.3735314175787945,1.8028289932151367,-1.5099513271361273,-1.1319947865782356,-3.8867308550353785,-1.544949035661703,25.036005141218315,-31.01354704446264,7.629511923130056,1021.1086993784834,1349.308150411528,1.0,6.79352987186788,6.623601370073614,6.549950819753085,2.3516261159243097,4.333007784336,4.048220465380356,1.9152753639182882,4.182528453253615,40.581413305790505,39.85776779638076,26.172714907252047,31.938214609841314
3509,331850555636634.56,-8.64563714864849,0.783469732814072,-0.1812422186536113,-0.5289750592902961,-2.747312081912996,-0.6869676021566944,25.892917619025194,-32.75624192498215,7.258146554172505,1021.104806103215,1344.955877311517,1.0,8.682955445592762,8.681063674937914,8.647536669359273,0.8041601607007379,2.880878819941792,2.7977738094378344,0.8670288921161109,2.8318983318329134,42.38036407672107,41.754216168832386,26.89096268688556,33.550738836124076
3510,331850588969967.9,-20.342433849574718,13.940345564585174,2.291175922218928,-0.6655877216901948,-2.9076302430084087,-0.01760372796279024,25.094965898183904,-32.04034030176165,1.6665942677137673,1021.089091835005,1362.6256615455886,1.0,24.766859641281304,24.660653871792874,20.471055225143598,14.127374900051507,2.982889628625248,2.982837683368286,0.6658204761817799,2.9076835318334298,40.73227536655522,40.698166053075475,25.15024552333813,32.08365538877808
3511,331850622303301.2,-27.843092073974127,19.487194766443007,0.10094378535954535,-0.40122922693638446,-0.7561657047913021,1.7547106520955982,23.309562435038455,-32.77669844467798,-0.6685543870360043,1021.0618005456511,1387.8530468503423,1.0,33.985272188889226,33.985122275858956,27.843275056781728,19.487456209394967,1.9523782774422211,0.8560207156666801,1.7999984347564661,1.9107056407726142,40.225546942393926,40.21999082354833,23.319148052220537,32.783516069844936
3512,331850655636634.5,-5.325125285076864,22.448287068572668,2.1130951810687444,-0.6232583986688759,-1.1594225817278063,0.6753725817617195,24.55118784844397,-32.775881699647215,-2.6805824489478454,1021.0691610933351,1406.1233721377123,1.0,23.16781653197098,23.071249459333835,5.729060179996446,22.547522337438824,1.4794728381173998,1.3163250945460483,0.9190098779157828,1.3417856934756245,41.039063929681184,40.95142544477362,24.697091874048454,32.885315012249414
3513,331850688969967.8,-2.5980185184328644,14.425396760310726,-4.521306695710443,-3.218226559576144,-1.0677358974110633,1.7748191547639185,21.185441330287073,-34.208530195275976,-7.9757606938720285,1021.0793974971276,1403.0583052814486,1.0,15.338969527030795,14.657481772613714,5.214586700669209,15.117350493028177,3.827143212305809,3.3907288501709356,3.6751823384531845,2.071241892859721,41.02022941337673,40.23737643634515,22.637042275989806,35.126005989395125
3514,331850722303301.1,0.6450224012041746,13.95765634277699,0.6539216746627042,-3.8236190801399332,-0.20097965442663746,2.9584587364330384,17.25323560856881,-34.428864647469695,-11.857403930018606,1021.0986520854574,1374.8327557809462,1.0,13.98784608285749,13.972552539930488,0.9185137204467198,13.972966189741404,4.838691329965218,3.8288974511605294,4.834515587438634,2.9652775446272175,40.29415451201571,38.51000986598907,20.934950845999314,36.413524257800276
3515,331850755636634.44,2.035621293859441,8.865442533831187,0.7863136061867564,-3.7459111061515795,0.24351472464472115,2.1740662365639296,14.269564579032544,-33.98507841740271,-15.937032645690419,1021.1282568867327,1335.513174409628,1.0,9.130066509065065,9.096143434042645,2.182210608371338,8.900244963366882,4.337938846650076,3.7538179812437025,4.331098476848223,2.1876616333624455,40.15712935285582,36.859273301466374,21.39180877871206,37.53630994899224
3516,331850788969967.75,-0.17875541376987858,6.405207715522043,5.2267065496613565,-2.2751646454070857,1.0738720714477208,1.9553539293020745,13.02535581451338,-33.075939816348374,-22.310529536822777,1021.1416766649953,1300.8994661903996,1.0,8.269044729181726,6.407701567405831,5.22976240896515,8.267112387965707,3.186374801931316,2.515864739914642,2.9999638585402013,2.2308317315908166,41.96948197253355,35.548244525283906,25.834465783292657,39.89708664737491
3517,331850822303301.06,-1.1987117941130307,8.602440766371178,6.767320989341995,-2.684453404444744,1.0375481369296526,1.6096590086796554,11.955234716317861,-31.981160315178876,-23.002524952552935,1021.159191163752,1286.7915361461658,1.0,11.010700725978303,8.685556810260952,6.872666392175194,10.945255616554299,3.29754428951375,2.8779847492787676,3.1300626519062758,1.9150739569713136,41.16841515555638,34.14267494247374,25.92380742319832,39.394298690267256
3518,331850855636634.4,0.7283466011087728,3.4872887760875826,6.3743117665269375,-3.99110197858387,0.9696367567557687,1.3799098195373163,11.050565884264643,-28.577442798386425,-28.868371296313196,1021.1694158556803,1306.9131709984188,1.0,7.30229568533464,3.5625372670574453,6.415788281125747,7.26588146784065,4.332809891232644,4.107199829994632,4.222919145983213,1.686519063072622,42.097127034505824,30.639602530997717,30.911128540774328,40.62084561154344
3519,331850888969967.7,1.4992918891886629,0.9614964382520588,6.639403282129817,-2.3057140089842627,0.6060298775589602,1.0092340442705097,10.177869754133722,-28.939299482488256,-31.01357984143988,1021.1689097369011,1358.6668226258164,1.0,6.874156494619139,1.781109645630584,6.806581529060171,6.708662410907824,2.5888496788796016,2.3840279578311177,2.516916853481833,1.1772109278327048,43.622405044318924,30.67689826676183,32.640943113112954,42.418453403188934
3520,331850922303301.0,-0.5010072680001503,2.367330271218646,4.103445779440564,-1.0836178191872772,0.8168771279348299,0.7467529295763136,9.081521652413361,-27.20088111659412,-30.65987489561783,1021.1599178934339,1431.7388513695967,1.0,4.763772471521462,2.419764636409319,4.133917699640082,4.737353678778557,1.5489208365936762,1.3570246203379093,1.3160043753312514,1.1067647356027672,41.98082773906769,28.67685423895618,31.97658462278592,40.986776674118
3521,331850955636634.3,-0.013106249707165969,2.270412675990833,3.5552594220925395,0.4319214234767586,1.1674139216566375,0.4495357178032567,11.721837823261716,-26.58217881492101,-29.88828443512053,1021.1475559586955,1515.7697567087187,1.0,4.218390101858648,2.270450504433259,3.5552835797105082,4.2183697416985195,1.3234401165586633,1.2447535420861107,0.6234087564664765,1.2509746704304683,41.68120990300008,29.05191409362358,32.10468857393756,39.99902220083765
3522,331850988969967.6,0.2161787035801866,3.447214408628451,3.980749684848076,2.3291275372333025,1.5032228498397937,0.3671586377449441,10.92432497486081,-27.433802902066443,-28.92704488528354,1021.1487449705834,1600.4047839781274,1.0,5.270330963455262,3.4539861625283343,3.986615266777027,5.265895482486683,2.7963046125645294,2.7720956009811313,2.357889002894155,1.5474121627902484,41.33676745490636,29.528874306783127,30.92110609198151,39.86712263839262
3523,331851022303300.94,-0.7108763321154821,5.658881038984075,4.009859951127301,3.1795088753395255,1.9728207794370407,0.27269290618398856,12.777355954525223,-30.157253555916004,-23.00772551892514,1021.1552234762175,1675.6722706080232,1.0,6.971890461029209,5.703356886337681,4.072385294543801,6.935554155294883,3.751754247978465,3.741830904268843,3.191181303129906,1.9915780800314213,40.02594409603162,32.752416204372615,26.3176035904267,37.931719913418206
3524,331851055636634.25,-2.9318400192128014,6.70424028984531,5.152360599803514,3.804206877121942,2.2984311931930947,-0.12893407142408875,13.590835002232943,-32.66939447804021,-19.587414960211856,1021.1587349396015,1732.2590869016578,1.0,8.949264970524142,7.317275706316036,5.928111474041741,8.455392221203743,4.446504234627344,4.444634508459037,3.8063911988543517,2.3020447312372156,40.443379636762,35.383613885804884,23.84067156943049,38.09141846118802
3525,331851088969967.56,-4.281210085022669,8.289818944171742,7.3922005886098825,4.339658758780485,1.8025778936685304,-0.623603270173338,15.156610138297225,-36.15941132179946,-11.579850582495377,1021.1688355353007,1760.917057662877,1.0,11.903549364012937,9.330051335295455,8.542446331955741,11.107012544757163,4.7403381993243405,4.699140900782041,4.384235301763702,1.907398254511458,40.8817660765326,39.207471966749054,19.07395528979904,37.968354805706255
3526,331851122303300.9,-4.083415054059743,7.916142278902217,7.251328825802736,3.1858131038734196,1.3531578467989764,-1.1487852583021558,17.80564749188739,-33.420005479847255,-7.739924019093618,1021.1687620113424,1752.3980076955236,1.0,11.485702278200606,8.907277198086119,8.322021884352349,10.735319199713667,3.646936914844783,3.4612774074270956,3.3866078459874775,1.7750334442049234,38.65028166391183,37.86737182428134,19.415136013602844,34.30456514947191
3527,331851155636634.2,-4.685015518521274,8.96083932792579,4.48006711188435,-0.11201284868022483,1.1639552480231905,-0.9248070962279008,18.614543008002368,-35.042618191955206,-6.248462078659848,1021.1687633315287,1699.861851933301,1.0,11.059702220072404,10.111677005803076,6.482312221404715,10.018365275227755,1.4908409918243017,1.169332586422779,0.9315659093713878,1.486627049610698,40.168763728703055,39.679797140911894,19.635286851615383,35.59534194379371
3528,331851188969967.5,-4.048836857193411,4.569306741229537,3.7516891251193414,-1.3241711128478906,1.2006975641089022,-1.4002434544345412,19.80523668553664,-34.33758913648651,-6.666307645021729,1021.1705296446719,1614.8783328980692,1.0,7.165669213908234,6.105050695253358,5.519805357773637,5.912168416662741,2.2706354855512694,1.7874853220538267,1.9272028610884735,1.8445477418987637,40.19648100884402,39.63984646635608,20.897058591777974,34.97870331107532
3529,331851222303300.8,-6.684271614030152,2.8804481192956466,3.8033974891888382,-2.1825974100123813,1.3053623456073171,-1.3974496042359037,22.99615096706237,-33.22531757754823,-8.24285487730157,1021.1688083506716,1517.5144669868757,1.0,8.212326152732308,7.278493551421412,7.690599422079998,4.771039072227536,2.9018214459027756,2.5431677702271616,2.5916397995423357,1.9122856088222075,41.2394149322843,40.4072355826139,24.428827557379375,34.23253400870566
3530,331851255636634.1,-9.552770748812282,4.0163712583110565,7.179610865535555,-1.3293596819298952,1.2077578321277653,-1.453373511191416,23.68815088126888,-30.451762276910905,-8.412762660447207,1021.1691992830705,1427.882913841147,1.0,12.606882217442461,10.36275383592367,11.949989169864539,8.22666702043442,2.3104481617295756,1.7960724219826747,1.9696425378666091,1.8897019722958497,39.48686988765086,38.58028405731681,25.137682227181852,31.592473808654315
3531,331851288969967.44,-6.327802388438185,1.7926178533551966,8.005451808689187,-0.45420548171245767,1.3578960523990014,-2.261125133195327,27.964213789706335,-28.922133955772008,-10.064675995717998,1021.1683539540275,1365.9736020198666,1.0,10.360589775516488,6.576820039752631,10.204329558004728,8.203702665834054,2.67635408283471,1.4318464682843748,2.3062934521836618,2.6375307689368057,41.470288018421144,40.230424872626216,29.72027852788705,30.623316859125534
3532,331851322303300.75,-9.185632151857188,2.3093958008276427,11.509574041805148,-0.2579775027686554,1.0926115025840597,-2.350285974798504,30.692764732055014,-27.806930101211513,-6.465372552897689,1021.1783824675098,1341.5163759983793,1.0,14.905684875842095,9.471491276146162,14.725696338476745,11.738977961844688,2.6046490072269437,1.1226541263959031,2.364401944524092,2.5918418275260455,41.9174451845375,41.41583234164132,31.366333052255932,28.548667287658557
3533,331851355636634.06,-8.940483329075624,3.7951754776722617,11.273691815130078,-2.886257169884555,0.6021503553368703,-2.5880732528545,31.46658001027745,-25.575175565288735,-10.329998385523819,1021.1688836588203,1346.4020375938358,1.0,14.880582186404366,9.712651495024623,14.388480437489223,11.895355566306364,3.923160545183334,2.9484004987691748,3.8766742980099416,2.657199317434278,41.844284309609826,40.54917092541516,33.11879412339944,27.582575511367075
3534,331851388969967.4,-8.80930617120713,-0.13865580730642738,9.070113674546706,-4.841117888119835,0.434783239286282,-2.4266766661357124,33.792442222488226,-22.005942420471577,-11.835509897649743,1021.1647558830206,1370.7359164559664,1.0,12.644764241383346,8.810397303809166,12.64400400534843,9.071173435785413,5.432699008209976,4.860602727217904,5.415273035465653,2.4653186623906875,42.0270144991371,40.326054272310294,35.80514552264199,24.986812448779364
3535,331851422303300.7,-9.620692330343031,-3.035307813540974,10.035091215932816,-4.06583639039362,0.46591757553407004,-2.938230390134633,37.54212802392339,-17.024019753994434,-13.530249536849952,1021.1787442130643,1404.6233422345003,1.0,14.229331331800383,10.088152181547626,13.901826377394203,10.484090291247727,5.037985963274539,4.092444836603246,5.01639545679562,2.9749415141649864,43.385438544268226,41.2217009007276,39.90587712473042,21.745916883723737
3536,331851455636634.0,-13.056021225899064,-5.053168976027643,10.184001276609202,-4.060785823471872,0.6229413637274561,-3.379037540128075,37.55420070001931,-11.854981101804851,-15.176949250838874,1021.1883517969743,1438.6350673270224,1.0,17.31207927874041,13.999793103878899,16.558187468835616,11.368746575690132,5.3193920840964095,4.108288870899021,5.2827905695479656,3.4359788474665285,42.2042457070852,39.3809416741332,40.50503399307139,19.258254476631283
3537,331851488969967.3,-16.91394901457516,-5.555695127088227,10.413519275020915,-3.9060726756555915,0.6680075178881993,-4.005368297791303,36.80889591354372,-5.219068401273274,-12.54936263838988,1021.1785222374036,1466.8852833262458,1.0,20.624955837626224,17.803017149146374,19.862604435443007,11.802844235030133,5.634413278453222,3.962781572514234,5.594674159274589,4.060690734949752,39.23799174245645,37.17705600704909,38.88934714036623,13.591364081908225
3538,331851522303300.6,-19.616836313853668,-5.277998141154029,9.870195070109357,-3.8076224971457657,0.648536201782703,-4.443817594201276,38.422358568234394,2.864270086836857,-13.953128690467166,1021.1786188460163,1485.1178568001449,1.0,22.585355477932254,20.314466060976187,21.959986741492788,11.192766195183228,5.887792718525858,3.8624588393655785,5.851965814263047,4.490892340677469,40.97769492454476,38.52897197014635,40.87746858843772,14.244080994682893
3539,331851555636633.94,-18.491496632082807,-3.848707693718801,6.30964742486873,-3.155738336134254,0.7562220921909099,-4.009410958327774,39.846885551395964,8.421471453129962,-9.996892424062917,1021.1685257587715,1489.0852737865948,1.0,19.913805493480464,18.887773786394735,19.538349426716742,7.3908187325791515,5.15809388549916,3.245081863199292,5.102358344815291,4.0801039307199565,41.93606237738849,40.72708520851856,41.081773894080264,13.071305962839729
3540,331851588969967.25,-15.514203466653528,-3.150019763695468,2.6011944235582547,-2.197631440514743,1.3456896722095684,-2.8928635535601765,38.60677483904602,13.397320685349374,-7.236338794616709,1021.1686338959207,1474.5696020327134,1.0,16.043046660330667,15.830765417894247,15.730757185649866,4.085197295213857,3.8741610939333966,2.576909901845697,3.6329386848467062,3.1905391759714075,41.50103449517086,40.86528190308843,39.279099564822914,15.226713391161109
3541,331851622303300.56,-10.510882873671026,-3.08678597892462,-2.6111237708064072,0.6719713799905571,2.188633747907872,-0.9508880412318527,38.18496131366946,13.929620438502695,-2.4151422217944964,1021.1679170306462,1439.7443964309825,1.0,11.261655020918852,10.954766381065207,10.830356694518475,4.043045266399561,2.479082750729677,2.2894678897088014,1.1643597392920124,2.3862744497310047,40.718036642729714,40.64634788129415,38.26126216524917,14.137440981742293
3542,331851655636633.9,-12.117909238063817,2.168555117327556,0.2369670972149906,4.01194636640819,4.260005586346968,1.0745239247543856,39.57958912916457,11.988537705931176,-0.7332827845561678,1021.1906469778612,1386.896197859275,1.0,12.312697064575348,12.310416548551064,12.120225975909644,2.1814638896965564,5.949618719507395,5.851782740553792,4.153349890366262,4.393432514626455,41.36189811411152,41.35539761578911,39.586381234909666,12.010942509589327
3543,331851688969967.2,-15.719395735717812,6.647851453243107,9.519039893160386,4.711668226507521,4.894751392473175,1.949937233736779,41.62456484544853,10.549410672748216,5.519962400774935,1021.1895770883926,1318.7174907537071,1.0,19.542401380794242,17.067317634604738,18.376929090130435,11.610600735188743,7.068285781313008,6.7939979887249455,5.09922275373351,5.268856271491103,43.29393085665949,42.94059226553872,41.988979309801266,11.90630297146276
3544,331851722303300.5,-15.494630180571304,2.043559105293027,16.640176121324938,2.2348465333972043,5.426505264812733,1.944396981751506,41.53224469335953,6.452109438566373,9.571034650856404,1021.1816784984427,1237.9007595503947,1.0,22.82882300072016,15.62880987949809,22.7371727745862,16.765189982983753,6.182408757072132,5.868687963836364,2.962299554481597,5.764342027645886,43.10640056609021,42.03043023187281,42.62079367582196,11.542721537624098
3545,331851755636633.8,-14.973189425084684,-0.9878641004923733,10.31526000311225,-2.691844397917058,5.594835130896295,1.2756016383268647,39.24044819229157,4.944993013661828,18.32137011330741,1021.1887225679778,1147.3993637248109,1.0,18.209252207938597,15.00574146920136,18.182436318911588,10.36245455540573,6.338404053404217,6.208720190547229,2.97878931821296,5.7384091594808355,43.58828206141964,39.550799362807865,43.30687447924074,18.97697443571968
3546,331851788969967.1,-14.240688340343487,-7.921101078428933,8.272432191973365,-3.0261649837302986,5.218486889533759,2.0563333372367354,38.38918188839897,1.0682889442325014,24.768348375063123,1021.1777385067631,1052.1271522691957,1.0,18.27496049441093,16.295430239839725,16.469072189336966,11.453251794380723,6.373286963476718,6.032435654442667,3.6587130664465297,5.609020610593876,45.6983764324012,38.40404311174735,45.68588805407061,24.791375970221207
3547,331851822303300.44,-13.45368876879471,-5.718246845134235,5.67547285214088,-2.6798174718769943,4.797505704646229,2.084389132454348,34.97078168780813,-2.351880311249415,28.677998311789665,1021.1689182410274,957.8895357502183,1.0,15.681552237099128,14.61848447922973,14.60180583294344,8.056633234625725,5.877257925613279,5.495223623174066,3.3950110070618322,5.230749376677007,45.28702352800181,35.049777643442745,45.22591247313145,28.774275458635852
3548,331851855636633.75,-10.363210586919397,-2.84121162564528,3.7011002600378946,-3.664876691515944,4.2395730295180645,2.3350773945245935,30.6210890259077,-8.064735460649931,33.147464742653305,1021.1570982555785,870.4964133761455,1.0,11.365155533708844,10.745632469545018,11.004284474862091,4.665900410055327,6.071069681287936,5.604043240075315,4.345561828168668,4.8400997831694275,45.841525607774805,31.665297269768832,45.12654996781838,34.11443062570015
3549,331851888969967.06,-10.174369472137158,-2.867443472797609,-1.0974184694537066,-5.472678762585385,4.500925440802854,2.6212975988940244,25.704856315982447,-13.81511712434403,32.154742284391226,1021.1591842372328,795.7247427535772,1.0,10.627528100284858,10.57071550204839,10.233382698436264,3.070270243282784,7.5551137492487195,7.085798660851116,6.068065090324978,5.208601628617219,43.42262717478369,29.18213664872136,41.16633442026287,34.99692718703973
3550,331851922303300.4,-9.910041962520653,-2.1032304927430037,-0.03384602805739347,-6.464032264797852,3.521799590541297,2.2469443231641226,21.81660508010203,-19.37986766095414,28.988840460860946,1021.1490586157606,736.9393542704398,1.0,10.130827002675519,10.130770464506842,9.91009975996889,2.103502807038593,7.696463101170821,7.361167399012502,6.843425451610262,4.1775388863942755,41.132668270396444,29.181218750717555,36.28108499599181,34.87021855138486
3551,331851955636633.7,-10.525110488417775,-0.09390343712493043,0.6462030781863172,-3.070316253822711,3.3483855852022444,2.7549045870131827,16.47940486795458,-25.076277850266486,26.174286913319275,1021.1486436847756,693.4916232102149,1.0,10.54534717622721,10.525529376183686,10.544929075705504,0.6529902554872832,5.3130054779968345,4.542964662605037,4.125086809030108,4.33603336134957,39.818133947317115,30.006507554624392,30.929986747858813,36.24793795851734
3552,331851988969967.0,1.0088501979300837,7.054483035522138,3.1805941467110026,-0.7085153081878971,3.7546486524142297,1.3460039529319296,12.518617465239023,-26.00520547574667,28.517201725246945,1021.1485801857127,664.3534566828934,1.0,7.803825263704045,7.126254950556653,3.3367585840087175,7.73834026290922,4.051062463887834,3.820913561573015,1.5210919049304585,3.9886229634279013,40.57360335631061,28.861505419447408,31.143965346105414,38.59406050254666
3553,331852022303300.3,-9.089161855708543,17.196516153300834,0.6524003713103931,-4.210102859518054,2.511601158780138,3.7816580917173503,6.974326418996565,-29.49985302091096,21.050281851746796,1021.1303355390385,648.4967617984653,1.0,19.461722875801353,19.4507848440623,9.112545719158456,17.2088870661418,6.191449296502325,4.902357235912927,5.659143398993651,4.539722271619382,36.90524249062785,30.31307568119842,22.17556301510052,36.240249644467546
3554,331852055636633.6,-4.182053556873196,5.602800727362805,-0.2093310164894978,-5.225495935788377,0.8886755386324118,2.436973313864311,2.834781462661148,-31.591792791907576,16.17821251836787,1021.0981784739495,645.9680653705238,1.0,6.994624179865381,6.991491110134728,4.187289269565727,5.6067098609613915,5.8339001465907225,5.300523746565471,5.765817089314198,2.59395126119409,35.60634659772533,31.718722511284575,16.42469318527814,35.49332235923116
3555,331852088969966.94,-8.306585874566595,9.801369632140682,6.453225547564701,-3.617499522274736,-0.15945184061668333,3.775254012288496,-1.1687030525148097,-33.120149865752005,11.288697376848912,1021.0915179915506,664.1816786010593,1.0,14.3774245094572,12.847809757207601,10.518720875624137,11.735031599173107,5.231086936807147,3.621011969482287,5.2286561993459015,3.7786198203545744,35.010639560295175,33.14076332788414,11.349033231559106,34.99112766968147
3556,331852122303300.25,-10.24816502558761,9.37048570483047,10.244604763003247,-1.083559797918258,-2.9774840154734252,3.3244889521098426,-4.5947250526492684,-33.34235289418274,9.948970567447839,1021.0893525274656,713.6421066041656,1.0,17.2563847745192,13.886356208023374,14.490576701492108,13.883728933344276,4.592574407754849,3.1685190386147926,3.4966167402740975,4.462918087428914,35.09709404183774,33.657450807059924,10.958718614025374,34.79503573603797
3557,331852155636633.56,-14.31522850308033,7.431510196481367,9.459031169801518,-1.7189065956841343,-5.169122394443516,3.3570620869602052,-5.900447598899748,-31.182917842730355,10.140856552625095,1021.0889566211072,804.8644223380844,1.0,18.698298895008787,16.12926256515809,17.158060431373944,12.029156847912624,6.398775825822428,5.447427485834381,3.7715389087734503,6.163577872019066,33.31706197543163,31.736251307516344,11.732529713931312,32.7904153192269
3558,331852188969966.9,-13.416129760041033,4.238713395116713,6.112130687410453,-0.1257379767960631,-7.65204214403282,3.747783974328686,-8.205953413195695,-31.274627385581486,12.276925171398508,1021.0796634593858,948.0868310336335,1.0,15.340057709284704,14.069798469921327,14.742817887983396,7.438066468237994,8.52146957578903,7.6530751344059835,3.749892632735461,8.520541866119157,34.585587767025444,32.33326444277629,14.766873842613283,33.59799413314851
3559,331852222303300.2,-13.003938522363736,8.533478450244727,5.664409815624352,0.6211132607645633,-8.713521643086912,4.4910632169351485,-9.540994913267534,-27.281129874554832,17.373086939595336,1021.0789574167151,1136.9924619152766,1.0,16.553193350938308,15.553863557142536,14.18407401463899,10.242352904490874,9.822468626865117,8.735630550065725,4.533809711622828,9.802811241835268,33.72113255776062,28.90139496922813,19.820563406364993,32.3432249017173
3560,331852255636633.5,-11.974613512022321,7.2894177006080785,3.097124584277617,-1.3431349231526777,-8.688913496476474,3.9178370274821956,-9.107221656485144,-26.78046644511128,21.66096162864633,1021.068788186722,1339.6367907603783,1.0,14.356850624938001,14.018808051194863,12.368651885021436,7.92008782176531,9.625522123238506,8.792111758334478,4.141673381098862,9.531351673459623,35.62768765996149,28.28665532222011,23.49763275264214,34.444021857144094
3561,331852288969966.8,-10.933100133192722,6.483920829016498,1.9085849833557742,-2.0001511846932707,-8.492065819457821,2.3214258825014773,-5.95577886474859,-26.183152830224294,24.047023318369746,1021.0583561090588,1521.87458314717,1.0,12.85366113129111,12.711172559578158,11.098440212980826,6.758988530515875,9.02800115039766,8.724436179125487,3.0642491559234633,8.803646972133286,36.045639465695245,26.85197933145094,24.773587393835484,35.550201442538985
3562,331852322303300.1,-8.600389314498448,5.9835186319055405,1.5419573630279935,-2.5831635825300503,-8.269121005077565,0.30353588674049437,0.9843966199501063,-27.70442839661475,23.053067520837832,1021.0581028414168,1649.5606046538815,1.0,10.58993975850175,10.477079343944085,8.737524184248954,6.179007017940423,8.668519500195165,8.663203581281262,2.600936010102675,8.274690098798525,36.05479595849672,27.721911721389688,23.074075470659213,36.04135506475113
3563,331852355636633.44,-6.384897538731046,4.282093787454567,1.5695258941644517,-2.3488905154842916,-7.744324424831978,-1.116999268335291,4.553979078086931,-29.44474568616582,22.364333176891837,1021.0567933941437,1694.6582997904982,1.0,7.8464422075934195,7.687863408298223,6.574977422968576,4.560673057456511,8.169426835234084,8.092703346273185,2.600956366261002,7.824464720510325,37.254465133909235,29.79482797343583,22.82328030522077,36.97507872838144
3564,331852388969966.75,-5.277886950267437,1.8046213873008103,0.7636116393454179,-1.674829222063853,-6.983226472842929,-1.9582355461674532,10.712182462223709,-30.285424211973623,18.13985441133988,1021.0961038165901,1667.8403463026473,1.0,5.629906903941716,5.5778803331827405,5.332841024777234,1.9595308334515427,7.443466353008325,7.181260675821016,2.5767691742476186,7.252595288949194,36.89189736063704,32.124099564083835,21.066683914859027,35.30242538075543
3565,331852422303300.06,-4.503200401663606,-0.17008340623778562,0.1696950594548203,-1.2883985452728557,-5.489260846872249,-2.4033300898361025,16.035784210095425,-32.013222265678785,14.681593670519362,1021.0919905405475,1594.8954886078423,1.0,4.50960515298447,4.506411235409026,4.506396594924445,0.24025981411967878,6.129270019927125,5.638435550440019,2.726896831963545,5.992326773943177,38.69808739163645,35.80492668704263,21.741563143872153,35.21925031198117
3566,331852455636633.4,-3.742650703591732,-0.4828953138307928,1.0249006009121566,-1.0466781162283685,-4.362852443459863,-2.2091450729022926,22.14480715023277,-30.785483508221812,11.38906332198443,1021.098622908438,1501.6471276046464,1.0,3.9103763776605347,3.7736748897083627,3.8804452748165104,1.13296475049749,5.001033740690372,4.486648696119974,2.4445566125822986,4.890276413101019,39.59607609231208,37.92279629136013,24.901872360791895,32.824636451713644
3567,331852488969966.7,-4.071981972904612,-0.29988645583852347,1.7563125469945349,0.029441958516227062,-3.5685752926006784,-1.57500836425626,22.82208173698803,-29.146868476230335,9.922232512985865,1021.104074337485,1413.7800090615624,1.0,4.444727532345032,4.083009805775089,4.434599299868092,1.7817310821574115,3.9008009171654052,3.568696743614017,1.5752835225439423,3.9006898064877187,38.32542308732137,37.01874331714182,24.885700971672794,30.789456637174087
3568,331852522303300.0,-4.775415274765296,-1.1505733764018098,2.560915422525924,0.8624753113458952,-2.982162551653607,-0.686710865899149,24.569789331901404,-28.4807207462577,9.801671695865764,1021.1083950477597,1347.0991010286589,1.0,5.539557558350441,4.9120678070387385,5.418752517673495,2.807509019721182,3.1794227401385786,3.1043770948720697,1.1024679024920216,3.0602067410273297,38.8702813222887,37.61417288789333,26.45273739800008,30.120163051681008
3569,331852555636633.3,-6.288993485703781,-1.96600614438535,1.2377852704954782,1.9766678050539706,-2.0143091517660747,0.3388215554321199,26.206319996317163,-29.9604029211056,8.72098564895819,1021.0882370397971,1301.1239014462858,1.0,6.704381522470294,6.589128866776362,6.4096451882362535,2.323207381104088,2.8424385687030926,2.8221723849590488,2.0054963619917947,2.0426065223909387,40.74865079525579,39.804484055748866,27.619319297164214,31.2038672905191
3570,331852588969966.6,-8.259608077477068,13.552821061527526,0.6543349472033556,-0.9402957065153577,-0.6566707836424625,-0.12274949207918778,24.738633576844048,-28.692935194375416,8.090264298663644,1021.0685006800071,1273.852926574789,1.0,15.884843044312403,15.871360506248623,8.285486094168286,13.568607627495009,1.1534469955687257,1.1468969150629107,0.9482739337854407,0.66804487565979,38.7393456028908,37.88514908665377,26.027915161833214,29.811690768738007
3571,331852622303299.94,-17.210145350964403,30.834795837116488,0.23901986520707832,-0.8241770000454115,0.5754681237581344,1.1718586821664858,24.719443494314092,-28.649244087703625,8.74211462059827,1021.0485316361274,1263.2846926745158,1.0,35.313324224914616,35.31251530715389,17.211805062145146,30.835722219734368,1.5439184110031638,1.0052021134406561,1.4326620321530221,1.3055329687260602,38.83625421568211,37.83953056613426,26.21975313972779,29.953359658584198
3572,331852655636633.25,-3.0868209543615994,9.404964238703789,-7.272761346574873,-3.961634228363697,-1.694954625955128,1.255230031329082,23.726327458051713,-29.995428484319284,2.9096987501834155,1021.0585086839917,1267.224906086331,1.0,12.283113348814158,9.898576460056416,7.900729156762647,11.888919628609266,4.488097522886498,4.308992567107713,4.155736780751788,2.1091404921429717,38.3553215528358,38.24479500016455,23.904078343737027,30.13622532393086
3573,331852688969966.56,-4.728557244047803,18.238320831086416,2.220099656613431,-4.539833545802778,0.11176831903722868,3.7162147332556574,19.83732776305729,-31.24037362204596,-3.174611494686992,1021.068807121315,1282.1056301748542,1.0,18.97167475035277,18.841326926410403,5.223800924186528,18.372947211129077,5.867949618427467,4.54120917606056,5.866885082159241,3.7178951169723473,37.142410731752285,37.006492900894955,20.089741932667085,31.401259563705782
3574,331852722303299.9,-1.7113327677263013,10.172967613086639,1.0334077987012065,-6.409616944347185,0.0024533041109335296,2.0630409147429645,15.533536137413712,-31.186150319856072,-11.334765790531499,1021.0867610839005,1303.7627894503175,1.0,10.367538838954012,10.315906644537039,1.9991476984730858,10.225321595692046,6.733448834577055,6.409617413852687,6.7334483876514595,2.063042373438934,36.63800802760979,34.840590074007025,19.229343734473645,33.18211698036854
3575,331852755636633.2,-0.9917835739809905,7.062073351448918,3.392022821646413,-4.809222576671875,0.13469978741193886,1.8499515142051746,15.39805489259962,-28.265795154271093,-16.95845703429575,1021.099779393643,1328.029890539197,1.0,7.89698255673859,7.1313753707727,3.5340420880612897,7.834455874137976,5.1545209699456365,4.811108585835419,5.152760657829984,1.8548489527826355,36.381925940812714,32.18781244786179,22.906098739409252,32.96277355877794
3576,331852788969966.5,-1.8635434499749914,6.8199055851746335,5.992583134721655,-3.3771257388442426,0.37556791057179756,1.8514466401526006,13.633073376529817,-28.249339306576807,-21.876381184726746,1021.1207240610864,1350.844068075137,1.0,9.267953334323131,7.069929729540517,6.275655090625608,9.078665365418342,3.8696103386191085,3.397944895288259,3.851341703523153,1.889154815462094,38.242148405750136,31.366954919914548,25.77667052645303,35.72955674224873
3577,331852822303299.8,-0.0007689849761821077,4.916239646306641,7.596577141024236,-3.872282083621177,0.5282300058030442,1.7623905084936609,13.251245092518088,-26.142849873730622,-23.430872615461475,1021.1189167071612,1375.2498050262473,1.0,9.048612993756949,4.9162397064479215,7.596577179945574,9.04861296108134,4.287145411412213,3.9081447611576836,4.254478680116062,1.839849788286867,37.523990826461734,29.30945403828604,26.918419121931496,35.106329785985885
3578,331852855636633.1,0.6654071171506877,1.9201715122528518,8.080121668216954,-4.210219893256757,0.5344015078813902,1.4812957113821459,10.446925793671106,-22.746350115688028,-27.15573367010544,1021.1280141739023,1415.8524809557678,1.0,8.33175800423964,2.032197152842753,8.107473885541904,8.305144478554032,4.495083259046486,4.244000061404434,4.463203841875707,1.5747450448199674,36.93194515978856,25.03067522309239,29.095912594386327,35.42358416009254
3579,331852888969966.44,0.8078407461138857,-0.5132040398544191,8.331171070548061,-3.7425486733564854,0.33781953908199525,0.8608295924394904,10.718482325205716,-20.610740999808407,-30.19835662467706,1021.1610738831915,1488.3184419014972,1.0,8.385964253700445,0.9570710828380177,8.370245998644172,8.34696290834336,3.855103137485105,3.757764310521345,3.8402731881549688,0.9247430065726969,38.10025263365202,23.231196867938824,32.04413528536735,36.56150143788354
3580,331852922303299.75,-0.12975522902806574,-1.0471378362737314,8.414131344438113,-2.5191132736003103,0.6594976933083675,0.2641393054517548,9.986511880207772,-17.820895930525808,-33.08447268408617,1021.1587548117021,1608.3140339012355,1.0,8.480031860144871,1.05514646737605,8.415131769670397,8.479039092350733,2.617372435362011,2.6040101560301814,2.53292346072948,0.7104271814644996,38.883120812046535,20.428283121695817,34.55883030887439,37.5788060554174
3581,331852955636633.06,1.241243117122363,-0.15406042332842945,8.324823029206152,-1.7515720474175605,0.815728609989327,0.09882307656288555,12.06852727754526,-16.07104296865995,-30.451993801213344,1021.164605531696,1787.5129171538597,1.0,8.41825977013307,1.2507674003745761,8.416849941837192,8.326248439821937,1.934730938118016,1.9322054244954556,1.7543576139874955,0.8216928657451478,36.48632208401532,20.09795444191693,32.75627080603025,34.43257685055898
3582,331852988969966.4,0.778009744412219,0.5374852358343919,8.302133990795012,-1.622961270908137,1.1373903559529503,0.15041283818834647,12.42173034666932,-12.074770846114253,-32.98018847744679,1021.1586574743488,2009.4465815005417,1.0,8.355813445874329,0.9456159585901235,8.338508737389095,8.319514359615821,1.9875321709533176,1.981832512772594,1.629916350233848,1.1472928325875014,37.25308454073904,17.32337945643217,35.241909948430425,35.1211179063834
3583,331853022303299.7,0.0007761376827369157,-1.949600698371354,6.725966890480229,-1.0514339051939494,1.3404584151110603,0.08326873085192402,13.149366593210933,-12.282890933535278,-32.75197946553878,1021.1791090209013,2245.548583443374,1.0,7.0028261507277225,1.9496008528618811,6.725966935261129,7.002826107717252,1.7056599019649683,1.7036261384568665,1.0547260016369604,1.3430422346969384,37.36933783730786,17.993755902750678,35.293030483563264,34.97944494408391
3584,331853055636633.0,-0.6888568214074475,-0.2985184894783699,7.247203077078297,0.7677482488220954,1.428200119547139,0.3812683613119831,14.729624323847078,-12.836082503612458,-30.73862854701364,1021.1696976620693,2467.2056288917584,1.0,7.285985825499057,0.750757623311292,7.27986786698857,7.253348587305975,1.6657006088674462,1.6214786323118342,0.8572064727397473,1.4782155271853923,36.42238503602552,19.537831168305587,34.0855558510192,33.311083725853585
3585,331853088969966.3,-2.195721328731441,0.4618022286681188,9.099867581254864,1.3200046834597399,1.4476969976543155,0.23573531478273438,18.24929677585044,-14.091234028155743,-29.32579927219525,1021.1780264890463,2645.9300621100147,1.0,9.372408625760096,2.2437587775536403,9.36102463140758,9.11157787075192,1.9732739546268487,1.9591424045671022,1.3408890718442608,1.4667643763239664,37.304184915400675,23.056446153935337,34.54040149978215,32.53560172164243
3586,331853122303299.6,-3.253798636974817,0.6923135853609654,8.380809732882831,0.8334799895913895,1.3090499812957135,-0.043481648579698134,17.207870287204276,-15.442979941122331,-28.090407908102456,1021.1887270446027,2763.218778376258,1.0,9.016899436571206,3.326635488065161,8.990282384261507,8.409356091833605,1.5524791143016317,1.551870080444742,0.8346134115939374,1.309771929495176,36.38224080134069,23.121341424821235,32.942097933568725,32.05552442100256
3587,331853155636632.94,-2.8533585505959764,0.9039310779568389,6.681290905816865,1.65572150708187,1.282011352634916,0.05992120087155716,18.26012939594646,-15.285306109808905,-29.08447387456781,1021.1887208350179,2817.6441724986153,1.0,7.321092444444786,2.9931165049084516,7.265074203778672,6.742161342021366,2.09488839025189,2.0940312359891546,1.6568054379821877,1.2834109468906272,37.58961996333146,23.813292683441944,34.34150471538959,32.85646364767485
3588,331853188969966.25,-3.69337520912636,3.932317770679244,7.8140273525154305,2.5122925310510964,1.3225811721392537,0.21993731051371448,18.47954052636745,-18.959154190514592,-26.94188763970308,1021.1876675686718,2809.4517760992408,1.0,9.495428739706716,5.394825621369884,8.64291871425669,8.747693782675471,2.8476669642056764,2.839160918030601,2.521901303011506,1.3407435912407892,37.773115509258034,26.47532711196151,32.67045649598491,32.94411688314156
3589,331853222303299.56,-4.575736164841306,4.003728880281851,8.116382116233732,2.5679831404120455,1.3640936813258338,0.0914218753506935,19.406891091039,-20.225838010988305,-23.18703764312213,1021.1999791012811,2738.887120800288,1.0,10.1411471271133,6.080066315184365,9.317350487502088,9.050165943424558,2.909234768829462,2.9077979608070392,2.5696099643201005,1.3671538065359372,36.37788696075888,28.030553777372795,30.236834101522792,30.76886799851925
3590,331853255636632.9,-4.614370760899403,6.158160606235414,8.371841253382692,1.921606133970603,1.4087389516619515,0.15137406168766288,18.414299953048108,-21.514902924795415,-21.768916582625845,1021.2082287165981,2608.182217673203,1.0,11.371151460739291,7.695151692542069,9.559296181774243,10.392818098284508,2.3874734919145975,2.3826698403352196,1.9275591406401174,1.41684845360449,35.719227592509895,28.319207097378236,28.512666868291188,30.606809324800466
3591,331853288969966.2,-6.272377548164925,3.609488000027629,6.225043290582927,0.7117186771343589,1.386346478346979,0.09428296461432739,22.01593456123205,-23.822645357030478,-19.507256923266343,1021.2103860473069,2433.968617385599,1.0,9.545799479283986,7.236789600994828,8.8370744070849,7.195802081212001,1.5612140502901641,1.558364538035614,0.7179364545684724,1.3895487884351299,37.85172227365118,32.43793776446489,29.41486779291681,30.790445019147878
3592,331853322303299.5,-7.128873308382635,3.7122225595547294,5.885120155117072,2.4445348800049618,1.4174676750936834,0.07265663334026272,22.58182834769624,-24.61955131739215,-17.10516514183811,1021.2001835483072,2239.223149228808,1.0,9.96173028237578,8.037501538328776,9.24421299447041,6.958105745950708,2.826702031673078,2.8257681061078532,2.445614394365803,1.419328572355194,37.53195908987535,33.40750332776341,28.328883600565185,29.97847530477925
3593,331853355636632.8,-8.499380016754138,5.430639693975754,6.821794715281244,2.8061650080843408,1.2652107973329976,-0.1986773367537109,22.52640097672663,-25.197165319559286,-12.915603956993339,1021.1887154351192,2046.9503172847353,1.0,12.176542665815438,10.08619393800182,10.89845602856839,8.719445545630993,3.0846058254539646,3.0782008404723995,2.8131894242543525,1.2807150525497648,36.18216006099379,33.79845974457226,25.966354509984118,28.31448332064534
3594,331853388969966.1,-8.884992100298245,4.10645367249794,7.265174018973227,0.842109950241477,1.0618221887681978,-1.0047183820368115,25.278064531664747,-24.83620925858033,-11.970657382585665,1021.1888002114092,1880.027009376505,1.0,12.189700566982669,9.788056313014042,11.477187728199178,8.345400846594213,1.6870312848488784,1.3552178898081995,1.310956976982224,1.4618226252740634,37.40473867004355,35.437520184163546,27.969218520335172,27.57052644595754
3595,331853422303299.44,-10.852133423933246,5.061072389375151,6.798349693538124,-0.8822778897438635,0.936100140007543,-1.2671958934538265,24.43297778145193,-24.352621617974517,-12.18866363287416,1021.1987054298727,1751.8680389977603,1.0,13.76956107277841,11.974274657838137,12.805715849044871,8.475376822662541,1.8056808076842563,1.2863505536412019,1.5440853950209898,1.5754583157000326,36.5866656596705,34.49667495480055,27.304467114819744,27.23258527616482
3596,331853455636632.75,-11.807820312379812,-0.3639438395623677,6.884386327134673,-2.7651618411699372,1.0893520254852314,-1.965254475204165,27.333801702364184,-20.288556402970617,-12.104998263818704,1021.189065057909,1660.0775236163927,1.0,13.673033706864164,11.813427768764013,13.668189186234148,6.893999580765453,3.5630089805669996,2.9720040113181363,3.392395195164077,2.2469786353543224,36.12884193255772,34.04059688696259,29.894275346146475,23.62533605863785
3597,331853488969966.06,-13.559412681065455,-2.8055126289382186,8.8504430484642,-3.4328562706902135,1.1348402255906354,-2.6698978224805763,30.043848479893825,-17.815065081009852,-13.140654047614737,1021.1987714288898,1600.7563627758998,1.0,16.43346936957254,13.84660873161983,16.192220799184618,9.284462465067113,4.4945209861922155,3.6155725013938973,4.348891417097424,2.901071650288067,37.318710643891876,34.92863260025269,32.791913946610556,22.137148249937482
3598,331853522303299.4,-16.91800610881312,-2.8801407051842167,9.701480087521828,-3.8306728621198802,0.7104746143120088,-3.4043834446130687,32.24116372265816,-13.865342418932022,-14.553903609383653,1021.1987172495693,1570.0054560197766,1.0,19.713773283369157,17.161414311748814,19.502247218882765,10.119976599293182,5.173843386895187,3.8960016368276222,5.124829871765233,3.477729261391309,37.99416361570175,35.096158744020464,35.37384271552186,20.101339026678453
3599,331853555636632.7,-15.555432939397027,-1.8030435330698746,7.389241193014541,-3.740294666407398,0.6657489082235277,-2.93562495653456,34.84456944104654,-8.104033343702815,-13.622842731161873,1021.1884944347647,1562.8820288104857,1.0,17.315407743474196,15.659580451411307,17.221276936993405,7.6060404541842965,4.801137332527053,3.799082231323303,4.754755311999153,3.0101686820225466,38.280559296406985,35.7745632533475,37.41291038678873,15.851094615635127
3600,331853588969966.0,-13.350473676599318,-1.849471345167803,4.342773399870155,-2.2422033086835635,1.303573178087821,-2.5818564110726476,35.41831294768095,-5.456367873108586,-13.987465642614255,1021.1887250113764,1566.8424093176868,1.0,14.160345068139684,13.47797060562784,14.0390465556672,4.7201933285848146,3.6596121700937703,2.5936034215163852,3.419569885945958,2.8922803387685145,38.46918295895911,35.836138776750985,38.08025849653831,15.014031619455372
3601,331853622303299.3,-12.974832757375074,-3.890539369312595,3.1897017320747154,-0.6661951201592308,1.9728887733220808,-1.873346235386716,34.60398823254267,-4.694036571332161,-12.654390648505975,1021.1790332756192,1565.9797125173454,1.0,13.916061900035691,13.545574246447602,13.361155721772489,5.030953560088951,2.8009877128723466,2.0823318779734117,1.988276151786153,2.7206095327220123,37.143015273614374,34.92091036801526,36.84521141590786,13.496947136963946
3602,331853655636632.6,-10.945815307940665,-0.19028236733945159,3.3063308519742383,2.4090737997625484,2.731009236810641,-0.36907199521591233,38.05557655690544,-3.078691870437992,-8.954037312317295,1021.1885100688969,1544.3721000429332,1.0,11.43586043276085,10.94746912006919,11.434277259987397,3.311801787854611,3.66036366525241,3.6417094920170943,2.4371808940567004,2.755834826182022,39.215813582048284,38.17990637379291,39.09477831205673,9.468533562462104
3603,331853688969965.94,-9.319815824326879,6.073882743193978,6.46588783728777,2.528343760820577,3.921720349565979,0.9937742530119789,37.00076771745645,-3.9858465144202166,-1.7133388732678971,1021.2194606816448,1486.2718531173384,1.0,12.866962504873838,11.124343512200767,11.343133276293619,8.87128835640323,4.7707441703606115,4.66609179861265,2.71663568386154,4.045673956975453,37.25425229705105,37.21483285086315,37.04041497845047,4.338490812617528
3604,331853722303299.25,-15.592603960246695,6.103206367346359,12.20413800366847,1.4245269987382854,4.486460127982388,1.4554655316993683,38.43619881954478,-6.454430991895905,3.2222946351279345,1021.219861563002,1388.4381291895068,1.0,20.7200243879225,16.74450435884915,19.80076469921518,13.64514977473689,4.927066222822155,4.7071861711759455,2.036579751470399,4.716641219548151,39.107342556613276,38.974364127266035,38.57103268530867,7.214073893766312
3605,331853755636632.56,-14.639866197709882,1.7221652067613271,11.634283023315135,-0.7137236755970722,4.397689663721872,1.7174608582016588,38.92159689392344,-8.814271640409833,8.355466200844134,1021.2221639900239,1268.3031379253384,1.0,18.778926400431587,14.740811893726468,18.69979207781325,11.761054139233355,4.774803416159535,4.455230169532657,1.8598584044390511,4.721159410342016,40.77248955800287,39.90716839521446,39.80834736844171,12.145171879573454
3606,331853788969965.9,-16.219652906812204,-3.4330183734840496,8.04287410587214,-2.281418565781688,4.570335140744891,1.885285826656331,37.34977948092362,-10.200217961512363,14.280801487544112,1021.2084022649469,1145.2368882020585,1.0,18.426898259149564,16.57898536009187,18.10428027567984,8.744909321175815,5.444918421722427,5.108114522112929,2.9595900595326747,4.943912008411848,41.267320786096896,38.71757319016757,39.98683931495793,17.549522431935337
3607,331853822303299.2,-15.64197675644403,-1.9426824646487266,7.0819837961092125,-2.06494286727708,4.086795187276393,2.1040995924612815,32.72403395360687,-13.786190441402802,17.95317721499352,1021.1930618660151,1038.6093888968924,1.0,17.280044748088542,15.762152518218727,17.170495954907324,7.343603314913402,5.039158564964959,4.578851815451552,2.9480882178310437,4.596643340280081,39.78992356359087,35.5094557137031,37.32531272889455,22.635715561907656
3608,331853855636632.5,-14.221190302027875,-1.317986010267905,5.536643451014034,-2.6110420942904558,4.103143358732366,2.2083273154831886,31.594119123811726,-16.363714786338967,20.117529287336556,1021.1988286605715,964.8972592721342,1.0,15.317759674097587,14.28213361965759,15.260952601661153,5.691353778049516,5.341351493093803,4.863468540092165,3.4196857093109996,4.65966682871412,40.87388542144114,35.58032496785624,37.45535139117573,25.93233784747323
3609,331853888969965.8,-13.376955992257454,-2.2294107658228817,3.4064083310560243,-3.0184160846475208,3.481751102002471,2.292950080424194,28.071211094734647,-20.06482299436969,20.2618922049273,1021.1887558863929,920.0162007967325,1.0,13.982733699082145,13.561460982562297,13.803860667823349,4.071104282704492,5.1469453530877525,4.6079742182822905,3.7905745911901256,4.168958000221727,40.014176111031375,34.50492738900547,34.619895552257915,28.51563426472363
3610,331853922303299.1,-12.067965723602832,-0.7959058369819759,2.536578288602545,-3.0802812435045306,3.1917948337686486,2.465811178486788,24.728120917410497,-24.38372923716549,18.69022186805211,1021.1973348965662,890.9789366087358,1.0,12.357325447749792,12.094183015292716,12.331667613111483,2.658513779454941,5.075028233212939,4.4357284407364315,3.9456757731770384,4.033333488421536,39.43818719330906,34.72817610554107,30.99684431652822,30.722803338699617
3611,331853955636632.44,-9.63486356115722,0.9335560745524316,2.6153705095235833,-2.4495407430546488,2.7746523803083942,2.261935035048754,20.904315586842756,-26.426041629014357,17.679070290609122,1021.1897502870642,864.7624727409334,1.0,10.027077624539194,9.67998568110764,9.983524364882415,2.7769929503726494,4.337660174128071,3.7012086787204743,3.334156558211646,3.579810879687926,38.050960732588806,33.69460025482891,27.377727014758094,31.794420933847782
3612,331853988969965.75,-9.677764433521956,3.6112462285571896,-1.537389329333895,-3.5995391186599464,2.811657851168142,2.2405278742774324,17.921421689386612,-29.24830791516714,16.545245721654233,1021.1574825600587,828.4900766248002,1.0,10.443361034837434,10.329580037640014,9.79911681636117,3.9248777399070978,5.087442077725586,4.567504979613999,4.239887619050459,3.5951891504411284,38.08393397824289,34.30219921913529,24.391033421295102,33.603700270808666
3613,331854022303299.06,-9.129269940627625,1.01451922064966,-1.376668472293296,-3.1621571419304826,2.7803296039923078,2.1151384228382466,15.283728829238969,-29.25965800514834,11.324430947559614,1021.1485949399787,778.7842241982185,1.0,9.28805873046252,9.185467810509964,9.232485349647378,1.7101068187905546,4.712035764387262,4.2106377779497945,3.8043459803267923,3.4934285815803774,34.899322196713186,33.010906584096595,19.021963705457868,31.374676458320444
3614,331854055636632.4,-7.550293542444095,4.61126270608565,-1.0986460452288582,-0.23318072170391899,2.6992664139037217,2.3139001869556965,7.939750677739232,-33.40858165349313,13.719769029217929,1021.1387215436027,727.4229846013936,1.0,8.915026609848473,8.847071624080442,7.629807055867796,4.740334047009068,3.5629407092171244,2.709319549666118,2.325619772053886,3.5553021318057154,36.978440085242454,34.33908806189789,15.851552070373048,36.11599909061364
3615,331854088969965.7,-2.6802659745524,9.369927530600615,-0.4174126342281626,1.5662008284989115,2.6577789446505093,2.157727856026311,6.9309599194843425,-32.85439231991109,14.669370101742723,1021.1387939936665,687.5399435298636,1.0,9.75467072382579,9.745735868730009,2.712574238902342,9.379220395956192,3.7646465245079987,3.084926896024969,2.666228522813185,3.4233869806522716,36.6420485139414,33.57751182139813,16.22432200701779,35.98057133916215
3616,331854122303299.0,-1.5553674633622003,14.82120571671585,1.2575220743362487,1.278210897937184,3.59767102980768,2.2870522408052603,1.0213739722937945,-31.6310236794026,16.396536218374173,1021.1387938751841,672.2686866791657,1.0,14.955556446041696,14.902593963578836,2.000132423998148,14.874457995659995,4.450580623974269,3.8179916105621334,2.620005925905082,4.263079261624139,35.642829065026014,31.6475095986747,16.428317161283903,35.628191912688806
3617,331854155636632.3,-6.402956388824829,15.246281701259925,5.077154255312624,0.9053287737587064,4.791727864131984,2.577904427952249,-1.1131819400452332,-31.172769477052007,17.186726172763148,1021.1386969485748,691.9483071387957,1.0,17.298105432780925,16.536231621242063,8.171618312759827,16.06943063852644,5.515964770749548,4.876502446681874,2.7322539099159973,5.441162298953659,35.6141023674416,31.192639049959656,17.22273876505083,35.59670087812868
3618,331854188969965.6,-10.288580770041149,15.195406312363612,4.724998309457937,3.2281636905291364,2.726491337343515,4.134882061778885,-8.583767728993923,-28.908087288031204,21.264519179282274,1021.1282361972275,738.6261991304547,1.0,18.949429444810754,18.350892819137723,11.32168288224153,15.913075819030093,5.912025498108133,4.22549355998325,5.24578787959173,4.952878423445303,36.89902918782298,30.15557293565733,22.931655944379184,35.88672855776206
3619,331854222303298.94,-12.47515230172812,17.874953565960727,5.829429113640738,2.4363977439387967,0.8494846657800558,3.9017133768350307,-12.506039815756328,-24.432476893864965,23.289609975635518,1021.1204557648693,796.9920498033961,1.0,22.563812482103433,21.797784060233383,13.769955291949012,18.80149485483041,4.677715835644458,2.5802438187244072,4.599934917109532,3.9931180138294025,35.99656777888344,27.447166685152187,26.434957247752532,33.754286542400315
3620,331854255636632.25,-15.003797621439976,16.570991888573268,6.4633102377347615,0.9795448769375523,-1.723710341000097,5.527312938143936,-15.415289917392576,-20.304724011860788,25.904867816559968,1021.0888057602075,851.7154794469459,1.0,23.269853769748874,22.354232602267718,16.336716998660865,17.786853330490136,5.8721268567511915,1.982595648538873,5.613438917642906,5.789850227410379,36.34522192845362,25.493390916767062,30.14454079648104,32.91419137380228
3621,331854288969965.56,-16.96587571960177,10.792105188871039,5.019079039782937,-1.9792602235020056,-3.7123851425722916,6.0399348756260585,-17.21071094051356,-18.28353566704872,29.896567825862224,1021.0946056916741,887.6895078101714,1.0,20.72442104735904,20.1074730719857,17.692713001135843,11.90212959160022,7.360712450634971,4.207050567693322,6.355964469232123,7.089613300356759,39.042297772192356,25.10968433824201,34.49656995766816,35.04414992911974
3622,331854322303298.9,-15.281458814019324,5.79920809072854,3.1790001604289064,-3.179178780601092,-5.738795022853372,5.933653741349689,-17.45187938735714,-14.6377603344428,30.38126254746383,1021.0886993257378,901.5569238760135,1.0,16.651121283089232,16.344840102128263,15.60862023064742,6.613384647786516,8.845857378207272,6.5605598871857636,6.7316732274567075,8.254817686451942,37.97174259547982,22.77788668334813,35.03696916299681,33.72365848460863
3623,331854355636632.2,-14.224399032913531,-0.6553980661442594,0.8363620155773762,-4.765122990640805,-6.9091363870238345,5.408971938414797,-13.067951300727222,-14.569094999869964,32.83299288329039,1021.0991072502078,907.2802808862264,1.0,14.264030843129781,14.239489965327307,14.248965901729573,1.0625667255312894,9.984965706550476,8.393006775311832,7.208562585321174,8.774573667424274,38.22349149394403,19.571149182237978,35.33803578118591,35.92024430303103
3624,331854388969965.5,-9.163381251935396,-1.2317642189047655,-0.770877275152553,-4.242004441234295,-7.950735684468144,3.0625965235808206,-8.789372243223797,-17.100973657513485,33.865646573233235,1021.0986660883925,920.2123757739512,1.0,9.277879651765364,9.24579899518128,9.195749438825947,1.4530983670490762,9.517788454781707,9.011592512077241,5.232026294438973,8.520193389267902,38.94327133521357,19.227489811853317,34.98764185041765,37.93844116273248
3625,331854422303298.8,-9.461153874974855,-0.23274826013921646,-0.9355857206342122,-2.861883018588087,-8.213188003785888,2.014100647578995,-4.811499582743861,-20.52051735746737,35.975785249275276,1021.0874135130392,955.7060054723279,1.0,9.51014852876674,9.464016293231408,9.507299999821523,0.9641018583388741,8.927677918484369,8.697518703493271,3.499567949141863,8.456539398838661,41.6953149065316,21.077052945154925,36.29611070812845,41.41676903043128
3626,331854455636632.1,-8.168065629010481,-0.26322081781037293,-0.8044835362050172,-2.3978955963765896,-7.960382089540016,0.9791489591358056,3.504134447374411,-22.419910944521973,32.321202542340664,1021.109880070736,1025.7098676533774,1.0,8.211807053187265,8.172305752891969,8.207587336108421,0.8464508012599968,8.371159954675843,8.31369871372494,2.5901034680682105,8.020375034600702,39.49166366169676,22.6920991753864,32.51059968699877,39.33589379362448
3627,331854488969965.44,-7.4098011734504485,-0.23077034807782326,-0.6730272118692879,-2.203682944243093,-7.27143557192036,0.08725210923222786,10.188792043242898,-25.3260581262728,30.997185778280038,1021.0983161607244,1121.7405900603894,1.0,7.443881649484773,7.413393850566662,7.440303693935093,0.7114918000008905,7.598526615463168,7.598025651137056,2.2054095876533637,7.271959035029986,41.304312482947886,27.298730804119785,32.628775788767435,40.02792458257803
3628,331854522303298.75,-7.737789661467976,0.13524188670868748,0.47216088346984053,-1.9369976199584742,-6.581722295917137,-0.11952489702473457,14.638539026732923,-26.614600416575392,25.038992931056832,1021.1091396436457,1227.726661393844,1.0,7.75336153632218,7.738971457050428,7.752181934462047,0.4911479082715774,6.8618739686259405,6.8608329057263555,1.9406818339783487,6.582807499963942,39.36464082362078,30.37472271760119,29.00410301730941,36.54159441424921
3629,331854555636632.06,-11.084175967209228,0.21886016594359603,2.2300279487742345,-2.0562225336196867,-5.798259050614609,0.2796775498656029,20.441748006918118,-28.939001435383577,18.82397311277491,1021.1192516460318,1327.5839936656564,1.0,11.30839870612147,11.086336484352957,11.306280622926925,2.2407419361789698,6.15841527161805,6.152061372076809,2.075155569990884,5.805000219632472,40.12072817641707,35.43064867675264,27.78861323148051,34.52256896332609
3630,331854588969965.4,-12.899692678611927,-0.645084011374426,3.7254651325750134,-2.591739227374052,-5.0268874555373415,0.39160009657988754,21.316844660437273,-30.600088011155126,12.194385561712263,1021.1081182216958,1405.3030561294029,1.0,13.442369398227282,12.915812192207081,13.426882052683204,3.780902516035435,5.669220435738014,5.655679421019913,2.6211567786667826,5.042117424880153,39.23616051291651,37.29307244740841,24.55831642244455,32.94037682720305
3631,331854622303298.7,-30.910825520510066,21.97096589295327,3.3072159839726636,-3.567090600398068,-3.6211517369205337,0.7256318501596613,20.41767053460827,-32.39632720225932,7.229689732049765,1021.0927801336857,1450.499951824844,1.0,38.06757352647232,37.923640076194324,31.087245164601843,22.218483742910095,5.134531802921955,5.0829986477718885,3.6401479274082233,3.693139786654268,38.97013856630951,38.29364550752067,21.659863427120598,33.193228674197286
3632,331854655636632.0,-30.517601133848828,22.427874442300958,0.015644326169601614,-2.0554004567493,-1.3087185861429314,1.7586817476953123,19.190023355839035,-33.19687596435722,0.7012463521484846,1021.0686529752808,1462.2467766482237,1.0,37.87259927321135,37.872596042050084,30.51760514374666,22.42787989856727,3.0050585460183337,2.4366812215226643,2.7051122947637256,2.1921920142616593,38.35076683245026,38.34435512810934,19.20283163609079,33.20428165522211
3633,331854688969965.3,-5.197755315387833,20.810138814675266,-4.759815972127195,-1.3031167067494382,-2.3142174837046237,-0.33685708912653467,18.122179807586672,-33.19686781917589,-4.0538488306415275,1021.0822326269447,1440.5216317562051,1.0,21.971217214647297,21.44944143339627,7.047872615701821,21.347546125364648,2.6771605128920575,2.6558832265921746,1.3459516521421946,2.338605409293958,38.03786435019757,37.82122993746155,18.57005900152705,33.443470563706896
3634,331854722303298.6,0.8044370359424333,12.209252378893192,-1.1844738032445827,-2.399939312428133,-1.3514170342145588,1.578793790457799,18.02742785298083,-36.169554621115495,-6.26144526903156,1021.098414387418,1385.3026183054496,1.0,12.2929223859454,12.235724849648463,1.4318160270679101,12.266573353715444,3.1746852657375975,2.754276076159268,2.872681419184196,2.0782006238939923,40.89536078018342,40.413176520589005,19.08386365104055,36.7075248191285
3635,331854755636631.94,-4.643627248419431,14.488389726147544,2.3938400198433167,-3.1595808753641688,-0.1256699140562795,3.2152002064059526,12.927131580088568,-34.152218606874776,-12.623565269477,1021.1072551087836,1299.2459919160538,1.0,15.401531771859725,15.214358707451362,5.224341495620942,14.68481892627012,4.5095738825901055,3.1620791000963147,4.507822498195763,3.217655247936266,38.63727690680896,36.51691069437127,18.06834610587447,36.41055390796066
3636,331854788969965.25,-1.8468101832789812,8.790291993573362,2.015278571733198,-4.20350622527068,0.19379221531148896,1.8328436759510311,10.932305300385295,-33.044667008168894,-18.872637884684618,1021.1285638098791,1204.195585870484,1.0,9.205503185976848,8.98220135519923,2.7335060956123627,9.018346913596025,4.589807833567587,4.207971008527114,4.585714832647474,1.8430603254340383,39.593456247062235,34.80611033800815,21.810359004547944,38.05425703396663
3637,331854822303298.56,-1.4976077340817817,7.376968007955207,4.8804075428700715,-2.949033046225502,0.11168221840433905,1.2004969812026447,9.965568961125658,-33.77211067803971,-22.229761457011186,1021.1377190177299,1130.363754884353,1.0,8.971112734777067,7.527448831813882,5.105017797195682,8.845226666111937,3.1859789433570405,2.9511470355842624,3.1840208714150617,1.2056806873232968,41.64168967278267,35.21175974541339,24.361339436791468,40.43164298028692
3638,331854855636631.9,-0.8026623822570784,6.495841001198217,7.16184537777751,-2.786225912393135,0.32299043323551463,1.3811537107912277,9.60221723110939,-31.678337555501166,-24.270862928479364,1021.1505837035694,1107.9976148604303,1.0,9.702177406537748,6.545243861976303,7.206684127605684,9.668918219120531,3.126493759418848,2.804884606334568,3.109765330008574,1.4184175664429863,41.046247493854096,33.10165624305965,26.101290447915556,39.907290782178
3639,331854888969965.2,-0.10626680664788246,4.980150301917633,7.109634411114584,-3.238218231677197,0.4186849620289875,1.3189038370617008,7.923326904570562,-28.766991182573214,-28.368131114688566,1021.1691304688098,1166.9353871308895,1.0,8.68101901412444,4.9812839372882,7.110428545024536,8.680368568752995,3.5214857297470177,3.265172953060191,3.4965074928251862,1.3837645857750849,41.171224828453894,29.838211925900264,29.453861753204,40.40161685673491
3640,331854922303298.5,0.6540267688085395,2.3207620637147293,6.91179211322752,-2.9688511545020697,0.4596459352213687,1.309758214151433,7.2325746343394135,-27.10691052786713,-29.732721070210133,1021.1787905525089,1311.5505153522731,1.0,7.320283996346708,2.411158968358492,6.942666723298209,7.291008625207598,3.2773187429499364,3.004222289271185,3.2449258477082994,1.3880709511054101,40.879450050679516,28.05520868229434,30.59975225520964,40.23455356537104
3641,331854955636631.8,2.105989619221607,0.8653286467001662,7.14343537537871,-1.8774094135651738,0.5668157512559204,0.8147855910984524,6.567215193339878,-26.00352663576869,-31.327058608164684,1021.1784178753587,1506.2011351954095,1.0,7.49750991365007,2.276836828380354,7.447406343048641,7.19565581646398,2.1236340931235302,1.9611084115915018,2.0465926965580583,0.9925500769903088,41.23949943842858,26.819987190391533,32.008013315965414,40.71324107138262
3642,331854988969965.1,0.05654084844236826,1.634308464157418,8.040352342534398,-0.4754105000465311,0.8429538541493448,0.418839097552609,6.015308887964548,-24.95401121259472,-32.52069192951045,1021.1677490143278,1711.7387214139492,1.0,8.204963547491088,1.6352862206840613,8.040551141535072,8.204768732152964,1.0545200488461144,0.9677739114998541,0.633593981342292,0.9412743435704166,41.4304479844239,25.6687868162079,33.072335033858,40.991439096138464
3643,331855022303298.44,-0.0687388862936585,3.326793776705304,8.983366821721642,0.15942780072810292,0.778820543215743,0.08658148934643037,7.634804962688646,-24.384431182625843,-31.492186796847253,1021.1688186988931,1889.0147487615448,1.0,9.579830965148771,3.3275038493161855,8.983629805824485,9.579584348307307,0.7996718179836717,0.794970856182706,0.18142099642115775,0.7836183974565113,40.554266855240165,25.551726574118444,32.40444531334884,39.82911389106888
3644,331855055636631.75,-0.3244301337166991,2.9308677285747478,8.601992936560286,0.6080704744597505,0.6819229985007039,0.009105213886798766,6.543094389148934,-25.39489044914999,-30.797145602743598,1021.160601792106,2004.060115023365,1.0,9.093377977115951,2.948769328730943,8.60810881624393,9.087588685841475,0.9137021301900425,0.9136567614776882,0.6081386411252211,0.6819837833879303,40.44968136322252,26.224273967254874,31.484540038912776,39.91697180650004
3645,331855088969965.06,-0.6008332157954304,3.144250555517457,7.49298732480397,1.1814187691082623,0.7584442689817337,-0.15332364118789094,9.099595488297233,-26.552313902398147,-29.601181872582117,1021.1687783123855,2058.081835932622,1.0,8.148139122446786,3.201142313155558,7.517037954066484,8.125956596336508,1.4122663191125218,1.403918807179574,1.19132633940008,0.7737866941853869,40.792866776874234,28.0682741119244,30.968251586170044,39.76500146894465
3646,331855122303298.4,-0.9784966388864337,4.3024560450470215,7.845580620896648,1.9087683735908878,0.9449939110000187,-0.1699109706686606,8.477166268119133,-27.354992266329987,-28.145391882548118,1021.1789182206957,2066.9156386727477,1.0,9.001206528619523,4.4123218028463995,7.906363952620767,8.94786361644782,2.13665157051904,2.1298850193960974,1.916315851308017,0.9601475041787474,40.153717562020525,28.63839991738907,29.394309520033676,39.24867750782412
3647,331855155636631.7,-1.8955546488604478,5.342951793479085,8.502304121819678,2.5771347397994275,0.912432068102004,-0.3024889643498534,11.50054189623596,-30.20656241060223,-25.214512834292012,1021.172319880164,2046.4451073236662,1.0,10.219072202219227,5.669238158188262,8.71104487456748,10.041728399401832,2.7505736346324943,2.733890222006356,2.5948262062486016,0.961265755373792,40.993542589575775,32.32180187694811,27.713428538846564,39.347275256824126
3648,331855188969965.0,-2.6601464214926516,6.353255434230561,8.316508475148465,2.20993798506735,0.81723109831224,-0.27051708209155234,10.08538297978673,-30.11569827368734,-22.538956505288088,1021.168673355706,2012.4336498052946,1.0,10.798358524033944,6.887687100642734,8.731591619000307,10.465570592652671,2.3716812723457377,2.3562029975985026,2.2264333337306255,0.8608403799497081,38.94450914709306,31.75956914633362,24.692499067454474,37.615951973319014
3649,331855222303298.3,-2.1906435893123795,4.465735361143061,6.962364283219425,1.9911415862590158,0.6714344255585396,-0.6053104024691216,12.141261750794433,-32.202490470190504,-20.667565478139235,1021.1687717015598,1972.8715334805672,1.0,8.556648179246855,4.97410410538008,7.2988653739910125,8.271475607653878,2.1867486567258996,2.1013017404350087,2.0811164070919723,0.904004906603087,40.14422613748068,34.41526738794883,23.969949930996446,38.26419547404444
3650,331855255636631.6,-2.6838419888299687,4.950468193005177,6.044285068522673,2.889210639745172,0.5912960106877999,-0.8018862755704893,13.285840667033854,-32.90151108836413,-16.285808096501885,1021.1587479638894,1923.3655391433676,1.0,8.260963935312203,5.6311760007091545,6.613349364019183,7.812843100915446,3.0561725559955417,2.94909631803914,2.99842620715685,0.9963195126080877,39.041651341658756,35.482714018625444,21.017638011582008,36.71153738613835
3651,331855288969964.94,-3.7603963493852874,6.004547797159865,5.07160566913787,2.6343996747097207,0.6306591105040986,-0.9638183489286617,15.380010426256918,-33.66119303716191,-11.301295051601357,1021.1795738715954,1858.4170474914508,1.0,8.712999427067523,7.084855323353299,6.313617407453637,7.859756886291635,2.875193622958996,2.7088360156666007,2.8051751203520707,1.1518145351545934,38.69547657336964,37.00838604150212,19.085701206796696,35.5076778532253
3652,331855322303298.25,-4.883934693759003,5.229778192739152,4.497189439185762,2.1390867644249956,0.7655082599337992,-1.1948176720794839,14.322428686734552,-33.30980639387099,-9.804096866964164,1021.1793269679905,1772.5274392225729,1.0,8.451515301416475,7.155654969194144,6.639091123401365,6.897484526780321,2.5669601382332576,2.2719364167522533,2.4501594754733076,1.4190109814727687,37.560557515305625,36.25844957363408,17.35662060608036,34.72266575846367
3653,331855355636631.56,-6.119542081951796,5.264449700374103,3.730175794558653,1.3766479449858442,0.9182727652912528,-1.5377050646719688,18.539119267573607,-32.84767766300588,-6.58642575438689,1021.1786879053485,1662.9869632716532,1.0,8.89254954435786,8.072374244331584,7.166798919398409,6.452026201595919,2.2589646526289906,1.6548064647895815,2.063903202757235,1.791022539610674,38.28903074364909,37.71828298146742,19.674347446239988,33.50150641494777
3654,331855388969964.9,-8.342382473790632,3.73156247763548,4.952266633909066,0.16164827852264776,1.089920213621917,-1.9786094640173058,20.35740179475566,-32.46881249715628,-4.509348112173135,1021.1782194621906,1546.6744857635751,1.0,10.394462404416844,9.138922467310145,9.701561222418697,6.200766350849391,2.264718889643885,1.1018422019558793,1.9852016464450621,2.2589425586235024,38.58732710625824,38.32293820688352,20.8508519785135,32.78045157364754
3655,331855422303298.2,-10.976028332922667,1.10048788876597,7.122890203237872,-2.205297092613381,0.8665784086807089,-2.0659136304007197,22.668638446560394,-30.46901579585469,-5.778308907119369,1021.1784107801755,1448.8636851161557,1.0,13.130873406054288,11.03105940326865,13.0846766414957,7.207401642804613,3.1436113839589175,2.369450021646504,3.0218097880185164,2.2403029408245376,38.41375985782977,37.97667827218329,23.393503859981536,31.012090825904302
3656,331855455636631.5,-11.82745392699371,-3.1860391090753883,11.006492741872206,-3.8666541027948726,0.39868387213653933,-2.7717215666330386,25.564830502494107,-27.421938923231256,-9.472886116063766,1021.1987959985411,1394.8602559206247,1.0,16.467616526887014,12.24906166200974,16.15647080497608,11.458347510939063,4.774139003370232,3.887153557625709,4.7574630207284985,2.8002480734464386,38.66857722102783,37.490309320285405,27.263457777566785,29.012037254859216
3657,331855488969964.8,-15.446435483665072,0.807769812897189,15.06796989689054,-4.047292398608509,-0.16863054132171781,-2.7112600579327237,28.083019794926493,-24.25656839019583,-12.925999037009849,1021.1888701145463,1409.5840531929832,1.0,21.593716170109648,15.4675421842533,21.578602502586374,15.089605988369197,4.8744172083483,4.050803873220805,4.871499446943988,2.7164991001669434,39.29527404122867,37.10845066653256,30.915003669852812,27.48567920159564
3658,331855522303298.1,-16.883332174933642,-1.044357302358522,13.273225694829444,-4.746736994804013,-0.5501718388337778,-3.238532944639579,30.142992996835275,-19.157712845878326,-18.07591584969275,1021.1787256660626,1492.8958843966325,1.0,21.50153733689802,16.91560189600533,21.476159472192187,13.314248101972193,5.772546819524522,4.778514533836511,5.746269027060683,3.2849329804063956,40.02944818627363,35.715794661359446,35.14738625577205,26.339261479591734
3659,331855555636631.44,-16.215036124950554,2.4032318530507877,12.198776837175295,-3.8394626974239663,-0.571350237515736,-2.5465566005116385,29.95390252143212,-15.801187569406357,-18.338503235558612,1021.1785830701003,1604.6758829097075,1.0,20.433136719460716,16.3921603174496,20.291317178947647,12.43324895844696,4.642506372470457,3.881741219970673,4.607214377964142,2.609864290249338,38.51252401216536,33.86611588102509,35.121745076007414,24.206987204610073
3660,331855588969964.75,-12.442348445252199,2.242131698166494,7.066022265483638,-2.8060075759683163,-0.05142039173766821,-2.3418759211126927,32.323399982629695,-8.838689174063724,-19.278959566704284,1021.1687384656616,1701.2283094700854,1.0,14.483364941936086,12.642752444977825,14.308763241083428,7.413219624983027,3.65522987005817,2.8064786785361546,3.6548681708481645,2.342440369907819,38.66009434452269,33.510067334351575,37.63615905497908,21.20850556475703
3661,331855622303298.06,-5.5934053141511955,0.9937207118086565,-1.2628489438425212,-0.08653959337283128,1.3760742040229854,-0.8573805907675502,33.1853453154771,-9.77390278943607,-19.46660533089304,1021.1784315959233,1738.8574248156447,1.0,5.819660756128015,5.6809914505702555,5.734193096098091,1.606943778743262,1.6236288965227064,1.3787927024025866,0.8617369544391423,1.6213209714311372,39.69565521002969,34.59474410144992,38.4735736163956,21.782513602568905
3662,331855655636631.4,-2.957058226251943,8.995836544728688,-2.6012758462370362,2.7892371645342267,3.561916636415453,1.1514966401951108,34.756919142048915,-12.062812516688671,-14.774541034315723,1021.1787596397585,1681.4752498472224,1.0,9.820178436318592,9.469385856164088,3.938379029710129,9.36438525305812,4.66830146811158,4.524057259230049,3.0175799032336426,3.7434201790813977,39.64646184509264,36.790690045984555,37.76679084886092,19.073502787570508
3663,331855688969964.7,-16.584900548575018,13.724040843335487,8.743451583523875,2.649704785380237,6.041700098051105,2.0883885334208525,36.23633309062347,-16.30536441104205,-6.405130753381637,1021.1886254198487,1545.750806344945,1.0,23.234805117949467,21.526918573629263,18.748516522635867,16.272591762315148,6.919858538364882,6.597202098197209,3.3737667548588224,6.392457019121398,40.24875705409305,39.73583702945604,36.79806429450506,17.518293539748438
3664,331855722303298.0,-12.11058962778088,8.416859856085326,17.64248165338963,-0.14574788895291574,5.730688651646843,1.4849912603156874,37.348329709993095,-16.037991468212258,1.061839517536145,1021.1987702793881,1370.7065799622214,1.0,22.994935743760717,14.748217213259865,21.39914811441576,19.54739595770164,5.9217593595537235,5.732541745966456,1.4921264994457424,5.919965495281867,40.66008368931136,40.646216336343066,37.36342108650323,16.07310404045997
3665,331855755636631.3,-15.711939809056389,-0.8158905802380679,13.517454423219094,-2.7615741976054795,6.032377704080152,2.303016170486591,34.747805700071396,-19.533331026840894,6.208430862508989,1021.1983706164613,1195.445585117076,1.0,20.742524052924168,15.733109355824492,20.72647164008424,13.542054922452747,7.022802595480411,6.634445931165893,3.5958553266786293,6.4570476416243086,40.34235535697703,39.861773944144275,35.29808230972992,20.49623464880072
3666,331855788969964.6,-14.354706927845012,-1.6569927496120727,7.9654027139561965,-4.011471721268414,5.4064188176032175,1.7611539310809932,31.261759445577106,-20.230940067916638,8.33569354704306,1021.1988182037611,1058.7621805527392,1.0,16.500026556102547,14.450025465603462,16.416615101165718,8.13592437082399,6.958658848573651,6.732107381932521,4.381046511907653,5.686037952766075,38.1585157805565,37.23692441199682,32.35400115199579,21.88092143722129
3667,331855822303297.94,-12.752353071869974,-0.5288960991246978,6.635434067892552,-2.6753939325956013,4.832818773251498,1.581442874043491,30.0532874344971,-22.56039813360115,10.991281981498977,1021.1987139599497,978.9022304330206,1.0,14.385104282647728,12.763316181670847,14.375378052036776,6.6564792760902085,5.7458534225582545,5.523936095725716,3.1078439887536655,5.0849875967356155,39.15328759074926,37.578872382857575,32.00013070625377,25.095414791220694
3668,331855855636631.25,-10.776901783076235,2.756351845064648,6.693115179646678,-2.4248859520280295,4.680253516936177,1.6753022764814398,26.08374786857569,-25.029228918263595,11.164600022139721,1021.1878546061433,941.036404452742,1.0,12.982175408762577,11.123807241042208,12.68618945349976,7.23845745320148,5.530956750935613,5.271133166894604,2.947322445530312,4.971057302061338,37.83480536184416,36.150023556206285,28.372701607809383,27.40639695212059
3669,331855888969964.56,-10.741489930445988,4.388886230929604,4.125427750889689,-3.287207234826335,4.2453565877859285,1.718732314208378,23.735924230555817,-26.706694179884572,12.464748441495606,1021.1885256490947,927.3420375161395,1.0,12.31507541193828,11.603530853749476,11.50646601062565,6.023410701243459,5.637625806140034,5.369244263595388,3.7094166889955464,4.580075689916212,37.841928687717996,35.73012192949483,26.809775321484025,29.47231697250231
3670,331855922303297.9,-10.548324116039632,3.6541861804640963,2.005113148673743,-3.1122455366495223,3.684071748032531,1.8106375358959834,20.902627594843512,-28.197293520976753,9.766975210985951,1021.1734975578629,919.9964645274481,1.0,11.341988231236286,11.163342613147645,10.737207290352908,4.168159711488886,5.15139449192564,4.822702243042415,3.600622247166502,4.104971733282331,36.4335148873787,35.09996014637098,23.071923308227415,29.840931062554528
3671,331855955636631.2,-10.348030159011653,4.275864711115883,0.3085491232312564,-2.736443440775611,3.4067955923941944,1.7359383440914493,18.043670142523716,-32.44828968197249,10.012355622730468,1021.1587443472575,903.0431381259713,1.0,11.200890578923966,11.196639995980082,10.352629170083391,4.286982807198192,4.701899706225914,4.369711536580003,3.2406179409259015,3.8235766165781837,38.45403490680044,37.12769229964885,20.635437900084025,33.95789699615135
3672,331855988969964.5,-10.861479689914441,3.508490577232422,-0.5866209137068333,-2.1618469686611688,2.989857686271239,2.113038236311441,14.954000147273135,-32.26035476248144,7.199037259217037,1021.1483781129216,873.3765858677704,1.0,11.429145693416935,11.414081092446846,10.877309646728925,3.5571941508620153,4.251795137136649,3.6895570601448475,3.0229973377467023,3.6611718851030983,36.279177874717604,35.55773628629646,16.596633931741703,33.053844358270254
3673,331856022303297.8,-8.812727766470486,5.337052063383337,-1.1544692454011696,-1.3641730536649745,2.595918183880932,2.501437468468503,11.149250567911729,-32.00720861316535,6.233373008367607,1021.1587116707316,833.3026728248128,1.0,10.367308939727868,10.302829485786136,8.888023960616726,5.460487520894218,3.85447126677673,2.9325346268627923,2.8492380611320867,3.604993845495688,34.46189389012467,33.89346827093336,12.773438350245632,32.60853174045302
3674,331856055636631.1,-7.8936045094539695,7.241800500487657,-1.6514307874843368,-0.45121516942010553,2.8880938079954945,2.6001016182969536,8.284364363680504,-34.442305682868536,5.917459370850008,1021.1376681832483,785.1461504045601,1.0,10.838814062727826,10.71226711021226,8.06450344395259,7.427711500503666,3.912187290808962,2.9231286274977246,2.6389625905998084,3.886079550041707,35.91544847371446,35.424611693882795,10.180717966621021,34.94694187132572
3675,331856088969964.44,-4.875506510520926,8.652381163943323,0.32516819561157406,-0.4730883597469767,3.3742561495733554,2.4923005366913906,4.540990873813259,-33.965151024274874,6.32241768434854,1021.1594049269479,731.3325775749295,1.0,9.936800183949078,9.931478416645387,4.886337901697878,8.65848913850439,4.221490154466061,3.407259479268007,2.5368040053027903,4.194897677908938,34.84573212881628,34.26736176331431,7.7841867585135995,34.54858100526219
3676,331856122303297.75,-7.324502826285074,13.093378384876923,4.8445968547197875,2.4235483509332685,3.5294225480381574,2.843377048786799,-0.9317765411686753,-34.98469510098249,6.562393360007323,1021.148858775997,680.1035854026533,1.0,15.765627734618787,15.002829705819508,8.781711697443665,13.960898116321996,5.1395722753434505,4.281402822897131,3.7360914939116374,4.532286019677893,35.60705134440156,34.99710129184103,6.628213494912521,35.59485774546903
3677,331856155636631.06,-8.722253488137945,23.306086672624037,12.978901590632809,0.05363210866791414,4.581762131323346,2.1644846473210695,-2.9064924211198635,-33.66488461294465,9.231384982166507,1021.132972796017,648.5845770794268,1.0,28.06605188483997,24.88476204232619,15.637442003430914,26.676310886087578,5.067584673155194,4.5820760176047735,2.165148999854001,5.067300861061761,35.0284259264654,33.79011917997485,9.678128273741597,34.90763418926935
3678,331856188969964.4,-8.642684610603462,12.895229698633702,1.6754873432214423,-0.7995677975231628,1.4073979976422621,2.8354626085268437,-7.159247804857883,-31.376333803680016,7.945845574990435,1021.1188832164931,654.6500269169293,1.0,15.61378250444721,15.523625422525711,8.80359330703419,13.00362283434197,3.2649542096264295,1.6186654338075828,2.946040880094826,3.1655358674514025,33.14914197973925,32.18274618629236,10.69538643682207,32.36681610633873
3679,331856222303297.7,-10.75550531718891,17.74016237130664,8.71347232575217,0.3035714946815556,-0.9244342685096003,4.434733724612447,-11.57587559494692,-31.615207025189935,8.161928624636714,1021.1196033042727,716.1744092268401,1.0,22.501530071531842,20.74594552167731,13.842163653118966,19.764563261857646,4.540219992180232,0.9730027590804013,4.445111793937041,4.530059814727601,34.643026569700446,33.66782159622608,14.163967476076463,32.65177474685386
3680,331856255636631.0,-17.434829916979297,11.260037503005268,8.988745973731813,-1.8439715317037433,-4.03057030573753,4.911359019553202,-16.129907778140165,-27.866895492046815,8.108596411253112,1021.10877799697,845.8006613725561,1.0,22.61767656023406,20.75480037974544,19.615576678096318,14.407845041829294,6.615676489836361,4.432350166585102,5.246110790736356,6.353498595926477,33.203721554316054,32.198412838150354,18.05334486160095,29.02263254987814
3681,331856288969964.3,-17.60541067963251,7.74923007590271,9.276658301330967,-2.459888311206887,-6.812290903147763,4.390540982634028,-18.25195288863182,-26.534989915449213,12.457859830517693,1021.0889611510679,1023.4412883067524,1.0,21.35550142720714,19.235411406252624,19.899921468140803,12.087471034460759,8.469663982290621,7.242814221883786,5.032683242943196,8.104576328797128,34.53169190205793,32.206202416022705,22.098236486327632,29.313886834908427
3682,331856322303297.6,-16.87939947698155,1.3839915624394172,7.1774639938995595,-2.2666617219598235,-8.664565796240403,3.7107120858411173,-18.52835054779463,-22.01091280028918,17.40666871665587,1021.0781914355897,1216.3766803391986,1.0,18.394171596789924,16.936043202248527,18.34203140568813,7.309680022314801,9.694423138236967,8.956140675490586,4.348234072103893,9.425714011224105,33.626956034338015,28.771167100482657,25.422271531737042,28.061938602194616
3683,331856355636630.94,-11.330887519321811,-0.15060846414886098,4.189364598094729,-1.300946841600679,-9.362322340133037,2.831443659902099,-15.83415173988786,-22.765135894624727,23.079018581911985,1021.0887241745728,1391.8602854063552,1.0,12.081492897020858,11.33188840771899,12.080554114414296,4.192070925597835,9.867249641334952,9.452277095241387,3.1160128183097346,9.781112043103992,36.07787233647189,27.73034030845141,27.98859517778683,32.41747231054528
3684,331856388969964.25,-10.170577770545634,0.7431310215411825,1.5232309706442277,-1.6538519173771282,-9.484181680863452,2.0838225046207204,-11.520245525521073,-20.417264916497206,28.898513132812692,1021.1085993184874,1517.5575033577443,1.0,10.310825790974436,10.197690714171216,10.284011122934803,1.694838135370631,9.850240837208077,9.627301196090102,2.6603650868585267,9.710407735331698,37.21162217541804,23.443138945941435,31.110128869158288,35.38345330741158
3685,331856422303297.56,-9.38145664179679,0.2911262592024067,0.29536844232286863,-1.9358925355962493,-8.543470922145847,0.5954188952543579,-4.221308213411899,-22.656097702350998,29.732910396416646,1021.1091853176117,1580.7023194024096,1.0,9.39061902844698,9.385972683782448,9.386105222009464,0.4147252289376964,8.78026759089692,8.760055668026824,2.0253897329164072,8.564194011019223,37.6186677963539,23.046001955460582,30.031073968041166,37.381074405905125
3686,331856455636630.9,-9.30040190942537,-0.2571341369659387,-1.0987035730566603,-1.6314320263685578,-7.730821524117,-0.19113031478437947,1.7681274096172845,-24.644150351667278,29.030090842329564,1021.115346586536,1596.2205303521075,1.0,9.368604121355741,9.303955806066378,9.365074757752366,1.1283915569697827,7.903398173674492,7.90108675401123,1.6425898008603959,7.733183835586755,38.12094693742706,24.70749726484296,29.083886412419965,38.07992017940018
3687,331856488969964.2,-8.705479255618577,-2.848760574072351,-0.6347215915466359,-1.149217270270945,-6.960143789689353,-0.5094681373722706,7.291971379175673,-24.20521574284859,28.90501910994909,1021.1261159411514,1581.1361779583358,1.0,9.181703402809847,9.159738308401305,8.72858754717972,2.9186141072715532,7.072754745531464,7.0543817523182195,1.2570831783484229,6.978764887582103,38.40007090487053,25.279741212135903,29.810618516582966,37.70136070361874
3688,331856522303297.5,-12.187406362339775,-4.252323863241975,2.369139482350296,-1.3629788417985313,-6.303534044520897,-0.22948678824799726,13.529590876569394,-25.839454700021292,26.144717061919657,1021.1078945659417,1552.473303972592,1.0,13.123564834507741,12.907948407035766,12.415542506376072,4.867759250900581,6.453287298703261,6.449205592445045,1.3821633438819187,6.307710015244388,39.16980314897734,29.167229016171596,29.438003660832415,36.75899412990357
3689,331856555636630.8,-16.894961051104104,-2.451013581304392,4.138683306479396,-1.3901682839121512,-6.2080280554569836,-0.10785483857332799,17.86867695041082,-27.590497199657708,19.886645723997184,1021.1194612260053,1524.7450269170122,1.0,17.566327903275475,17.071824052926015,17.394493623835558,4.810006973702825,6.362689121836769,6.3617749248882,1.3943459125335198,6.208964889862456,38.41879526786646,32.87134240767272,26.735150908680474,34.010501523442656
3690,331856588969964.1,-14.465038845171495,-3.8953103420495556,1.434201100385897,-1.516812858105349,-5.157639251850139,0.006180307635511376,19.763663986749854,-28.27451296493391,15.418200159416399,1021.1190204227998,1498.1317110694242,1.0,15.048844615104066,14.98034684021697,14.535965106888103,4.150948741821121,5.376058230240949,5.376054677804065,1.516825448994111,5.15764295472532,37.78586235275301,34.49710853949022,25.066378085734303,32.20510797311575
3691,331856622303297.44,-7.8375584989888525,18.33484804942854,-3.65072701633469,-5.970584577281653,-5.135144328319111,-0.3939714530516697,22.745384768030387,-31.10666949494016,6.702584231959765,1021.0700596224126,1467.73610433645,1.0,20.271205784770228,19.939758680102074,8.646104959625946,18.694770946535545,7.884973111746236,7.875124600102621,5.983568642565504,5.150235021674989,39.11396234977614,38.53540469896728,23.71238418279074,31.820583314168776
3692,331856655636630.75,-24.170674321647983,25.28660108056172,7.768292451915525,-1.7072196061952782,-1.2821404957969904,2.2219686795447466,18.71091855183904,-31.136866706767808,2.900683908580999,1021.0492488452,1428.6550113944868,1.0,35.83266748358439,34.98047585969405,25.388341119136967,26.452949964530475,3.081497663088184,2.13506042882634,2.80209628611427,2.5653516452604266,36.44196630954593,36.326339498614225,18.934424738846836,31.271687441718367
3693,331856688969964.06,-6.725285691791185,15.885094903139827,-6.526308208219095,-1.093144194041402,-3.302100960697484,0.6284767844403494,20.2337823588053,-32.90635695820162,1.3072916176930787,1021.0479581149704,1376.1429920122582,1.0,18.443383814979235,17.250092977081895,9.371348166879681,17.173495244429038,3.534659538369453,3.478337962821565,1.2609311232366769,3.3613767749569115,38.65156255803606,38.629448310894695,20.275970011745212,32.932314519849264
3694,331856722303297.4,-0.9605931573037817,15.211068783396609,2.043450352922162,-0.4005806422281079,-1.362969313764457,1.720195165342365,16.956335769797732,-32.03264804613822,-3.2041149257686747,1021.0787096419348,1314.1680478201756,1.0,15.377745026236433,15.241369779225279,2.257970008374017,15.347713278468571,2.230968759991651,1.4206161343555965,1.7662208972252396,2.1947110873941473,36.385082328385884,36.243728610421485,17.25640968439425,32.19249746921317
3695,331856755636630.7,1.8387245002307089,12.673907738740192,-0.9013793037615195,-3.183478643345097,-0.9975213801819877,1.8190966570780418,14.858081480437384,-31.37660219356344,-7.204541153290465,1021.1082415838757,1259.7885686685484,1.0,12.838275967087514,12.806593815603243,2.0477774383458454,12.70592074661841,3.799828657235352,3.3361032922489846,3.666558184514033,2.074647331888648,35.456440370148584,34.716764689303155,16.512661763288566,32.19311383576596
3696,331856788969964.0,-1.030612809568798,11.421592918552955,3.4549223745025066,-3.558796017466602,-0.06526443481637237,1.616801696448966,11.317652296599306,-32.66638432069734,-10.871927794176338,1021.1290457720844,1231.1418049102592,1.0,11.97712136426046,11.467996667264353,3.605364250264504,11.93269765857566,3.909390779396235,3.5593944064107377,3.9088459703058653,1.6181184048431545,36.24059508418708,34.57140318376187,15.693567710004743,34.42806236995171
3697,331856822303297.3,-2.5051617912371045,7.27752205414866,4.919578970360126,-2.5919921028709854,-0.01509738391200166,1.3165808486369541,10.01798380170713,-32.21264537438025,-14.88364178978311,1021.1288207617587,1246.3650068981922,1.0,9.134572792118087,7.696633215172361,5.520696771774728,8.784337453344431,2.9072385735168247,2.592036070803518,2.907199372651135,1.3166674075098042,36.871904133003845,33.73447081942813,17.941092284970964,35.48488854346537
3698,331856855636630.6,0.08613660920706648,7.547532811504924,6.182507425903281,-2.374668527157209,0.06086317608575324,1.1704028112299185,9.512287332746244,-31.672073606893697,-17.986842409990647,1021.1387959137656,1319.6135051749998,1.0,9.756847294466503,7.548024314758738,6.183107437752873,9.756467066110183,2.64813097874881,2.3754483661141186,2.647431463589924,1.1719842433830507,37.64479189400647,33.06968183791941,20.347238392041383,36.42316222463846
3699,331856888969963.94,0.6180230488942616,6.706834474391596,7.681803279610703,-3.2079830546358243,0.2651161488043324,1.197177691135605,8.412893930981845,-29.738167471783417,-19.74042322425076,1021.1592630129418,1439.2462883358153,1.0,10.216343904865864,6.735249153212682,7.706624041407645,10.197633563407019,3.4343378219593093,3.2189193607773765,3.4240896166694252,1.2261814696486075,36.67178340286067,30.90526474362885,21.45835719169783,35.693737737205055
3700,331856922303297.25,0.3289521198414016,4.56625335440101,6.475498323243698,-3.7948818141041096,0.20813818730621608,0.8564302964299123,8.977899669826824,-27.73402423498639,-23.123682210374987,1021.1588924607498,1583.3430439199437,1.0,7.930381940868836,4.578086848643943,6.483848242477618,7.923556539263818,3.8958853089735896,3.8005854138583985,3.8903214308924556,0.8813593805356273,37.20864767382311,29.150965382784307,24.805389766094972,36.10928937591025
3701,331856955636630.56,1.1586233810324624,2.1368376949455716,7.288371311785956,-3.3782785245684765,0.5318780975928249,0.76082181484664,7.661233204026629,-25.297741269074297,-28.32529809799529,1021.1785379201227,1729.9568932059176,1.0,7.683022832979213,2.430737228417625,7.379889194123421,7.5951584389665525,3.503499669502776,3.419891825812554,3.462891223169896,0.928301753012186,38.74264730066598,26.43237044843888,29.343091291593254,37.97760163118941
3702,331856988969963.9,1.7681577687816432,1.9759013170639446,8.352323297983821,-2.250474098920235,0.7920686279640482,0.36330881861865105,6.513942365517209,-22.36344438730805,-28.623678110022002,1021.1786712648203,1857.3372615440464,1.0,8.76309719129722,2.651521810221049,8.537428557203054,8.582860274338524,2.4132964341335637,2.385792610709425,2.2796111439447135,0.8714160941197551,36.90352338939539,23.29281198149978,29.355517261452448,36.32407732359313
3703,331857022303297.2,0.8906729977366505,2.665053900378195,8.584361721272998,-1.2277160168831625,0.9317684361959986,0.10697759350602422,6.864247167011844,-22.065557136140573,-29.148386363351786,1021.1931198105905,1954.6871516847316,1.0,9.032556495393502,2.809948519246967,8.630444052918383,8.988535946058075,1.5449670683593661,1.5412589129677707,1.2323679741147924,0.937889452016322,37.19724624868549,23.108585004238453,29.94572284579323,36.55840859932933
3704,331857055636630.5,0.34556535247862824,2.985946189112177,8.47839097826685,-0.6432678197110193,1.0098937931241243,0.09174076261827878,9.33650596295088,-22.004861419821594,-30.49388242446539,1021.1985995417236,2027.7296775984028,1.0,8.995465726546009,3.005875921775084,8.485430395282869,8.988825742255226,1.2008727363014715,1.1973633371981958,0.64977677351653,1.014052188457978,38.74611122446857,23.903645531629067,31.891177603113633,37.60439856483111
3705,331857088969963.8,-0.9701509093553169,1.9235548829811326,8.198837090758865,-0.6922353175172219,1.011654170823543,0.11608358862895182,8.512530149065284,-21.125440234830357,-32.13760726424762,1021.1778428578285,2083.556831715092,1.0,8.477156705851721,2.154357485368551,8.256035515168659,8.421460266999057,1.2313039006320963,1.225819683380406,0.7019010858854292,1.0182924731596743,39.39001390359181,22.77602675301675,33.24588651562426,38.45919949487262
3706,331857122303297.1,-1.2903563062826058,2.2741441524901385,7.5970442512171426,-0.2523401433382654,1.0171207610075659,0.12759876242300486,8.626226291738147,-21.001686977173563,-30.101366553534127,1021.1786265244102,2129.2606064648307,1.0,8.034415496999133,2.6147181537344286,7.705848477105862,7.9301206158075885,1.0556948586520958,1.0479552425617165,0.28276667433037217,1.0250932087593265,37.70377838246028,22.7042426855303,31.313001268267108,36.70372085058141
3707,331857155636630.44,-1.6806607069288708,2.0068449271372595,7.5330946762985045,0.24688595217481346,1.2311053114198898,-0.11852469093746994,10.057808665018953,-20.81756588558458,-30.27470596649624,1021.1692319537068,2170.898219170979,1.0,7.974933377494014,2.617641490615398,7.718298764228521,7.795828497578268,1.2611982649644546,1.2556165661488892,0.2738626950555461,1.2367976350915644,38.09315405555949,23.119917053112136,31.90168234591921,36.74137818262208
3708,331857188969963.75,-2.6042869094789034,1.924403502932265,7.704064826902577,0.9369973873849783,1.2907479507232231,-0.06886602895157955,10.394215280650124,-22.495994678724163,-29.292480042169768,1021.1903196279834,2207.3302434565703,1.0,8.356928503110375,3.2381536635837946,8.132338234726875,7.940777272988798,1.596476403272543,1.5949904000533905,0.9395246850987126,1.2925837699119387,38.36872261239095,24.781232573979977,31.081973848541452,36.93398385777115
3709,331857222303297.06,-3.0018376635194346,2.4888446537718223,7.722703181923941,1.4664969857451688,1.2419425635022894,-0.045912043472865774,11.177255384218146,-22.91940649754554,-27.65847249526762,1021.1785087370627,2234.3600884622324,1.0,8.651330620478594,3.8994072714622154,8.285600388277363,8.113845706365554,1.922275385051309,1.9217270202186116,1.4672155005095606,1.2427909103201924,37.619427599250386,25.499612391637765,29.83156279338226,35.920611004981644
3710,331857255636630.4,-3.1862398019345077,3.065871223203542,6.805888616203555,1.5664411196799286,1.2695658839057402,-0.24000443572574648,13.907344250963902,-24.185807974587163,-27.86825250587677,1021.1787106368255,2247.780004861827,1.0,8.116145038678669,4.421729348648471,7.5148016561716915,7.464562024220625,2.0305510198390744,2.016317265462326,1.5847207673884198,1.2920524999958003,39.43357743382826,27.899238905361248,31.14568544511624,36.89976700624153
3711,331857288969963.7,-3.6401960573597303,3.1433426565935334,6.564818334872552,1.9901163022158364,1.392497006418315,-0.31034620889327763,14.608962227425772,-24.7553031522847,-24.48101183146155,1021.178710999939,2243.3957245068423,1.0,8.138087623186214,4.809535361422953,7.506521638275356,7.278560491377352,2.448657913756765,2.428911445324675,2.0141692246977816,1.4266613761710936,37.75667824128641,28.74450924131198,28.508625320322153,34.815872449985754
3712,331857322303297.0,-4.704917077709827,4.469278791324929,6.788756836329832,2.2592458019253505,1.4374803087203931,-0.457683079984318,15.25972853357754,-27.418966991800826,-21.213462313054908,1021.1787114950345,2217.8921405350543,1.0,9.391374606814885,6.489275585357151,8.259749638514512,8.12783318587444,2.716618308334855,2.6777866291913917,2.305138910179005,1.5085832557942596,37.87703854742797,31.379277649683775,26.131787122695638,34.66714199649091
3713,331857355636630.3,-4.861588210208452,4.433922686273146,6.147582153090298,1.9341791522260618,1.4545964760474308,-0.493543399589258,17.167717281143876,-28.635909727727764,-18.22402082389551,1021.1790594397373,2169.358877656692,1.0,9.004858502079854,6.57987160311548,7.837589313981192,7.57973856520408,2.4699159881084323,2.42010328313391,1.9961548237008193,1.536045570745779,38.03762318507344,33.38780979009944,25.03688182731754,33.94304436735678
3714,331857388969963.6,-5.932885784386529,4.927022734657768,6.5810234215096335,1.5028114228216916,1.5084962271944584,-0.63449719986471,19.091703803814884,-27.62396030208512,-16.544183946926328,1021.1776363166219,2096.0114473578587,1.0,10.138271846467159,7.7119833219743334,8.860530627735233,8.221035354643165,2.2218437696335513,2.129319853855515,1.6312660326260442,1.6365046789105349,37.433759621142904,33.57940346259556,25.262683479835122,32.19927336510732
3715,331857422303296.94,-7.56689489478579,3.6298295887687555,7.069520214497524,0.33531289164169936,1.367869647793159,-1.0932444803206671,19.758616027272133,-27.87807303277066,-15.248394556079841,1021.1884963374971,1996.0653611246585,1.0,10.973225471821197,8.39247050589017,10.355482336034589,7.946935189536296,1.782886873137638,1.4083685982919736,1.1435113593894568,1.7510713483765834,37.41795558113184,34.17001409618776,24.958294089361566,31.77578468831856
3716,331857455636630.25,-8.82880076852643,1.9603672588824494,7.13089964349632,-0.24891215168972597,1.067456346449651,-1.9119361552586307,23.423985716565337,-26.61048356015609,-13.657472614724538,1021.1794440509523,1869.810523920573,1.0,11.516965421744006,9.043824567075102,11.34889654265774,7.39545600455538,2.203842138770289,1.096093203534465,1.9280708288452382,2.189740375789055,37.9911502902603,35.451388437622505,27.114749954071264,29.910606706104915
3717,331857488969963.56,-10.93694202621937,1.3954016428947453,7.146115802201981,0.151823438673792,0.5506336751899226,-2.3402144715032245,25.856823510446418,-25.83855145100038,-13.245898486284416,1021.1787118050928,1731.2168659104786,1.0,13.138904737015094,11.025599604097584,13.0645961263012,7.2810793707714945,2.4089108687157794,0.5711810577950707,2.34513413884235,2.4041217142412483,38.88007059979856,36.55415247460087,29.05217975917343,29.035918580181782
3718,331857522303296.9,-12.433869282718675,2.3718519365383615,7.072579483678039,0.08942772970615963,0.05347781820413264,-2.492268265260864,27.696166239288186,-23.3990820955862,-13.067993502870014,1021.178607066467,1599.7944558930158,1.0,14.49993681026022,12.65807200756086,14.304631623802079,7.459695849148562,2.4944454898647654,0.10419786888546333,2.49387217492533,2.492841949074644,38.54046083613068,36.257339495201094,30.624338009911977,26.8009234375802
3719,331857555636630.2,-13.005171270320394,-0.14342640021450775,7.005128167970877,-2.2712494334347917,-0.06457376205903409,-3.2226030839768143,28.97066187242797,-20.540470803035046,-14.655172168191319,1021.1786362895886,1495.0690594282732,1.0,14.772503902600414,13.005962129063942,14.771807621955615,7.006596305052654,3.943084376028643,2.2721671944697026,3.9425555957696696,3.223249975971974,38.41854059456471,35.51352122976384,32.46649535453251,25.232618018938595
3720,331857588969963.5,-13.687772992135827,-2.0354550212538753,10.325895511544479,-2.1670956474345444,-0.08383145089287539,-3.3300321583134087,31.48783728134332,-15.776865901130632,-16.454692959961296,1021.1803407134305,1436.303459711108,1.0,17.266219179169624,13.838287705774531,17.145823036517594,10.524599529620215,3.973970990418779,2.1687164999807034,3.973086674178051,3.331087193028766,38.87351688135784,35.219219104327294,35.52802861211067,22.79619306087879
3721,331857622303296.8,-15.979165851259376,-3.5614931059113806,13.14232855405985,-3.8044137478646336,-0.4677684211438419,-3.8286533410848125,32.358991207212355,-10.805712206503646,-15.56726427362014,1021.1777650943526,1427.5877217969253,1.0,20.993779418398322,16.371254516545395,20.68947899597548,13.616351676066213,5.417652412896266,3.8330629085316135,5.397420714669306,3.8571224639644646,37.49943259841351,34.11550568639176,35.908829400485565,18.95001670855495
3722,331857655636630.1,-13.836057484841374,-4.652020056212516,13.57177698108241,-4.549296805295816,-1.2721818762704424,-3.374643039812593,33.219233213147106,-6.157932118675896,-19.35499569672028,1021.1798347095948,1449.8363072947545,1.0,19.93165592095842,14.597183883449524,19.381166557977707,14.346930718019163,5.805408150607611,4.723827701026542,5.664301993081786,3.6064750619499035,38.93653094033593,33.78516809559598,38.44649936846678,20.31098191615267
3723,331857688969963.44,-10.140047135435852,-3.752564515428924,10.993667217058569,-4.664396278691544,-1.4475336209188339,-2.413328371615448,31.988092629110366,1.1841712342505644,-20.960259359343194,1021.1684392326218,1482.0095330236506,1.0,15.419565987106948,10.812136530367953,14.955977894751285,11.616473618180544,5.447577448518376,4.8838454345281965,5.2517374719149466,2.8141619379372007,38.261897547972,32.01000361700341,38.243568641792294,20.99368319097343
3724,331857722303296.75,-6.682804611870875,-1.8311483773551194,7.82039220927605,-3.8018878919695003,-0.6912874203248784,-1.1812186173668129,32.246293407242916,5.309287596469579,-19.304807413678013,1021.179659355366,1503.0677158026688,1.0,10.44851741479328,6.929140052007386,10.286807657740479,8.03191376241029,4.040731030719278,3.864224351743014,3.98115924890204,1.368632792064179,37.95639027314401,32.68045246455477,37.58322801177668,20.021591446766248
3725,331857755636630.06,-5.6953868164142785,-6.511932302406974,2.6307263205196123,-4.286394907430152,1.0127434839210159,0.4375877463894799,31.811701624866068,6.660354909545807,-17.820838464037784,1021.1886467000529,1494.4400979167372,1.0,9.042312440586844,8.651167164014169,6.2736075715699835,7.02324592226458,4.4260946332469935,4.404410365380095,4.308673152866595,1.1032372365065914,37.06652089624741,32.50145670259438,36.46322316843143,19.02478938339238
3726,331857788969963.4,-2.8960335522716254,-4.309627199288167,-3.16400058826551,0.6850755589012492,2.8524461246331545,2.2768878329150324,33.84576597098905,6.854925736694746,-14.440102737492607,1021.1824687730773,1453.6333063241307,1.0,6.080361556295141,5.192292069281868,4.28927850091685,5.346380674754545,3.7134883356508706,2.9335605354821914,2.377718806982939,3.6497489088444444,37.430501574089305,34.53296803083338,36.797451558936814,15.984572997892107
3727,331857822303296.7,-8.379924764968678,2.03334255470068,4.008431707425699,3.5588756712919802,5.2352615529919895,2.6917943448274055,37.37371276306236,0.7558453861107743,-11.491744786873397,1021.1889172491857,1384.5906665255234,1.0,9.509213730082406,8.623086513035343,9.289276818979562,4.494664247510864,6.878903718383827,6.330368043956847,4.462213894308379,5.886741061324246,39.10787524515014,37.38135508436787,39.10057037873645,11.516575033157073
3728,331857855636630.0,-15.093924374721295,5.142486235384355,10.077571358700746,3.806117680307258,6.594341307852809,2.3506421422551758,39.000461743512766,-3.7952039364407244,-0.6206364212021445,1021.1787203803242,1291.272595603284,1.0,18.86343452822494,15.945899714689139,18.148939294611992,11.313823808546037,7.968524804613926,7.613925996540904,4.47348301408349,7.000775368871644,39.189600389563815,39.18468564536888,39.00539970022773,3.8456160087166498
3729,331857888969963.3,-15.447840311275442,4.8314501171226265,13.761812729308128,1.9785912374046903,6.892541413648764,2.0058804484057347,38.55601420603243,-6.094254365501812,8.85042475312612,1021.1787112772853,1177.681637432108,1.0,21.24537997103036,16.18575548180902,20.688723012288936,14.585280245192118,7.446173970361847,7.170910013631318,2.817513027127118,7.178487550463516,40.02544423286217,39.034679039633616,39.55876956840951,10.745694699840744
3730,331857922303296.6,-14.65601744866148,0.6675110259849513,8.215670423835022,-0.5896585415503759,6.164026606427801,1.8685262537742895,35.99256416622699,-6.422056200175749,17.891123137146206,1021.1785845360179,1050.2762027755873,1.0,16.814923697072157,14.671210530330523,16.801669201854537,8.24274295868123,6.467944925663556,6.192166115372968,1.9593589657505581,6.441010352871172,40.70380532833154,36.56101039493005,40.19399162024712,19.008816190040456
3731,331857955636629.94,-13.778779762004758,0.12567747915767197,3.9856324623753987,-2.411876506158619,5.581598758096549,1.8052846029015464,34.3452377690524,-10.038006467526587,23.122389963000412,1021.1685289575414,919.2806084219966,1.0,14.344191600914286,13.779352907832767,14.343641025031701,3.9876134408826553,6.3427474705223945,6.080410592825524,3.0126733607268643,5.86628478629007,42.602838507028046,35.78207555822956,41.40338482556476,25.2072706067747
3732,331857988969963.25,-11.768936051516171,1.8756420078090756,-0.508034459862022,-3.716537361340889,5.165343657236065,2.416550543571119,28.986634793194447,-14.527084912194619,26.21432531921797,1021.1686508894819,795.2384108417342,1.0,11.92828519689827,11.917461505124953,11.779896213340946,1.9432272007836235,6.806845200621608,6.363444433291733,4.433098971134816,5.702674076868037,41.6947484057877,32.42315827738167,39.08216791038879,29.970436232859623
3733,331858022303296.56,-11.960445622067843,3.6831833566582053,-1.271138955714484,-5.295108819475885,4.980497363939527,2.5167771877225373,22.348820332157217,-20.66619037454758,24.807521029551225,1021.1505192979878,688.6931665051989,1.0,12.579105427729775,12.51471530308244,12.027803362342466,3.8963616212434533,7.6927042589027455,7.26935563872754,5.862793261128339,5.580279688765532,39.267980524438904,30.43946771604403,33.38986178274283,32.28783864288022
3734,331858055636629.9,-12.00817070425686,6.115278131013168,1.2113344312764271,-5.005306592966468,4.457336281042712,2.02620613712223,19.397501254626253,-23.91669067418406,22.27245035533169,1021.1180843732994,610.1571844222262,1.0,13.529971226377993,13.475636915642266,12.069113255205144,6.23409638392315,7.001889182356792,6.702308618072826,5.3998708687991215,4.896259596101035,38.00438385974103,30.794011556272267,29.53515024092381,32.681342347512555
3735,331858088969963.2,-10.53895204344083,7.107348895140722,3.155103140720921,-5.81361563411365,3.633349088621508,2.4018169467210546,14.006304679897202,-28.564237890414606,19.904044910832894,1021.110565365274,569.9395267553078,1.0,13.097274308793823,12.711566327215687,11.001099308820582,7.7761869927262595,7.264163887644183,6.855607364850864,6.290218707387455,4.355450636311149,37.526833877357156,31.813397445829448,24.338191687111085,34.81503540243281
3736,331858122303296.5,-8.506143420814738,10.017046224340296,1.9391806182964386,-7.242361860039243,3.299017383788608,3.15142246574078,8.54515718494395,-33.44727362171522,8.524136273368605,1021.0944853656347,578.2679692683416,1.0,13.283678422275083,13.141373252291407,8.724385214205434,10.20302095121571,8.559601893071092,7.958349138501686,7.898307975087246,4.5623436144283485,35.55841283364943,34.52158490048344,12.069822306991831,34.51638758521588
3737,331858155636629.8,-7.61393589847387,4.338067709957119,3.9297531983016762,-6.4943428596777775,0.03442024468271626,3.2199820678081337,3.7242132973802895,-34.73298635922003,1.652397199100851,1021.098347374537,645.3700731709883,1.0,9.603843580661025,8.763038931914071,8.568254201739778,5.85335729780225,7.248859113632827,6.494434073288584,7.248777393192157,3.220166031472595,34.971138423244746,34.932078468281105,4.074331992852388,34.77226995658122
3738,331858188969963.1,-5.422547238206109,5.203566379308027,5.22706892394303,-4.610620996989039,-1.9132258936747344,3.953679520971825,-0.9345777420087718,-34.07317210963518,-8.135736342378573,1021.1047978824413,781.1879196760245,1.0,9.154418121873858,7.515392312743331,7.531684279510635,7.3755916779276625,6.3678757095797405,4.99181923732257,6.073665098803867,4.392267646077534,35.043468706755874,34.08598675656433,8.189239365689446,35.03100431682655
3739,331858222303296.44,-7.11482438733865,7.674051078826442,7.269164530624232,-3.186214441265053,-2.988247367675391,3.0896702238057294,-5.884710901731398,-33.113475929763275,-11.024036911796088,1021.0985459810213,980.6672847801078,1.0,12.741763574811435,10.46478791104273,10.171601596403303,10.570327002213444,5.350480995949488,4.368247336878359,4.438245662150499,4.298335075618308,35.39295834457203,33.63230754123136,12.496367961515817,34.90031057144985
3740,331858255636629.75,-9.814949723492035,2.0370345792813125,10.332040400324091,-1.4130432046926928,-4.223326953854572,1.6831322894391312,-7.93538862708819,-31.55522719888647,-10.362867426055235,1021.098933296371,1216.6593687549544,1.0,14.395617624325585,10.02410833699757,14.250764783288144,10.530933895487,4.760894449705365,4.453446042951765,2.1976408719535607,4.546363916681896,34.148086000920486,32.53771283044131,13.052180429066908,33.213271215936274
3741,331858288969963.06,-11.153569914424084,2.1985868612856643,10.72776563147014,-1.3290724242298775,-6.076496330943851,1.3422739703590034,-11.494291549705856,-31.12210804943588,-9.684590134746431,1021.0997936369622,1460.2430626869425,1.0,15.63076650284035,11.368197131584411,15.475370020768421,10.950741510526576,6.3633277913624475,6.220148002163804,1.8889502164831147,6.222982168661373,34.56147615117776,33.176864644966095,15.030303533450924,32.5941236347718
3742,331858322303296.4,-13.405120838300752,5.972154583425579,10.300962245403257,-2.744481853203973,-7.9779949551518525,1.380153543856252,-14.987170103175881,-29.231672375584818,-6.888908106318142,1021.089713245219,1682.4972576624502,1.0,17.929688180194308,14.67528177098403,16.90582999650323,11.906991792621445,8.549000406574637,8.436858665818358,3.071970775769992,8.096494754463032,33.56431129149462,32.84974790732887,16.494614957580087,30.03244453538247
3743,331858355636629.7,-11.0755823613958,3.7667165174408317,5.628867546807301,-2.235648527135663,-9.111733056552199,-0.1222906061357714,-16.339675938289467,-28.274181676042264,-3.46867440334556,1021.0731468115054,1857.6658907503474,1.0,12.982327519606173,11.69857589481828,12.423875180617447,6.772909506427945,9.38279055628436,9.381993585094264,2.2389906943158366,9.112553664380536,32.83970251592704,32.656000355496076,16.70379333818341,28.486155436742756
3744,331858388969963.0,-6.865881079519982,5.522364852793625,3.8332667711795847,-2.32028737371386,-9.107316338596767,-1.465144318077164,-15.692104935123561,-29.607350211827377,-0.3834416135596321,1021.0688804506757,1979.5814936515922,1.0,9.60889019109441,8.811176797992468,7.863476148443513,6.72238407906004,9.51176073399039,9.398241558285656,2.7441540352920715,9.224416445719774,33.51095897362135,33.50876517958732,15.696788995394519,29.609833063305235
3745,331858422303296.3,-4.664108697037921,5.288335752464078,4.3584153327572475,-1.7136136987156498,-7.917578339749327,-2.778766075052771,-12.06656662679764,-30.052982973962326,1.5065181132632524,1021.0787117016465,2049.5615684097997,1.0,8.289522856074893,7.051269741583751,6.383548711382897,6.852902979293029,8.56423140593234,8.100896164900131,3.2646612088071425,8.39104210845899,32.41995392683041,32.38493192508232,12.160247817562636,30.090719208069117
3746,331858455636629.6,-5.418019074828681,4.299683562381479,4.514160330325316,-0.7132497333527871,-7.128932145305662,-3.3934733577554437,-8.833357157898797,-31.894609900014753,4.258974762882715,1021.0888319688394,2068.938604677862,1.0,8.259531035095376,6.916806302898826,7.052132598235104,6.234173740320064,7.927550702726298,7.1645236209046175,3.4676197328893816,7.8953996075036255,33.368146568006935,33.095231368780624,9.806480750497284,32.17770978029653
3747,331858488969962.94,-5.220114748753711,3.9629305983257113,3.6231446612218807,0.3258299416054026,-6.209008237525739,-3.6574331823618973,-3.137906914385666,-30.807862187946657,6.789584853311444,1021.0888059307472,2039.1899985334346,1.0,7.488764527840545,6.553961925225245,6.354272202722877,5.369543384989714,7.213512731530384,6.217551643895615,3.6719181137776555,7.206150205005747,31.70282786874349,30.967254195276382,7.479633833528587,31.547152566782152
3748,331858522303296.25,-4.180858678830066,4.186245359560151,1.9201718469808633,1.4680927689288497,-5.793610111532318,-3.1448679042660332,1.678419740243172,-32.21475977838914,8.393646732718507,1021.0888049699875,1968.2931738195748,1.0,6.220232264532047,5.916437230528824,4.600721597128714,4.605617236850757,6.7536218903573015,5.976722722582226,3.470661394239405,6.592125018515058,33.332583846402194,32.25845378197406,8.559812982659961,33.29029968403701
3749,331858555636629.56,-3.1590955504640528,2.558144951524319,0.8743414613857234,0.6516469595346264,-4.699032676238412,-2.6994964469864833,8.237181635610975,-29.731146384912,10.311406469986503,1021.0971989092345,1873.2080830766395,1.0,4.157939788052403,4.064971130275237,3.2778587047125596,2.703438289310019,5.458281132327255,4.744001670765626,2.7770352585380276,5.419242489467415,32.52871546877301,30.851130071021913,13.197585562796183,31.468494859944375
3750,331858588969962.9,-3.8611177920419855,1.3664574697909777,1.3740796184630932,-0.7692734877951921,-3.428360043377504,-2.3171928423645136,9.565391904782,-29.65035092934462,7.382640734629907,1021.0889369953984,1771.5524285418614,1.0,4.320130949247536,4.095782784861855,4.09833202680052,1.937859854226626,4.208897356167921,3.5136070192968334,2.4415495833035856,4.137998943418514,32.01786090203362,31.155096413353565,12.083050380954548,30.555632777769535
3751,331858622303296.2,-5.007029577354225,0.6493237840896796,1.10350029007697,-0.9195635253686536,-2.6704456712588875,-1.8328607855224908,13.443173216900082,-30.571275661802893,5.911842842328715,1021.098780427315,1680.9439124524774,1.0,5.168140812253912,5.04895697793956,5.127188125932184,1.2803648959513447,3.3669356720079877,2.82433658764917,2.050603749214984,3.2389286411175306,33.91565549303028,33.39643396725946,14.685666206610206,31.13764251484584
3752,331858655636629.5,-5.174233075451229,0.3228920056007248,0.6863191809107313,-0.3575090705390251,-2.275090049722968,-1.3055858998416376,15.705454820020599,-29.232810516925547,5.611674064316267,1021.0887601278502,1615.0661345834199,1.0,5.22952972880548,5.184298136331893,5.219551890457596,0.7584808932114477,2.647338665855095,2.303008352105162,1.3536496139632945,2.623087737040787,33.65574850788942,33.18461272671689,16.677895457995536,29.766560038449065
3753,331858688969962.8,-13.201456446337424,7.024313347419619,0.168366337079736,0.33711590528138413,-1.8917037476615775,-0.3214688742901465,16.00786950459097,-28.869477488584835,4.459762622983861,1021.0981594582873,1566.1795370627112,1.0,14.954857990992192,14.953910201257775,13.202530042685213,7.026330850892168,1.9482126269090645,1.9215072736033407,0.46582117892068964,1.9188239382638084,33.3104803206631,33.01058340199276,16.617501879927,29.211919024899245
3754,331858722303296.1,-13.051275311314852,11.41031194233147,-0.8550528358772874,0.19359099671701516,-1.5206998478842193,0.826237782873214,16.96684511794174,-28.87429265455231,5.1599323411518725,1021.0685896493844,1519.287793263102,1.0,17.356904137120495,17.335830117795016,13.079254665456988,11.44230457440519,1.7414575433274908,1.5329727660219457,0.8486143693440099,1.7306637169601529,33.885446895713535,33.49027634339491,17.73411218588313,29.331717952857762
3755,331858755636629.44,-13.794663715093373,22.63714329353532,0.9908901196758517,2.8662256247508693,-0.3315545596643378,0.16881771059862702,14.841840658171824,-29.81914513060698,7.098181343164601,1021.0507438037197,1459.388770371819,1.0,26.52762459651893,26.509111707195412,13.830206442486132,22.658819910165718,2.890272855185905,2.885338413083069,2.87119291434593,0.3720589273837878,34.05650934583893,33.3085822340544,16.4518817313708,30.652334245545674
3756,331858788969962.75,-4.275586148324501,16.303486836255423,-2.8069261674136956,-1.0128535741618503,-1.5367634384646973,1.1222780216726644,14.603647288899147,-31.311975033669754,6.418729613228974,1021.0588559450089,1371.7950278381034,1.0,17.086929344999643,16.854801094397356,5.114633068075957,16.54335266895032,2.155695290718005,1.8405200972807318,1.5117474394295973,1.9029319020215487,35.14123481745444,34.55005491526358,15.952009402777882,31.963101701131894
3757,331858822303296.06,-5.650607485445124,9.729740402191432,-2.112287710950921,-3.4550899108017745,-0.6732765565270791,2.2897836449397477,24.641768139723794,-28.9171943557165,0.23367090141720598,1021.0685171336428,1257.8682772618724,1.0,11.448099083360479,11.251542705274009,6.0325056426333115,9.956385271164962,4.199292411100557,3.5200777851196947,4.14496748266591,2.386715412905887,37.9930976434978,37.99237905762403,24.642876032275044,28.91813845143652
3758,331858855636629.4,-1.4186766131545459,16.075850465109543,0.7135505361499793,-2.9285625596553517,-0.5069471372228469,2.5292006165247445,28.739135384851714,-34.81889520076885,-9.701211221960227,1021.0885418433887,1142.341592225577,1.0,16.15409439977724,16.138327407425912,1.5880169080811375,16.091678673904806,3.90260551739254,2.9721160922402654,3.8695393039022425,2.5795059911866045,46.17799113045139,45.14746244996456,30.332349098642574,36.145109796142705
3759,331858888969962.7,0.5542378740187576,10.02879170702475,0.5941132299708155,-4.044002278328503,-0.1714173654035428,1.5776787721869547,-0.1744510057748192,-35.06767880710748,-14.26540930270903,1021.1085824437819,1051.7923429814878,1.0,10.06165062273142,10.04409491810413,0.8124962467748311,10.046374153539912,4.344238557963565,4.047633671701036,4.340855299976661,1.5869638374491173,37.85861107655282,35.06811272469436,14.266475939321285,37.85820914269813
3760,331858922303296.0,0.5421935076451183,7.013985525862049,3.1294072979746694,-1.8301869014401073,0.1544739665265889,1.4575515133180865,7.199273127834489,-33.23238867396944,-16.708104623741427,1021.1184178434601,1012.7978997818757,1.0,7.699555623109165,7.034910572049572,3.176029571076069,7.680441588451763,2.3447606945087687,1.8366943949763115,2.3396667515222727,1.465714372007828,37.88643491627078,34.0032526465768,18.19313864309975,37.19613443754152
3761,331858955636629.3,0.2669363974231949,9.041734599032022,5.682399380753981,-1.2199905326326046,0.411357000935,1.4697498704836407,7.25106547854696,-31.798026073182438,-10.72933159888991,1021.1290518540754,1046.9295699589456,1.0,10.682409949163873,9.045674082101458,5.688665727801424,10.6790742708217,1.9539079209927224,1.2874748471063129,1.9101155937533898,1.5262304098676962,34.33381670137917,32.61429767333593,12.94976861311093,33.55939538653412
3762,331858988969962.6,1.5112451197612304,7.1672691013037815,6.304382806429001,-2.5197217457935035,0.31175307701988686,1.3200378768863488,5.677390226858525,-30.549246672034588,-13.52021583262602,1021.1496928042149,1144.669953045977,1.0,9.664308084519226,7.324862331983179,6.482985761360251,9.545417169537512,2.8615883096054624,2.538934354656699,2.844555795311331,1.35635171598151,33.88636109377394,31.072322604157627,14.663867018928533,33.407375059851795
3763,331859022303295.94,0.603676441374927,4.466146182659918,5.54778518318753,-3.0672167321339296,0.40615435378552717,0.9562058852642193,4.0580729166450435,-29.981274856682017,-17.60720729309856,1021.1574994338526,1284.5848402682966,1.0,7.147643486461391,4.506760141249903,5.580532742011841,7.122105177802617,3.238380696582045,3.093990924515016,3.212810012574082,1.0388893367981349,35.00512171798385,30.254665719996336,18.06880473243737,34.76910396737391
3764,331859055636629.25,1.6240745728900723,4.676002523567009,5.341859977599804,-3.6823987462539467,0.505971143719198,0.86414635281129,4.756393360833933,-27.06880616522142,-21.541416026643777,1021.1684602893351,1445.215676209928,1.0,7.282725165691459,4.950011900865806,5.583286329626186,7.099328673944291,3.81612581602942,3.7169970842992535,3.7824343279810813,1.0013769107351975,34.919566856509825,27.483514058673688,22.06027838074421,34.59411614195793
3765,331859088969962.56,1.413112140889583,2.924708508333224,4.384187476452413,-3.099072665090582,0.5492949613619158,0.5086289972508151,4.13453766154412,-25.373505015377557,-23.887896089592836,1021.1687255997663,1605.1822529937645,1.0,5.45636377179239,3.248200391208383,4.606298487007949,5.27020110502426,3.188209496713414,3.14737610369165,3.1405341648127334,0.7486176670517188,35.09331471986226,25.708153540075894,24.243060476390173,34.84890724761072
3766,331859122303295.9,1.176641835654054,2.215602428413171,2.7489285924627693,-2.4972660307936563,0.994040643129836,0.272424314716915,4.971474524247945,-24.428842277233258,-24.399197558416276,1021.158718681563,1747.0181611527694,1.0,3.7215572730593602,2.508661023375155,2.990166285655479,3.5306518558546216,2.7016049740846384,2.6878345240639128,2.5120813354278324,1.0306948178015443,34.88272832571747,24.929578695822066,24.900530123671526,34.5266444431046
3767,331859155636629.2,1.256563749602579,2.1063527407356637,1.5041158702505981,0.889071900589667,1.6522184278943197,0.29419741335519584,6.250451076246422,-23.394314811798562,-26.7391372591519,1021.1595083094626,1858.909519784921,1.0,2.877158125018444,2.4526871641568837,1.9599278068222328,2.5882593416318147,1.8991647363819149,1.8762394777564244,0.9364832953358061,1.6782067368171494,36.07413984468449,24.21491491147734,27.45996358373979,35.52851568637934
3768,331859188969962.5,-1.4131742196634614,4.745976236550846,4.042930863562701,3.731466822539595,2.2503999298348654,0.34318417270387214,6.257630971222141,-25.810242919290275,-21.876509573740286,1021.1659347999237,1929.4833391527309,1.0,6.392702228367485,4.951903857409468,4.282797140032351,6.23454732963454,4.371031899713036,4.357538811291818,3.747214969028089,2.2764171894877285,34.40796791521875,26.557985332565654,22.753892337399087,33.83415893269292
3769,331859222303295.8,-2.3195838410024416,8.192438672916522,6.162634778421205,4.1198340005148015,2.52256224964763,-0.295072582711466,8.414588812054275,-29.333232924265513,-17.934695977831,1021.1707907657841,1947.3666295187095,1.0,10.510689226551436,8.514488863398546,6.584719933880728,10.25154226551814,4.8397748216433705,4.830771418225572,4.130387393558358,2.539761432185182,35.396287637016265,30.516288415617705,19.810568510095223,34.38156298957978
3770,331859255636629.1,-4.297386747998608,9.290247897214872,7.4552094382716225,2.9455039589049052,2.1937265962537174,-0.22914024834213456,10.127935681195382,-30.258180504986456,-14.240513558922114,1021.1797200827768,1905.0912470242408,1.0,12.663190222928568,10.236026516846241,8.605096201110614,11.9117107822596,3.6798009734828985,3.6726597924440796,2.95440329429392,2.205661268763002,34.94173428804898,31.90818967968526,17.474762017958216,33.44173610765725
3771,331859288969962.44,-4.469298426109634,5.022263646322008,8.64634010059607,1.3415359583729352,1.9147459167688117,-0.4738756267808385,9.973291793595498,-31.5598391601292,-11.782315663697863,1021.168772104178,1819.137423813368,1.0,10.952486370225227,6.722927974833114,9.733130306165727,9.99911642438187,2.3854829203009102,2.33794154191041,1.4227708309016327,1.9725136337779188,35.132790373274425,33.09818721642356,15.436628893615968,33.687481505928055
3772,331859322303295.75,-6.780341071807448,5.148240554290895,8.483146934758054,-0.11754086293385631,1.5089070228274788,-0.7191908832569806,11.783092383353255,-29.77488702457494,-10.183992516847123,1021.1587487712487,1715.0595235338662,1.0,12.018368765002151,8.513366305691562,10.859871406546853,9.92311255209475,1.6756645799673864,1.513478198718872,0.7287327226213953,1.6715369963294386,33.60206641002956,32.021635864534446,15.574176373016831,31.468358726018735
3773,331859355636629.06,-3.9934402472107737,2.6240312073902157,7.9905321844354456,-1.7997582551888407,0.9758223799384748,-1.5290588049710327,12.078890966416962,-27.879724723829153,-11.295852528009256,1021.1590628697519,1618.4291159953034,1.0,9.310301250544972,4.778399814310289,8.932870176966725,8.410359348318979,2.5552651375872153,2.0472809026387093,2.361599162893615,1.8139046684564852,32.41565890105603,30.38385521383157,16.53771118725691,30.081145839396207
3774,331859388969962.4,-4.747112177562434,1.2485548063812824,6.713730992085635,-1.1744767012364248,0.7037011957451754,-1.6324621539623603,14.082548573721272,-27.085706996388662,-13.260955654810777,1021.168816970173,1554.5761387920134,1.0,8.316738962176853,4.908560189189835,8.22248489572664,6.828841258854167,2.1306157745496517,1.3691570014576064,2.0110515174571297,1.7776749019470963,33.28372939897653,30.527916696450756,19.343503281724253,30.15772651200809
3775,331859422303295.7,-6.316270138801426,3.215760573693802,10.239628658764836,-1.1476726611816843,0.8290343113621319,-1.8279278551365992,16.311321995079858,-26.67043681928717,-13.0506640271862,1021.1853389681321,1536.3398648431378,1.0,12.453368203142322,7.087763013365929,12.031012573167429,10.732712198541506,2.312092271131025,1.415786151450682,2.1583495501906396,2.0071417819875035,33.87759225371922,31.262940126590212,20.889687809483124,29.692289094680465
3776,331859455636629.0,-5.728648939132428,3.1049745128187483,11.18425385978063,-2.6674756929441097,0.6080320300949041,-2.073646706339386,16.301597266192445,-24.21123076141462,-15.266979708421225,1021.1981565990898,1558.272657038477,1.0,12.943949157544425,6.516002255453654,12.56602375725277,11.607256399566262,3.432949196358894,2.735896475027699,3.3786738870686888,2.1609520152778763,32.9394359063562,29.187767444797874,22.334339991288715,28.622794489703743
3777,331859488969962.3,-7.539408087793459,-1.2818592026818287,12.808896232141782,-4.825605413432311,0.43820089353017194,-2.3191748115553916,21.37470205225247,-21.593658481793273,-18.945814848275774,1021.2095100317812,1613.4729285110218,1.0,14.918232469550857,7.64760337163124,14.863058130817539,12.872877910602433,5.371876714500329,4.8454605177669,5.353974169969464,2.360210124044812,35.80653396680605,30.383613584478205,28.562594211445724,28.726816511640642
3778,331859522303295.6,-8.91584823811565,-0.21425353693455365,12.452972152213261,-5.081769556639067,0.16268550761014636,-2.4768207190813265,22.465646304877577,-17.28112761272306,-21.11145254058946,1021.2098211421202,1695.0390923937612,1.0,15.317139739748995,8.91842219135195,15.315641195487341,12.454815133187966,5.655571525110484,5.084372960471133,5.653231173519632,2.482157821101815,35.341704314260795,28.343299657292533,30.828536979062445,27.282426577208646
3779,331859555636628.94,-8.312950507627187,-7.175416967036333,10.861473575668503,-5.463029933546022,-0.2876649235605217,-2.827224854430806,23.67038804746313,-11.446640628401203,-24.093220182186812,1021.1987304789309,1794.8403035733045,1.0,15.44549652902221,10.981427721070334,13.677600461236038,13.017611796553853,6.1579743049624875,5.470598428240455,6.1512516151049415,2.8418218603139733,35.662250500222,26.292828908150042,33.77529465548479,26.67412304881079
3780,331859588969962.25,-12.717068217032613,-6.695079029250786,10.174705068902524,-4.779603387504821,0.1439760147698951,-3.2363491491619887,24.091369639066038,-5.871212823676233,-24.29008923519376,1021.198410020559,1897.0198591675003,1.0,17.608876468523636,14.371774672759614,16.286449805768346,12.17984837537251,5.774018830066118,4.781771390883987,5.772223519331964,3.2395501089056404,34.71129018288846,24.796476183260662,34.211146226628955,24.98958933385213
3781,331859622303295.56,-12.813174879076081,-7.475167092544979,10.706455337764396,-4.254116383863989,0.01889245515254689,-3.731951075154257,24.475197620695344,0.0009848229513694795,-22.87408371410432,1021.1783879297448,1982.7267552810874,1.0,18.294364144260314,14.834270239659707,16.697473952108147,13.057806437568718,5.659091973070126,4.254158334185708,5.65906043745824,3.7319988949900167,33.500134407220216,24.475197640508796,33.500134392744506,22.87408373530465
3782,331859655636628.9,-13.792730594192108,-9.139398834130702,10.47746189833091,-4.489712597414114,-0.04878304562819739,-4.071897128693735,25.4466333932164,7.22728258242949,-22.23333517224272,1021.1689317549261,2033.1034328109336,1.0,19.58431096884056,16.545936911921082,17.320987993614537,13.90344629508402,6.061373212365662,4.489977616082261,6.061176901728183,4.072189338943493,34.55554886637354,26.453067205430916,33.79130574467405,23.37851163798872
3783,331859688969962.2,-13.426491111236908,-8.14981853163997,9.262446366515823,-3.5003798263891466,-0.14195554104842395,-3.8180628863822252,21.55300305404979,11.825314577602999,-18.17371289944313,1021.1687862683876,2029.5078740947731,1.0,18.234119620956974,15.706374682236062,16.311455368933387,12.337441176809898,5.181738560463644,3.5032570994185486,5.179793734634757,3.820700927840822,30.57210895667054,24.58393795768183,28.192477386694225,21.68229474503692
3784,331859722303295.5,-10.257675069179804,-5.46168086583177,6.1306565633013115,-1.6148514886543253,0.25351077995128546,-2.836684296063191,22.09742858719528,16.30877594389188,-18.019907529614898,1021.1984914892796,1964.6204864567624,1.0,13.139056495890989,11.621095288528778,11.950098230643226,8.21065818173807,3.2739564507629173,1.6346293298361556,3.264126701882237,2.847989731562077,32.84797695947398,27.464022337492043,28.513390144668293,24.304181536598556
3785,331859755636628.8,-7.695570830277422,-5.971456156628939,0.2009972461212357,0.5100393086157364,1.4266595801655355,-1.3271248812160361,20.869631744436443,16.07255016365534,-16.436897188898584,1021.1987297475146,1847.8033992416608,1.0,9.742715172235444,9.740641613074489,7.698195262317334,5.974837949558966,2.0141395444094727,1.515089982150011,1.4217596655820197,1.948491213226475,31.04899333488976,26.341381852735186,26.565261495923796,22.989094326694115
3786,331859788969962.1,-2.7304363984546787,-1.7593180417548704,-1.3547938534974826,2.392719921474349,3.2669900548040016,0.7805905746722827,22.96258510197352,14.916547966055358,-17.7618331907073,1021.1987299544576,1689.7568608249032,1.0,3.5193677391720386,3.248150688938299,3.0480730489082304,2.2205103822136816,4.124033739686871,4.049485478527917,2.5168294077842104,3.358950083501608,32.6384196321378,27.382178835677166,29.03038120417794,23.194527835637047
3787,331859822303295.44,-8.100291330984705,3.634918891118259,6.210842577811856,3.9721023334354655,5.623906510940222,2.165541459856516,27.764039977208967,10.139204444399496,-14.437854078870616,1021.197754419944,1501.1811195819273,1.0,10.83521668072194,8.878477064893188,10.207315277446199,7.196332459758166,7.217720637807811,6.8851958135611,4.524065291487399,6.0264329630514695,32.89524301512529,29.557492833821144,31.2936662323036,17.642423222678097
3788,331859855636628.75,-14.39558059282783,4.463029275498178,14.652115449320155,2.78866283687716,6.3197798172525905,2.7941244728698775,31.907210071306505,7.0132625273985525,-10.101049381875288,1021.198725181326,1293.8622709039482,1.0,21.019891961158162,15.071541756520965,20.540623840205235,15.316759365288734,7.451401809473391,6.907695517054364,3.9476286537198684,6.909902206865417,34.19484031879341,32.66888283692444,33.46791378543883,12.297034190946038
3789,331859888969962.06,-15.308116722841639,1.0990325389231699,19.287946625853294,0.18418092627700436,6.709044320674561,2.8444349482862195,34.68974765762818,2.9817627116349548,-2.8480960232465593,1021.1989346494408,1086.325911671785,1.0,24.648959311977478,15.347518044353482,24.624445631159073,19.31923284096388,7.289445005308145,6.711571970140813,2.850391690388583,7.28711780279471,34.933954147448716,34.81766076890313,34.80646841475809,4.123416038447916
3790,331859922303295.4,-15.160564796765593,-8.930875600767736,7.886329398194998,-3.6661941773896998,6.2451880209583,2.2562879854077162,35.97492671739286,1.4179506278867753,3.9546600216111116,1021.1985683888213,899.6796414750697,1.0,19.282050081102664,17.595546707997357,17.089087639009957,11.914475665056484,7.585129440987965,7.241778314989156,4.304859488928918,6.640271748220569,36.21940463607098,36.002860112842576,36.1916383741924,4.201180770884978
3791,331859955636628.7,-17.145896594913566,-7.8613081891776755,8.925449983408749,-2.104381749636484,6.106592329012851,2.240645464211845,36.12215643566519,-0.726156116807722,12.256861412826558,1021.1976975914882,755.0363174700473,1.0,20.86733317640354,18.862182707436077,19.32991017697185,11.89385655923104,6.836620840536267,6.459016366364286,3.0739086916328895,6.504687691892033,38.15190873287838,36.129454580281795,38.14499753907326,12.278353081713114
3792,331859988969962.0,-13.997002440879942,-3.774573036015015,7.438502536153134,-2.2353589576417963,5.398624661419352,2.58063165521244,33.085381967753435,-3.3490793092431765,17.690679430421536,1021.1932466840806,673.1332126855518,1.0,16.29401113644419,14.497016207972269,15.850785384653836,8.341386070945775,6.387615959360669,5.843113716538009,3.4141601323596285,5.983711889351769,37.66721347381147,33.25445582432142,37.518030847341706,18.004901302965823
3793,331860022303295.3,-13.020894040420659,-1.3521513368517686,6.160264894129576,-3.1696416142459243,4.811733567834068,3.1225058848607454,30.697018165957996,-7.47296752690337,23.048862424809485,1021.1987301154552,655.5060217588325,1.0,14.467925159312152,13.090912682071188,14.404601527904461,6.306914998919464,6.553583057501497,5.761892735081127,4.449345003902203,5.736098232144491,39.107572502229054,31.593546302042565,38.38693766581218,24.23004958178887
3794,331860055636628.6,-10.505622496533269,-0.09494377702689986,2.238084371554555,-5.331571874513651,4.494066388666851,3.354839926423316,25.070610474973016,-13.32579387535263,21.89534468518756,1021.1819034210376,675.7011977825441,1.0,10.74179407802341,10.506051511412936,10.741374478802173,2.240097313732794,7.738038659167717,6.972968618805775,6.299254684883681,5.608171149106374,35.85412683191969,28.392116722713936,33.285757141320936,25.63167769170713
3795,331860088969961.94,-12.189788498281217,0.4281540576294266,-2.7455397326890596,-7.755277928708195,4.067907475039364,3.345368704339957,22.205821076688913,-18.539727132046647,21.35701852611139,1021.1686901181541,705.0534660111451,1.0,12.502489670208407,12.197305420866266,12.495156343823929,2.7787235056476662,9.374630592453594,8.757408690759476,8.446053961435817,5.266817159676073,35.957505644097914,28.927840773563936,30.80942599294227,28.28150848974311
3796,331860122303295.25,-12.68819477195768,4.0223267914649625,-4.1109944635795905,-8.493143813919776,2.915414475301501,3.0954994484920255,17.91859924290044,-26.36400430258736,12.68543169002784,1021.1704363306087,714.8975516990945,1.0,13.930889234648772,13.310499591993947,13.33756207298456,5.751468360072831,9.49817088929946,8.979595392149987,9.039668615582,4.252265090326796,34.308265751227935,31.876902636462617,21.954415865379676,29.25715126305375
3797,331860155636628.56,-11.006830342273346,7.297637300380595,-5.371823621420526,-10.24072832759987,1.6747982521021583,3.2729519838282926,13.865131433625791,-30.26860545877425,1.9782388144597411,1021.1481977141842,685.4500095292487,1.0,14.257009271623096,13.206279731684294,12.247726450376033,9.06156714854322,10.880702208653465,10.376775311480483,10.751033967398298,3.6765695796067837,33.35181816479712,33.293097574281916,14.005545276023817,30.333181587594357
3798,331860188969961.9,-10.291365468608266,1.9477139064762434,-3.4862497004050397,-9.074385715135719,-0.06342730435347002,2.809884971353529,11.566824080951154,-28.653818633821487,-8.362616244387603,1021.1295754622688,652.1482799875657,1.0,11.039009450286644,10.474053306621252,10.865824413363068,3.9934354176642417,9.499681714785773,9.074607381589395,9.49946996728226,2.8106007498710968,32.011967950604074,30.90036798518113,14.273218619868713,29.84919886279749
3799,331860222303295.2,-6.390388145960115,0.9085366084683525,2.086047670448763,-5.874621113108841,-1.9443289547139713,3.971182878734507,7.068069348871694,-26.992013947508788,-16.49326913008441,1021.1233485663123,671.6191398787869,1.0,6.783368949743147,6.454649442452683,6.722250779271201,2.275309572851986,7.3526785434341795,6.188019740330769,7.090942580428799,4.421618316916693,32.4122561365352,27.902086324555885,17.943955275185427,31.632210538308957
3800,331860255636628.5,-7.0938671096015575,-0.24024684447262293,5.599275640343257,-4.070002328712698,-2.788262286682594,3.4771509223291988,0.8842185735754006,-25.287200230572548,-21.776466665973146,1021.1287830840229,800.5329465491891,1.0,9.040605998023983,7.097934144169401,9.037413250771934,5.604427378673083,6.035719018618911,4.933490198131869,5.353082989491344,4.457015269885358,33.38321192517526,25.30265476164357,21.794410818833697,33.37149975585916
3801,331860288969961.8,-7.509522849154712,-5.858418058654844,8.255730034562637,-1.6037148701886452,-3.5001983242292445,1.368068288326321,-1.9354938584754184,-22.76340784814499,-21.83924821049967,1021.1178924237258,1094.1777384819582,1.0,12.604406926766904,9.524389511771865,11.160197660684881,10.12314874698346,4.085939370001164,3.850102556270598,2.1079640002590874,3.7580578961028954,31.604930560547004,22.845543839821037,21.92484661009078,31.545609825470198
3802,331860322303295.1,-6.644552461989495,6.548476716574092,10.523145744711545,2.894446275451364,-5.1997902983647055,0.4882846177966137,-6.672837741880137,-24.490523060480356,-19.089066418441956,1021.1079454036735,1543.7830819942694,1.0,14.06304451717637,9.329127758137073,12.445347475445246,12.394319007995303,5.971102097303207,5.951103963840826,2.9353434397785647,5.222666083040778,31.76011555446656,25.38331111784631,20.221751166927863,31.051218599333723
3803,331860355636628.44,-7.705173065059123,4.47878899128455,13.805132317271141,2.3650132510909208,-7.236433883997676,0.11049967114522104,-8.63995400529152,-24.470629541626156,-13.01710906541675,1021.1087956469113,2050.8463709136963,1.0,16.432009039929607,8.912308499539515,15.80985041864333,14.513484389553591,7.613900000172614,7.613098123320448,2.367593262188176,7.237277494665579,29.032837336333742,25.951117805926195,15.623505804860441,27.717446465799508
3804,331860388969961.75,-11.622856636991704,11.217579412318106,14.096772446775965,0.5769822801478699,-9.147114421418038,1.1745903954579477,-14.711775726649169,-26.80574609892766,-5.406961889356319,1021.0985505726157,2510.164400263282,1.0,21.439306837953207,16.15316948080856,18.2704622224027,18.015356818221644,9.240252885458306,9.16529381908286,1.3086524170713525,9.222221252801079,31.05188570480625,30.577514106797484,15.67391405821071,27.345625990149266
3805,331860422303295.06,-10.998345792606392,7.397455870016793,9.657093782793314,-2.3013872489776155,-10.56761068712419,0.3023085093027544,-15.582990225052095,-23.939774297274916,-0.25061363949371784,1021.098668076563,2816.5339650660726,1.0,16.399555599230546,13.254658182035048,14.636361245316678,12.164777584424272,10.819527223459213,10.81530299642031,2.3211578370618424,10.571933885028711,28.56580446888962,28.56470510540121,15.58500534328973,23.941086036367793
3806,331860455636628.4,-9.232030488785822,5.803796773102159,3.6511871145853383,-3.4032597082095064,-11.202081509432963,-0.9236977759539082,-13.960994777161883,-25.43808413749186,5.614906294356358,1021.089182105311,2885.73231957769,1.0,11.49980918428893,10.904789953471916,9.927817196724817,6.856764858822639,11.744020792165022,11.70763882196159,3.5263854331063205,11.240099987334725,29.555586146250914,29.017331023959738,15.04780873955886,26.05039917698993
3807,331860488969961.7,-6.055504615386919,4.3517228794395955,0.515501166080549,-3.032295583388399,-10.539690437973752,-2.71479366661492,-9.801500673190901,-26.536925366684233,7.246826114822767,1021.0888188350731,2751.8914275167926,1.0,7.4747822455668045,7.4569851928517545,6.0774071444327875,4.382149412293977,11.298229758933237,10.967218928851203,4.070002599179671,10.88371164541802,29.20264221097139,28.289182090748593,12.189581788766953,27.50863312953674
3808,331860522303295.0,-4.485959694550627,4.669828191989251,3.1834664485922506,-1.6484215640128037,-8.87318674442338,-4.581602620267479,-5.414340208201856,-29.829040878754114,9.889218914568817,1021.0986426640578,2490.606167300075,1.0,7.215648851845751,6.475425061247358,5.500753858376624,5.6517036344813905,10.121354614089709,9.025006185821328,4.869124790220954,9.98621677971456,31.88860941428461,30.316443716843427,11.274383824866748,31.425599922462098
3809,331860555636628.3,-5.834793602222402,4.076887371067285,3.6613597984306447,0.12747428308062855,-7.960746078043144,-4.747117367208525,2.543432607673971,-28.340878928295734,12.33639257468788,1021.1192760067355,2177.5157808408726,1.0,8.00446016858523,7.1179931874723925,6.888423038264968,5.479650190471286,9.269565853370858,7.961766626316437,4.748828591442285,9.268689304164429,31.013884787541702,28.45477935001599,12.595857699521437,30.909416044065463
3810,331860588969961.6,-2.6634052169115146,2.8661628486900623,5.849457900870107,1.159197312906639,-6.454952163779962,-4.19766746335891,10.336484660977488,-27.889166741636863,12.353264113293129,1021.120510615759,1887.400871518184,1.0,7.037384070713657,3.912622755222206,6.427276645946025,6.51391182080805,7.786562654976816,6.558212092250264,4.35478478724173,7.699793475777752,32.20639177154471,29.743041819717206,16.107329058518634,30.502602442998196
3811,331860622303294.94,-2.0951067037900044,0.91717109663943,4.389779800465205,1.4863572555977744,-5.040008668269484,-3.3761413096291033,14.469505711798034,-28.264056150815893,12.95761937659493,1021.12883126092,1660.7752832460665,1.0,4.949832483766388,2.287066881570496,4.864117473585332,4.4845701596789755,6.245740581394956,5.2546118094013075,3.688846436740389,6.0663017991866885,34.29465505802526,31.75253479078843,19.423349233653404,31.092712490311648
3812,331860655636628.25,-2.4740169227060376,0.3496674058883649,2.2995802235141025,1.1242962862543713,-3.7351751416504038,-2.768848976106664,19.728947272386858,-26.24705621958185,13.064087600862164,1021.1286211464233,1493.1189654961186,1.0,3.3957467857532784,2.498605016519528,3.3776958030901807,2.326013004933091,4.7835238193799565,3.900714739389242,2.988405392809398,4.649522340121622,35.33850174403991,32.83503191212871,23.66224303229982,29.318566558358388
3813,331860688969961.56,-4.3947908946705025,0.8678852671293396,2.095488968961621,1.246077511915671,-2.5946620474882303,-1.7019688556775148,21.47010405579285,-24.908690996968677,11.483768782887285,1021.1185573865922,1376.8492770889563,1.0,4.945552129319714,4.47966648811928,4.868804886922313,2.268104683637861,3.3439016570578137,2.8783641719521462,2.1093617876974493,3.1030580281992868,34.83224369471277,32.884772393146356,24.348353406860785,27.42844932987071
3814,331860722303294.9,-5.842700018879523,0.571136533271693,2.801826583369547,1.12956425030908,-2.010946036003182,-0.8730470592043351,23.81806999718132,-22.865591541503843,13.143056112100165,1021.1188245225753,1304.3835768451959,1.0,6.504888365954381,5.870548564678805,6.479766640388452,2.8594456006215396,2.4661773096998854,2.3064733588951825,1.4276297009945023,2.1922853663020807,35.53696186928948,33.01720362074173,27.20368324981826,26.373759696120416
3815,331860755636628.2,-8.117908668837668,0.5184353619429165,2.7068667472208223,0.8947176367778464,-1.5366324363601476,-0.16588636775492216,24.28419304206099,-24.355905853493642,12.8479598426332,1021.1086305946733,1267.5877227384037,1.0,8.573000872933145,8.134446286017422,8.55731083593436,2.756066547041765,1.785854748024704,1.7781335422390123,0.9099658985743673,1.545560588097744,36.71515019397639,34.39378114788092,27.473480009310773,27.53688838743697
3816,331860788969961.5,-10.586007604156103,2.717258767915673,0.949611775379458,0.5610207279102759,-1.2916954077330072,0.532806615186413,24.14812033870741,-23.082984562943125,13.08533520182479,1021.1185462234303,1255.2973679865236,1.0,10.970360738417163,10.929183510540275,10.628514454955132,2.8784123637439314,1.5056905966000842,1.408268896022175,0.7737099885172598,1.397268734190006,35.87731720140011,33.40592600461429,27.465573236996338,26.53394380180198
3817,331860822303294.8,-7.745686453145335,8.113944784484755,2.2428796194481375,-2.029413649215406,-1.403627739010422,-0.7469271300122902,24.75155693973956,-22.56728143752155,9.358733148819029,1021.1009021953718,1255.312904593093,1.0,11.439504691351035,11.217475589280616,8.063880431763295,8.418230749569839,2.57809827719769,2.467527221600868,2.1625031554127703,1.5899908701838215,34.77797648760316,33.49510057338945,26.461773506172516,24.43088368502271
3818,331860855636628.1,-19.05670289186681,20.506337212508974,-5.498670475145369,0.9028107461105015,0.3545384296315584,1.0919624194658744,23.493540083531,-24.073180888367215,12.950582695014885,1021.0776268842927,1255.4338298809018,1.0,28.528988204565728,27.99406706754156,19.834144854344494,21.230761711897333,1.4605295843987476,0.9699302765550789,1.4168447934824642,1.1480764014695963,36.04416812580012,33.637248159451545,26.82655434074411,27.335611027091886
3819,331860888969961.44,-2.0078319391379256,17.630419548788453,-3.208229876205747,-1.750653419083312,-0.7467565869206844,0.5827594696743463,23.548791034390316,-23.472539188138313,9.903463528165789,1021.0887697813326,1243.6073024158488,1.0,18.032077570283008,17.744381718226318,3.7847229798760047,17.919945100498527,1.990487727506162,1.9032689756987897,1.8451005374350786,0.9472349231339368,34.692711698190735,33.24914517878724,25.54650952743039,25.47623766949113
3820,331860922303294.75,-4.742859696864332,10.520915585297432,-2.6726506901274054,-3.9549208954602095,0.6965330086724106,2.8876485885078367,21.56517633727653,-26.770848436647064,6.765494123400629,1021.098743695075,1214.9209916765865,1.0,11.84598854332271,11.540553836670682,5.444059130426351,10.855078372098145,4.94621793820585,4.015788530477922,4.896929002962887,2.9704667314887643,35.035796939837525,34.37637497578475,22.601520771656052,27.612501457703846
3821,331860955636628.06,-3.2589055069630124,10.900127790864103,-0.677506823684762,-3.2205733253911544,0.7765091897491367,2.080358279977347,18.99168633577739,-28.068477330457668,1.423909384027265,1021.1081746874918,1174.6410032429455,1.0,11.397028843370592,11.376873514304437,3.3285853751185748,10.921163003696417,3.911898469931985,3.312862669351976,3.834055700859254,2.2205533307793277,33.91977428375505,33.88987414445456,19.04499062248324,28.104571471280913
3822,331860988969961.4,-1.0250100465673637,8.788209511631948,2.115113347522549,-2.737190185424333,0.4154512058242574,0.8425816774314586,17.363371007739072,-28.933472446534875,-0.5368685688425161,1021.1450112372082,1128.8127246204117,1.0,9.097086153751118,8.847783452136602,2.350393598619617,9.039155430304664,2.8939166710096083,2.7685392927686836,2.863940291683209,0.9394379104358308,33.74789931872793,33.74362874035314,17.37166890694745,28.93845289013571
3823,331861022303294.7,-1.703435182298916,10.94721782085294,3.8935373921467287,-1.7620641186157693,0.518227328552864,1.0189382431844058,15.461433028598401,-27.81632405500921,-1.6221618814579135,1021.1488402565456,1083.4815433144706,1.0,11.743206668603712,11.078956152882542,4.249861744143978,11.619002170636037,2.100396311555495,1.8366898274265597,2.0354618889915113,1.1431512181171664,31.865894062473323,31.824578476880376,15.546296036917882,27.863583637122833
3824,331861055636628.0,-2.562739854999897,11.206520852828469,4.512807955605276,-3.07099351143292,0.690941934087531,1.2664960848234934,14.202317863403662,-28.769566181539542,-6.074266691132422,1021.1585278683333,1045.7648063766144,1.0,12.3498656200567,11.495814246467459,5.189708200716026,12.08104073617226,3.3929948771574874,3.1477614114706522,3.3218990773556523,1.4427103275272743,32.654103674762524,32.08416698259655,15.446764985852397,29.403820399889952
3825,331861088969961.3,-1.4002217609488194,7.695736451237231,3.676253998790072,-4.291335480705371,0.6687901293005326,1.3289435364476367,13.700687680707189,-29.471514502295285,-12.396079950379717,1021.1487791425435,1029.1092823088075,1.0,8.642905991063193,7.822082875215273,3.9338866841146563,8.528728099225663,4.541908339902576,4.3431371662671,4.492399262201296,1.487740286513669,34.784217802323646,32.5004463043707,18.476245318259004,31.972378159830516
3826,331861122303294.6,-0.704729603508273,6.3502716339492915,3.9404450395963453,-3.992309311142735,0.5213243622324938,1.2182412048947162,12.08673787243189,-26.192906680206498,-13.115195069723843,1021.1597191118901,1049.2766029888965,1.0,7.506643773956599,6.389256109986665,4.002967764564232,7.473490277977248,4.206474100692577,4.026203264428424,4.174044234209828,1.325100269398677,31.688577350076702,28.84714184724174,17.835290132593524,29.292946285324643
3827,331861155636627.94,-0.09149001413710608,6.266394561380884,5.35337344996788,-3.633855127012023,0.6964373145177073,1.0368813587150638,13.414141208817894,-27.69298476419324,-18.385699939985695,1021.1584615284744,1122.0318442461291,1.0,8.24224960289433,6.2670624076668275,5.354155182426805,8.241741811882056,3.842531843617565,3.6999902725769704,3.778892170486261,1.24905879969817,35.84514683751672,30.77077492556769,22.759023411677763,33.240568097326936
3828,331861188969961.25,-0.10847413378968808,4.447058140883314,6.075080965147835,-3.7138569857294805,0.7882930976427402,0.6867828080271227,11.757295884738129,-23.698465111284182,-21.360401312317602,1021.1491670954937,1262.6845905291661,1.0,7.529588400384149,4.4483809128825715,6.076049322611114,7.528806999883721,3.858213361602034,3.7965958065407555,3.7768246366297284,1.0455030526941596,34.00173524065049,26.454701947896403,24.382386075701035,31.904294269800314
3829,331861222303294.56,0.5248732378140712,3.280136198042753,7.006001378514833,-2.182908059286663,0.7807988570094939,0.5809537647448731,12.751447045499422,-22.02336644478692,-22.725160535542873,1021.170815658038,1465.2120784255983,1.0,7.753634032454429,3.321864746416355,7.025635005572462,7.735848291781717,2.3900296498531644,2.3183473532682712,2.2588923994006236,0.9732184399602041,34.11833807033598,25.448537704857273,26.0582486579657,31.64587794528004
3830,331861255636627.9,-0.35143183473636164,3.4818995548323395,7.884020156217919,-1.2608765167685896,0.8670224462557636,0.5650135186338756,12.18328616758759,-23.67322790509953,-23.08755134989668,1021.1681478827732,1693.5788977376556,1.0,8.625827651191404,3.4995898108789563,7.891848842832495,8.6186656933421,1.6311890721460995,1.530208323350066,1.381683707212879,1.0348759338927356,35.240448473625165,26.62431560224815,26.104932276783387,33.06745751915165
3831,331861288969961.2,-0.4514861688749035,2.2760869605868828,7.426868639006979,0.3052102188879352,0.6167166032678058,0.19705967839600566,12.847480024551123,-23.503675544998217,-23.167148322297965,1021.1771020849698,1909.494409266249,1.0,7.78092471329111,2.3204334967499007,7.440579113331886,7.767814984486886,0.7157689315060682,0.6881080194706362,0.3632984923766661,0.6474348504642898,35.41464765451071,26.785826608596334,26.491026865121587,33.002113955198396
3832,331861322303294.5,-0.1734152292355956,3.9847231879802476,7.648940874642056,1.1485133656690207,0.7894045328178467,-0.023849090900648174,13.570575884892602,-24.183160836096995,-22.078443695898766,1021.171519517429,2074.667973812287,1.0,8.626377468574413,3.9884949199614512,7.650906439468517,8.624634217669607,1.3938476411324632,1.3936435941637821,1.1487609543578547,0.78976470899259,35.44634641123308,27.7305931756276,25.915597733423024,32.74573169219933
3833,331861355636627.8,-2.415045368816349,4.242300072590631,7.74440393396969,1.5250716599957455,1.0603856157161407,-0.4397389256006995,13.595767876366928,-23.60247616963265,-19.661070220169865,1021.1888097742805,2156.8314404023813,1.0,9.154526002575391,4.881552421038185,8.11222758716288,8.830226622142135,1.9088298889184272,1.8574878794059135,1.5872031662048296,1.147949466094286,33.59284846047709,27.238241233349264,23.904028663606084,30.718635443986233
3834,331861388969961.1,-2.5843985523441275,3.6871365339011417,6.904183212444704,2.078228065175169,0.8976826481899373,-0.6679458385158402,15.990834924267196,-26.05666036757363,-17.59517199652767,1021.1886221484291,2159.0364632198052,1.0,8.242683878931073,4.502676059521376,7.37203240011611,7.827050635496859,2.360300334900975,2.2638166948193983,2.18293003416792,1.1189217041651875,35.273877426129914,30.572149925810677,23.775972727999058,31.44105003174153
3835,331861422303294.44,-4.16668044120721,4.57444318763123,6.01293736249592,2.897742591661515,0.8475300469477989,-0.8351561908891012,15.616048418573007,-26.471915206785162,-15.609476232468678,1021.1992177087866,2097.170369215949,1.0,8.62798772028008,6.187629301760447,7.315506928739668,7.555193326590999,3.132523770251221,3.0191421476983376,3.0156919588561406,1.189871019757911,34.471423109271896,30.734724058081927,22.079780715922453,30.731385308300503
3836,331861455636627.75,-4.7657181741369365,3.957112100211779,4.971873653777255,3.1579717487511263,0.8338975561288303,-1.3087527396661316,18.41891113372507,-26.507018273504766,-9.70638402234745,1021.1985324320948,1987.13872082387,1.0,7.9429423715689875,6.194417316337476,6.887060137999631,6.354389333584059,3.5186651494013303,3.266216572737926,3.418423510844414,1.5518436995075378,33.70596676989489,32.27813974044937,20.81994664117426,28.22828206854249
3837,331861488969961.06,-6.892052760488893,2.316295244768473,4.404325640039834,3.924161734914718,0.9081708924166335,-2.005699203522297,19.514025903619522,-26.853239523759466,-7.30222422626909,1021.198480712144,1844.8616233585637,1.0,8.50080580049985,7.2708744257000895,8.179148830830433,4.976274510560017,4.499627649774111,4.027880297576098,4.407025597472616,2.201727427462991,33.988470964994036,33.194783925905156,20.835539004735274,27.828383919500407
3838,331861522303294.4,-10.758821515825977,3.168062742983052,1.98613074604815,5.322105215563548,0.15326371443672498,-3.2717185497938384,22.4572380267117,-26.502142186087497,0.24612543771726003,1021.1890275824856,1686.946737506705,1.0,11.39006485026644,11.215563380984358,10.940610392011854,3.739162591259583,6.249194824995998,5.324311569742295,6.247315118880575,3.2753064032587913,34.738331249083856,34.73745932332969,22.458586721329493,26.50328504511639
3839,331861555636627.7,-8.251943328776704,8.146894045374607,1.588931432101392,5.07607816532246,0.04723671044193809,-3.4471789287240853,26.01937899877591,-22.04933007234453,5.561504393525848,1021.1886611701359,1530.972809425168,1.0,11.704322038624126,11.595967026854751,8.403527342566461,8.300396718379188,6.136109794806163,5.076297947055196,6.1359279744063775,3.4475025559747894,34.5559165880511,34.10544003705476,26.607112105622214,22.739905183584302
3840,331861588969961.0,-10.755024258652819,8.157550700112914,6.526518273758621,0.3665698209032949,0.16125096466764818,-3.5860445251831377,28.834006223786503,-20.99902541335831,6.088510370383951,1021.1988531543428,1394.591961837747,1.0,14.993719385356941,13.498747357778177,12.58038105869277,10.447060553218686,3.60833627088708,0.4004688592179432,3.604731442173332,3.5896681197851987,36.18603241244472,35.67014134012125,29.46981291836838,21.863874927403447
3841,331861622303294.3,-12.639756217399064,8.40670144002381,9.23851471881355,-4.000177834570358,-0.35117571879612364,-3.2609506081081925,28.575095616966987,-17.54523873926679,3.663048946297536,1021.1986554207557,1295.4563174682366,1.0,17.770374800400564,15.180120761607158,15.656103967622753,12.490908025897596,5.172866319767133,4.015563110406805,5.1609322391123476,3.2798053683097055,33.731134275616135,33.531649108516476,28.808922525873427,17.923541223788327
3842,331861655636627.6,-9.104256160881183,1.4789320098771803,6.739351478407933,-7.943784628682112,-0.6647539161103821,-3.561623947189693,31.772827995926622,-14.866016329124092,-0.5093608121578143,1021.2093259573445,1247.2064200238842,1.0,11.42337859314404,9.22359583529018,11.327238789416517,6.899717257928657,8.731023830975687,7.971550162664116,8.705680867576142,3.623128884014365,35.082338701880815,35.07864079973058,31.77691060024087,14.874739995534249
3843,331861688969960.94,-10.405046583015572,-5.500278263485292,7.702859122460829,-7.7601876529555485,-0.5615690192930415,-3.1511725929812275,32.857386704696225,-9.485448901671711,-3.1256637663010594,1021.2093141764766,1239.4453936980908,1.0,14.065990687860234,11.769369370127391,12.9460045209015,9.4650462035981,8.394388654528067,7.780480201922854,8.375583628609997,3.2008199690369628,34.34168568821485,34.19914621636296,33.005721247109804,9.98716750866793
3844,331861722303294.25,-11.373859555088158,-9.49761861213459,11.066260541004542,-7.397243421482379,-0.8160647187023342,-3.2549069489844067,33.15533004294584,-5.43586927857457,-6.820190235177641,1021.2101399788605,1252.8633920922005,1.0,18.49409535072829,14.817875707416214,15.869051753027474,14.583102607571528,8.122782227064938,7.442121462444365,8.081684817116498,3.35564909840968,34.28322592631024,33.597984836451396,33.84953330698489,8.721448827904872
3845,331861755636627.56,-13.7163554398788,-8.984571056359375,13.259002726808571,-6.121465082379424,-1.1177461086569191,-3.518131706467815,33.385002786354036,0.7615058563839922,-8.563685511736654,1021.2087149927813,1268.1359571837463,1.0,21.08701204365807,16.396979100427718,19.07720000059259,16.016356338951994,7.148352385148787,6.222675559452558,7.060423886626402,3.6914234473264953,34.474265935014515,33.39368656219576,34.46585441547612,8.597476415392798
3846,331861788969960.9,-14.924033621054708,-6.908251897237865,11.667486831170782,-5.712502696614055,-1.591181428826771,-3.7254320067730147,32.747147895540984,5.496517108135929,-9.508810365527472,1021.1976886894437,1266.147880677521,1.0,20.163853122694718,16.445386094526995,18.943522071618965,13.559284392298666,7.0030985310328795,5.929970100958862,6.819936267730928,4.051012463142025,34.539902579191335,33.20523144946388,34.09975322286068,10.983131378964455
3847,331861822303294.2,-13.714175071283353,-6.657954248869282,7.679386738138623,-4.171654212355886,-1.4181301282541892,-2.461963888622128,31.65751952477144,11.289267241791352,-8.187233937922672,1021.1987032197137,1237.7119970686408,1.0,17.06985452016934,15.244899234361842,15.717874492427695,10.163726455091945,5.047282250578844,4.4061084789334055,4.843961710867046,2.8411897595094966,34.5930180364787,33.610208230801966,32.69907249472923,13.945549627420789
3848,331861855636627.5,-6.557864013833078,-4.08330239803108,-4.201704648899981,-1.5704260362860145,-0.37431967863899,-0.9936526356881465,30.65245080641692,11.73324446227362,-8.759617396364016,1021.2088091479912,1187.6836623110553,1.0,8.79393318454723,7.725214488782383,7.788446724508977,5.858982883603098,1.8957053351381905,1.6144203781114135,1.8583819563951331,1.0618195619908295,33.97017313735635,32.82136142897311,31.879517520980336,14.642401529194506
3849,331861888969960.8,-4.389416916171223,-0.19928058096119525,-5.11893834653186,1.0507187921493046,1.9355097389176121,1.287733149722825,31.48351092584028,10.927132524909553,-6.125398237675577,1021.2080326954585,1121.9815154378905,1.0,6.746126548584207,4.393938280622331,6.743182531977347,5.122815880503863,2.551169260263945,2.2023187620370983,1.6620068125825362,2.3247482905338357,33.88412886595374,33.325871112912274,32.073851714248846,12.526880249569535
3850,331861922303294.1,-10.049504663368033,3.4600544380777567,2.946676157637689,2.272626244251123,4.8711286924134605,1.9872785307494787,33.45448279199972,8.101304635007915,-2.4487428237191193,1021.2087162186938,1046.5241954822704,1.0,11.02938897090441,10.628476875522542,10.472604468662333,4.544763700397634,5.730794076119857,5.375195325205647,3.018957767978342,5.260909683394258,34.508403282187984,34.42141129688622,33.543982475205915,8.463301850100622
3851,331861955636627.44,-17.911306581699414,6.304727316584146,11.72939512731802,2.302500094090237,6.07129164651467,3.3206833181351505,35.74503235867206,4.533305998439127,2.9801721574379023,1021.2195534207502,967.2149784613067,1.0,22.319121847708587,18.988535751871733,21.410128759920628,13.316467121171216,7.29308073722384,6.493234089444517,4.040846988271967,6.920080921230609,36.15438600897497,36.0313502605439,35.86905023011455,5.425153395384527
3852,331861988969960.75,-18.43728720160703,1.1210641858579968,14.998558563636598,-0.40489805297058235,6.50172760373235,3.0128244188531905,35.337960904920536,3.111876319150603,10.42226094564771,1021.1979264257708,889.8649285234362,1.0,23.793845911289594,18.47133845348939,23.76742136499833,15.040397065757611,7.177291637189661,6.51432300906507,3.039910099351202,7.165861623836541,36.974028430271915,35.47471289726504,36.84284196607077,10.87691580572654
3853,331862022303294.06,-18.80349198468165,-4.319457364278174,10.587179856089648,-1.6891920643849279,5.946485237755299,3.474901934035768,31.848020733934955,-1.7611832763447632,16.421433394285266,1021.209988925798,820.2508638122964,1.0,22.00721245512467,19.293237746417887,21.57914938368001,11.43442561858738,7.091473751230292,6.18175189677026,3.8637175468124654,6.887352911968953,35.87564167962679,31.896679940113316,35.83238618055039,16.515605991177672
3854,331862055636627.4,-15.371086649204797,-6.343114062873156,8.77256561664274,-1.6161071380886116,5.182079776117909,2.8731138706494574,30.137499507274462,-5.490363968317363,21.849067944525846,1021.1894436474528,764.1495457115551,1.0,18.800619891117513,16.62845154522757,17.69825449799116,10.825571740694421,6.1417046820528185,5.4282366462628735,3.2964504539730717,5.925262367167259,37.627048025324456,30.6335269444373,37.22432869234146,22.52833474869158
3855,331862088969960.7,-11.178195183975987,-5.456209361522912,2.786154110507752,-3.1307768109527903,4.821091222245299,2.4642561208331593,28.076991614182102,-8.568444282151658,23.447636904484902,1021.1877681163279,727.1807196898965,1.0,12.746957397564858,12.43874061823922,11.520186730195096,6.126408027896078,6.254377846138981,5.748450574999353,3.9842592371811616,5.414377046556174,37.570299066200576,29.355335043551957,36.58017406338322,24.964172604372447
3856,331862122303294.0,-12.314197329256729,-5.518724359788269,-1.2326252047180284,-4.445932454484621,4.789253114612963,2.407899344984843,23.057827975902605,-13.310310673289859,26.12468279401037,1021.2092696947373,707.1205042668513,1.0,13.550466387490141,13.494286732658157,12.375735160352281,5.654704541762248,6.964283167796097,6.5347732007828405,5.056114579933695,5.360496679544574,37.300493995032724,26.623820183921968,34.844834366861015,29.32001741655614
3857,331862155636627.3,-12.76019596694636,-2.143496488309997,-0.7684680672995389,-3.2005352274932295,4.286326756772356,2.5985047151806553,17.347269910134127,-16.93639773952626,26.291689029223317,1021.2048402467893,690.4168075244141,1.0,12.961779255979117,12.938979028898355,12.783315074163403,2.277085937301528,5.94712111555363,5.349394620725579,4.122578379757168,5.012466839854277,35.76342061011302,24.24395474600782,31.498899748156706,31.274502080781588
3858,331862188969960.6,-9.537805017395161,4.010750338325249,0.5515170191285834,-3.7155849630049316,4.295800599350052,2.1227115182058354,14.577234107163749,-21.286759215477918,25.160185059109914,1021.2087400188616,662.6339490960324,1.0,10.361467745865587,10.346779345585002,9.553737256814047,4.04849222535558,6.063446099060199,5.679742459538516,4.279191022475169,4.791639278879409,36.036880890574444,25.79964868196449,29.078010014849983,32.956957233737334
3859,331862222303293.94,-9.255451118460948,5.48144634228412,-0.6626970408852542,-5.08544544738446,4.0518918878294325,2.034050560252305,9.4384354944631,-24.849270610027876,19.741680102345523,1021.1998520713483,609.3362486151549,1.0,10.777235117485285,10.756841051608042,9.279145584277579,5.521360463811255,6.812998235038962,6.502275237867226,5.4771449752572785,4.533783139092637,33.110485464530434,26.581390378111077,21.881910287872174,31.7367323950299
3860,331862255636627.25,-8.547213545624757,6.325363977752302,-1.9338616676108045,-5.5141644736035005,3.050612533227754,2.0630691934052616,6.839835850014852,-27.800748549509052,16.568630045103976,1021.189069184229,522.8968010105935,1.0,10.807632016080682,10.633206893762472,8.76325740486754,6.614382087580129,6.630874841724511,6.3017653613759075,5.887466716570787,3.6827287878235198,33.07845939489474,28.629791727642345,17.92492276208382,32.36357708110387
3861,331862288969960.56,-4.59445431558357,8.910037562991429,0.20459430642740128,-4.962033710162493,2.30298027121932,2.3212758192687373,0.8543160803817565,-30.65910102703009,8.473848547626295,1021.1691479551296,435.710089459654,1.0,10.026945629758108,10.024858095349915,4.599007424239169,8.91238622391,5.942543066695951,5.47042015483403,5.47814749435525,3.269868431412365,31.820063497091652,30.671001479424117,8.516804868805385,31.808592942689966
3862,331862322303293.9,-3.4192086107875914,9.814116611618681,1.43435135808681,-5.103969349064648,1.2072528448425102,2.824574681835345,0.2054822987587261,-31.886018341441094,4.15771832866392,1021.163250160975,394.745750612709,1.0,10.491198034970994,10.392683599077467,3.7078769319557368,9.918379337618381,5.957028175259621,5.244803385025194,5.833414544626213,3.0717554532621203,32.15660134943258,31.886680426877632,4.162792893672597,32.15594482162242
3863,331862355636627.2,-6.101632741324054,8.703589484483151,2.823279209137621,-7.175392181269299,-0.5119934555172673,3.4004189262505657,-3.4118428953693436,-28.55547361909456,-6.190197819343714,1021.1386258556693,446.99445075753044,1.0,10.997876954992366,10.62931757096397,6.723156074549099,9.150047836331483,7.9568359997876135,7.19363539898382,7.940346455226222,3.4387477622668925,29.417244850531045,28.75857690417743,7.068183711908593,29.218720414374978
3864,331862388969960.5,-6.086750676971953,7.703226913709635,4.298091877169739,-4.265531292306712,-1.9629108749928128,2.248829370242684,-6.935775734703853,-27.500388326087354,-9.114578816179357,1021.1328169534783,638.2159925462818,1.0,10.717361264430322,9.817751203188998,7.4513171713604445,8.82118465222744,5.20624719402363,4.695505969415098,4.82203180641873,2.9850046297503723,29.79013075036855,28.361529280483243,11.453407005710233,28.97148434378099
3865,331862422303293.8,-5.107435092865822,7.58636473995992,9.559643118434867,-3.4670499410884377,-3.7251991022688085,3.062909235178363,-10.677792537456778,-26.01692243953927,-12.926942782539825,1021.1261750841063,962.9417271682742,1.0,13.229724099443025,9.145426353951162,10.838480971966339,12.204085648648416,5.939609130951849,5.088962924363438,4.626213168125983,4.82270892077111,30.95159699274059,28.122864482445056,16.76666643003391,29.05143891321152
3866,331862455636627.1,-6.250791514319646,9.51955237173554,11.144153955668548,-1.7606377463286889,-5.3588394109527275,3.3902665612581604,-16.28070620807073,-22.433528632825592,-8.71672771378975,1021.1389427627531,1347.1320753102234,1.0,15.933814336226877,11.38833929568777,12.777502179343719,14.656535905385647,6.58110267831788,5.640656442842229,3.82017704173283,6.341219692517002,29.0569431219058,27.71866882722398,18.467342436578768,24.06749984847109
3867,331862488969960.44,-4.932120137887784,8.776182604175888,10.696411134689942,-2.0050242285017608,-7.186043625969031,3.8034643942364244,-20.637752318219945,-20.246561907728854,-4.056619270320758,1021.1288008219022,1711.9553981767713,1.0,14.688784882307885,10.067134158060957,11.778752914331685,13.835989023707645,8.374108104713807,7.460519093951119,4.299588765812764,8.130532848009064,29.19411327195994,28.910899152943855,21.032664611326126,20.648957092013987
3868,331862522303293.75,-2.313162739248745,5.064063577911322,7.682359903908089,-3.0041746338883626,-8.246157417223493,3.1896045161754643,-23.406442175816522,-16.731852972594286,3.236559179703396,1021.1385539212448,1978.580056972559,1.0,9.487576902062585,5.567356803670552,8.023052757611872,9.201271304243926,9.337973781829504,8.776341913378735,4.381625520341189,8.841532057241944,28.953268460574137,28.771799374150284,23.629152558937967,17.04201335582843
3869,331862555636627.06,-0.8033133863782429,2.9661849616575306,5.325720169668293,-3.061922470242342,-8.487107298232345,1.4801202751688205,-23.113350322781024,-14.341544490643983,9.521799238743078,1021.1595858428282,2084.0486669999855,1.0,6.14872840098743,3.07303850016523,5.38596395479455,6.096027276216451,9.14314582266134,9.022547284746349,3.400900651701074,8.615204369060235,28.81963778855749,27.201229044304643,24.997832383759395,17.21466116773865
3870,331862588969960.4,0.06707772699355882,3.223870283711069,2.6123858755623557,-3.163995688096499,-7.846771090707775,-0.4226672474312543,-22.5067160348595,-16.327228101239303,16.30359532622361,1021.1580329458588,2051.5576155553445,1.0,4.149987830161868,3.2245680373739845,2.6132469045798787,4.149445694190127,8.471206104582253,8.46065513209589,3.192102178243101,7.858146355981059,32.232559077816965,27.805226921276873,27.791356340327514,23.073482572666805
3871,331862622303293.7,1.2361874080442103,2.0421499138874992,0.5225142230798461,-3.090650670555537,-7.529459775818761,-1.677219711284083,-18.45772332813846,-16.618808277654868,20.49101502677153,1021.1480031088697,1933.392957980989,1.0,2.4436768796055093,2.3871605682479307,1.342080631380916,2.107936759988652,8.310111433849606,8.139096146568003,3.51641685915155,7.714002234611588,32.19866512535781,24.83691484519679,27.5784199562898,26.38307194768696
3872,331862655636627.0,1.400143590364277,1.7878748114938208,0.7264712868216152,-2.9496477326008783,-6.502312485379279,-2.5615812794344266,-12.44636875618551,-20.091210398963174,21.266318475350868,1021.1587563813156,1781.8633474592002,1.0,2.3842522823284633,2.2708805374154393,1.5773910752297358,1.9298333793751,7.585656731958392,7.140062282918599,3.906676387619842,6.988688454114132,31.79347624915222,23.634060812952917,24.640787258324366,29.255991468252372
3873,331862688969960.3,-0.6094089544423551,1.8979079728063828,2.2964475138814597,-3.2600607470620253,-4.980801114385272,-2.9917403925428943,-6.400738634459811,-23.045471040480212,21.57910071512832,1021.1589059780197,1648.554363380108,1.0,3.04090531437743,1.9933474225524657,2.375931492650169,2.979215644637758,6.662348414183161,5.952846026531862,4.424760632046362,5.810240125625986,32.213673777107914,23.917842514413348,22.508377168074958,31.571368724704726
3874,331862722303293.6,-2.632693595320959,0.7200733186119059,2.789875073792111,-3.6655103939046163,-4.084766789857817,-3.77944030660364,-0.3185390675386923,-27.092475236861702,16.85584666728632,1021.1630739706519,1558.5422198125514,1.0,3.90294556436383,2.7293920845163964,3.835945580194085,2.881303266152888,6.663741832223718,5.48828626944223,5.264991498473952,5.565023697946447,31.90961059725706,27.094347779518756,16.858856248530493,31.9080206426383
3875,331862755636626.94,-4.348997184270083,-0.020459890177796217,2.385213145576609,-2.6674698016595966,-3.5252512923522445,-3.9984731557081314,3.600259418863962,-27.72217146385393,15.396977500380938,1021.1688526429019,1503.364648303648,1.0,4.960185164459756,4.349045310857913,4.9601429675585536,2.3853008944235,5.960753257258314,4.420722997089623,4.806577027332906,5.330589484395672,31.914692144867583,27.95497555989695,15.812298505604918,31.71097139506379
3876,331862788969960.25,-4.059366158897221,1.0191041113375499,2.9107832375086495,-1.0539036427951356,-3.0460565376547377,-3.9306626870505355,9.346545796814052,-26.819760857910108,12.69941872423378,1021.1601661345719,1472.4060603680064,1.0,5.098008028387795,4.185334729952323,4.995108874465232,3.0840285740418216,5.083235434077135,3.2232240565753454,4.069498992218599,4.972782881843979,31.111617231202384,28.40171633559193,15.76810560166826,29.67448076056103
3877,331862822303293.56,-5.628404171034733,1.9227546355985177,2.3635506034198848,0.3753485022612549,-2.5875763385503476,-3.3681980745391895,14.474531921118208,-24.354630374910908,11.927472993647521,1021.1487802955573,1455.0508675202334,1.0,6.400178931573965,5.947765874783301,6.104531510889896,3.046860161484621,4.263941378033344,2.614658257970894,3.3890477670695747,4.247388559709969,30.739627633531835,28.331256502915696,18.75571076631491,27.11849244911531
3878,331862855636626.9,-7.0425517193912475,2.4177088068871155,0.6143104704853195,0.630250312100303,-2.5464824345336123,-2.575236344561607,17.86308547041466,-24.467500742029486,12.147581124196028,1021.1387463386152,1441.477898143203,1.0,7.471293592768793,7.445995608056731,7.069293605053373,2.494532667464472,3.676089019004,2.623316268636087,2.651237010577055,3.6216591528937756,32.63911981431908,30.294362760826523,21.602165393595683,27.317070116140513
3879,331862888969960.2,-7.515644402734536,2.881094283479192,0.6632391210638799,-0.3343461045298231,-2.4170355832872907,-1.855500000546092,19.51905468513665,-24.051639128769022,11.819906254234134,1021.1394181718823,1425.8497619160796,1.0,8.076230630087345,8.048951177554219,7.54485234580933,2.9564489513614247,3.06540838723289,2.4400508864552806,1.885382605637597,3.047120158921121,33.15395940820299,30.975390886668208,22.81893248292387,26.79909566831344
3880,331862922303293.5,-8.593892343348607,3.0057515691076993,1.0037192220892448,-1.076780930833003,-2.239172649980519,-1.0992156709601082,21.18131447640658,-23.174949569462697,9.428898454798611,1021.1285254153718,1403.5751937135126,1.0,9.159529484697925,9.104368627437006,8.652308240340103,3.168910660145665,2.716914871818889,2.4846229753075955,1.5387437292446944,2.494427639300259,32.781557262681616,31.39627956455303,23.18517218006661,25.019640557331012
3881,331862955636626.8,-9.536140193527467,19.199285458729786,8.857214592863514,-3.2733451086506182,-2.779048914932132,-0.5104574339281734,20.636572987169497,-22.88019518983605,4.217053623563224,1021.108305203308,1370.0633540065598,1.0,23.194843872301394,21.437129749954938,13.014922978436886,21.143859923623864,4.324172506244972,4.293937711694522,3.3129073322656435,2.825540596671369,31.099116029941722,30.811872331615465,21.06304075670893,23.26557270279424
3882,331862988969960.1,-19.249623581822327,17.72199046530389,2.257536390280791,-0.21355960813874603,-1.3934639927365793,1.5443958744631607,17.986924440390247,-23.577936778544107,3.738383388132894,1021.1188897487823,1320.8667627935404,1.0,26.262395638014713,26.16518591743946,19.38154995337814,17.865201275265946,2.091054332708879,1.4097338774682775,1.559091505745319,2.0801203128935115,29.890200131715392,29.655497863926193,18.3713080966211,23.872465584637272
3883,331863022303293.44,-4.793124472925185,18.236318965880027,2.0662569930676167,-0.20845901564324057,-1.4051610277748061,0.24057087141551012,18.059739418330917,-23.55052840344529,1.708765431956171,1021.1299623981312,1257.55570128324,1.0,18.96857373656941,18.855698651555446,5.219526815177326,18.353003770138457,1.4407661223646664,1.420539571845888,0.3183229576649581,1.4256057863767135,29.72711649724788,29.677964484436917,18.140398759659718,23.612438827510633
3884,331863055636626.75,1.3507476332638166,17.08109239580018,-2.8349095712861834,0.8197177699058038,-1.1340916884575196,1.4763604923684903,18.754015513789817,-24.17333265389538,3.7685694712540423,1021.1502873236064,1189.7851707145414,1.0,17.367352961231614,17.134416727820952,3.1402597736712505,17.31474601925286,2.034143919085939,1.3993216857205395,1.6886614597739462,1.861667065093799,30.826372237858635,30.59514846323439,19.128910417248996,24.465325002042228
3885,331863088969960.06,1.498349030162183,15.591371262568297,0.44263294958036037,-1.2188017036797496,0.16000331491320607,2.665315561084053,14.676948835660202,-24.574458718447886,1.5279670943540034,1021.1793865983175,1127.7782540620608,1.0,15.669455369970033,15.663202343819366,1.562361592027327,15.597653085489968,2.9351295872299534,1.229259392348041,2.930765195823347,2.67011387415219,28.664464618595535,28.623711297266933,14.756270211879965,24.62191513156781
3886,331863122303293.4,-1.6223667840750717,14.41045685960745,2.3965773904002474,-2.9584461453924873,0.6607533861831189,2.4560887759917596,14.73415704731078,-25.55092202842615,-1.7696395596572776,1021.1890143297085,1081.7580343004151,1.0,14.698194585487538,14.501494436253028,2.894072765195746,14.608382870488612,3.9014575107378553,3.031336113422615,3.845097615242085,2.543416425382434,29.547870051302084,29.49483006219108,14.840047441498358,25.612130732795674
3887,331863155636626.7,-1.3775427890735799,9.144427106352197,3.603589770483956,-3.183096705325486,0.5742181914936455,1.7281639048128796,12.007606948807746,-25.12633581097677,-5.643639257212616,1021.1888252072517,1061.144601809451,1.0,9.924919670861525,9.247603540329647,3.8579117887356142,9.828855800006703,3.6672035188675167,3.234475408299806,3.621968403693227,1.8210648020705722,28.414187301215936,27.8480767006095,13.26775371728792,25.75234776387436
3888,331863188969960.0,-0.5138675425558296,9.852347841566447,6.121925267394317,-3.812692053413338,0.7799501707462517,1.9821474999490079,11.075594310989292,-25.484996630551283,-6.546663461811981,1021.1923813256485,1070.8316835025437,1.0,11.610804744808707,9.865739599366659,6.143454144929654,11.59942787256251,4.367362095654816,3.8916504163411596,4.29715363999419,2.1300776935128938,28.548426315351474,27.787656299170475,12.865752672262994,26.312427781210808
3889,331863222303293.3,0.5213927506861563,8.20249390070492,5.80007381499499,-5.298194528155046,0.6580967297416612,1.9913764411620893,8.189658941319728,-23.56415588053212,-12.61972894393288,1021.1887261884269,1114.1284487163057,1.0,10.059503608576321,8.219048399393294,5.8234617419416965,10.04598240345323,5.698204690451558,5.338909679313628,5.6600746804779405,2.0973009884401566,27.957065556948066,24.946742391285373,15.044203940171625,26.730637870809474
3890,331863255636626.6,1.8302753519188881,5.0721485136521895,4.803766479318143,-5.130752285121561,0.43792936497363294,1.8283310821504932,8.247999142465428,-22.363193073959298,-14.910898646890761,1021.1837658392265,1194.3423814324137,1.0,7.221687531055782,5.392272100736935,5.140630336025188,6.985904589411793,5.464356841014679,5.149407843624967,5.446780109132157,1.880046987355317,28.115419128569652,23.83572726638085,17.04008181646905,26.878379841817658
3891,331863288969959.94,1.4601771277607345,3.0781762448293737,4.430292027627213,-5.1319372666701035,0.5391321688915415,1.4219987719912233,7.50099392110282,-17.9512956185457,-22.303235320369417,1021.1787170178709,1314.472429571139,1.0,5.588807895135123,3.4069467619361844,4.664719144224315,5.394687798593085,5.352525022091504,5.160178640761491,5.325303805097129,1.5207708581762884,29.59642258693799,19.45543430995154,23.530814171213784,28.630112122382474
3892,331863322303293.25,-0.4129308662487154,-0.5671056767092819,2.276515988473057,-2.651947136309126,0.9896633342843647,0.8286960444179015,5.8275469550794226,-16.63687778305962,-21.60377229730693,1021.1907250157141,1464.667179671127,1.0,2.382151505389669,0.7015131850912049,2.3136631012475375,2.3460890635969793,2.9494057474411512,2.8305930701895354,2.7784097516046926,1.2908023277251721,27.88313080261979,17.627989275073837,22.375953186122413,27.267355571128437
3893,331863355636626.56,-0.35864738622689096,1.8716431770779636,3.9695191895097435,1.3774640884825158,1.5147968942948977,1.0905487087443766,5.564403909431586,-18.575400778314496,-21.82378308755416,1021.1910673541188,1617.8693155172264,1.0,4.403266824283531,1.9056957075960144,3.985688214541307,4.388636551161259,2.3197658140787536,2.047441561076759,1.7569017619670702,1.86652246627505,29.193931102112973,19.390928418781407,22.521991455462203,28.65873378793316
3894,331863388969959.9,0.4702764091308542,4.701911739849516,5.017775921605446,3.554337225896493,1.6372419797399838,0.9533568437172935,6.379501226607891,-19.590569679725405,-17.832044033908858,1021.208615778347,1745.8185458757578,1.0,6.8925473599942055,4.725371298672699,5.039765381486363,6.876485236570939,4.027749208562901,3.9132945730696633,3.679973150290118,1.8945845380149973,27.248307299788962,20.60311763487429,18.93884448237421,26.4909836511112
3895,331863422303293.2,-0.2643719077619079,6.346305889979265,5.71513306293119,4.382722272877932,1.6016760189841408,0.9073026171322637,8.107234872361758,-21.58181229685348,-15.472308869156995,1021.2087396568055,1820.2545795130427,1.0,8.544485758769126,6.351810053425652,5.721244482857109,8.54039486067212,4.753611114723653,4.6662212325359365,4.475651076685421,1.8408052881399326,27.764981920304738,23.05432452474491,17.467672970897777,26.554980018053307
3896,331863455636626.5,-1.428096729914888,5.359688709330468,5.147550703492699,3.876515217936024,1.7852458586079547,0.37184379123919253,10.611093739953699,-24.129124822977086,-13.647988591583053,1021.2087346479273,1818.6906448232307,1.0,7.567232094758709,5.5466857970249315,5.341978895037098,7.431254356160384,4.2840098991073265,4.267841727450355,3.8943084161340784,1.8235598648687104,29.682950791268627,26.35924837852729,17.28765174782468,27.721512536634616
3897,331863488969959.8,-3.040019883550036,6.647721489620736,5.0626985024713,3.859559821787082,1.6622918462327445,0.014171632928151847,7.596904982341689,-26.044719658154836,-9.285041260328002,1021.2187362123177,1750.9660627276899,1.0,8.891841092983503,7.309851017356298,5.905305836220908,8.356022805766537,4.202334712416997,4.202310816682293,3.8595858395860274,1.6623522542565148,28.67494339294497,27.130064271626875,11.99687278071754,27.65030584420126
3898,331863522303293.1,-2.7959111897167603,7.473447320155963,4.577692472207242,3.3323682977035705,1.3309910221349335,-0.4610895728688488,10.289920526816825,-25.969343935445604,-3.957419471969316,1021.2198596736357,1638.164472386371,1.0,9.199174017162225,7.9793191581694325,5.363989909655521,8.76399927072391,3.617847311144013,3.5883444055084213,3.3641168329515803,1.4085952914915527,28.212593956649812,27.93365870926456,11.024682912688608,26.26914527186957
3899,331863555636626.44,-2.9446605439271383,6.007227344794079,4.406134384926337,2.576137781006292,1.335927583264701,-0.5276961774317214,8.879916147038161,-25.33326916553101,-1.4830076002385735,1021.229450606837,1501.3808558912997,1.0,8.01073194589815,6.690127509323196,5.299532614956856,7.44988594476935,2.949517185935952,2.9019283889261445,2.6296290845676458,1.436372431997884,26.88543748823959,26.844504789466193,9.00290077257294,25.37663961511866
3900,331863588969959.75,-3.8796906783828313,5.449340339031227,3.4783811717700623,2.2665264538571805,1.2130622570074514,-1.1100255123316063,10.033275524097931,-25.840455546074374,2.4030060208983186,1021.2312421293823,1361.5629213007949,1.0,7.539658179695421,6.6893430088853725,5.210675132461733,6.464862388846141,2.8001462182245884,2.5707318423768784,2.52374697702869,1.6442860692115155,27.823914147861764,27.719952391212875,10.317027463321796,25.9519475331837
3901,331863622303293.06,-4.167185402765429,5.441460792593811,5.347120978599046,1.7749883273697624,1.0361732355072661,-1.6243957305762882,11.98285914398463,-25.078139189657225,4.2740956090502475,1021.2386940337688,1233.2561092766236,1.0,8.69290702228725,6.853825919758754,6.779169340029447,7.628970986778603,2.6197137297412816,2.0552952430929485,2.406085005109624,1.9267372585529323,28.120630714045163,27.79391981136158,12.72229564740101,25.439751541458186
3902,331863655636626.4,-6.170862201412396,5.671155402077535,5.497734404922304,0.5205421099751008,0.5652135736199233,-2.2958218513824598,15.530514764815226,-23.40545636774385,4.361701225963091,1021.2289656259744,1122.2747602234235,1.0,10.023304220186068,8.381022843503855,8.264661148279863,7.898549688492161,2.4209974071334153,0.7683947371381029,2.3540947435357213,2.3643739884141404,28.425986600768546,28.089362339549556,16.13137707837467,23.808398210860997
3903,331863688969959.7,-6.509596815781914,6.254702593825279,5.539894153310855,-0.12412518647378515,0.3266939272136846,-2.4627275474649304,14.96720802727555,-23.757442867666217,6.611651927297064,1021.22874997756,1033.8060755295633,1.0,10.591816769144495,9.027522098629431,8.547822993834503,8.355341511098901,2.4874008436595183,0.3494795902416223,2.465853611826903,2.4843018929109504,28.846964293490174,28.079056389810646,16.36249544963948,24.66029263447933
3904,331863722303293.0,-6.949958879754698,7.298931072830817,6.352158982366413,-1.280319847264656,0.39513925249713205,-2.473553977338387,16.809250187072223,-22.819622780849965,6.068585226733657,1021.2327258728677,973.0372565834115,1.0,11.913280277634481,10.07850798661272,9.415511253646267,9.675966026355898,2.813151830060073,1.3399081834826534,2.7852626788341426,2.5049160280677163,28.984716703221444,28.342301877438857,17.87116723959903,23.612770072874056
3905,331863755636626.3,-6.651545258091813,5.41394122296704,8.81203021128317,-3.16691005948965,0.4953974784472118,-2.558271066019209,19.475284549064014,-21.288495308107493,2.0156378116736304,1021.2299068792532,943.8469874208472,0.0,12.2965723000661,8.576352015057774,11.040603731907554,10.342274218483533,4.101157011598027,3.205423214888885,4.071126400902802,2.6057953697255116,28.92316608772585,28.8528463197364,19.57931316606535,21.38370473681217
3906,331863788969959.6,-7.537141506364511,4.566163645345955,9.227581304759077,-4.36056157282762,0.4125099411645261,-2.428077104323993,21.84456865763628,-20.161811557307537,1.4945803522016536,1021.2462855307285,942.6714043227059,0.0,12.75956932106178,8.812397660287566,11.914560790180305,10.295538216723704,5.008015585690886,4.38002987227033,4.990997460925348,2.4628688304702604,29.76436788409511,29.726819962965514,21.895637699491022,20.21713173775071
3907,331863822303292.94,-7.0946550544900555,4.755347905006931,8.864086024815835,-5.300023218587068,0.413517912189904,-2.085008862741477,21.64134579555386,-19.1467424784621,-4.6769220840790275,1021.2503409999608,963.3189110047923,0.0,12.30932512752793,8.540928757451095,11.353684485555194,10.059093137703279,5.710385725936071,5.316130470677326,5.695393583877459,2.125619679390555,29.27147409270377,28.895425163497453,22.14094505713979,19.709676499554508
3908,331863855636626.25,-7.056399225396277,2.640204832086436,8.376549014656906,-6.209883590020755,0.621967399562047,-1.8887718687752806,23.738330606401423,-15.781304439816338,-7.246637236661438,1021.2590017746526,999.5949170213512,0.0,11.266322602273348,7.534152346717296,10.952595282540242,8.78278173190716,6.5205028042325,6.240953264344081,6.490771400525975,1.988542837958197,29.412100588716026,28.505401414486016,24.819792328272666,17.36557862732869
3909,331863888969959.56,-8.900883556092245,-0.959794338966505,5.953030844339769,-7.312081539530333,1.0688433335091794,-1.7611341184225933,23.294982106583006,-12.607317081416113,-11.934149623309468,1021.2486588597484,1045.2668312946862,0.0,10.751070155379239,8.95248196045239,10.708141963607599,6.029907246946077,7.596746401940731,7.389787717676828,7.521178752284273,2.0601018068675976,29.052100828837258,26.48774500287612,26.174035198600155,17.35996460891853
3910,331863922303292.9,-10.572526788513928,-8.809353351475089,4.100849493232992,-5.780782015800859,1.6228677647261345,-2.242987266736905,26.801783469931593,-9.543529197923315,-11.70132389581325,1021.2586799525366,1092.4816205644847,0.0,14.359665585630443,13.761650670068253,11.339986298933255,9.71708150821504,6.4095344897065445,6.004260195560636,6.2006800105271145,2.7685179538032783,30.762566987093965,28.450211716623713,29.24477009798211,15.099666568051925
3911,331863955636626.2,-18.01227485817895,-6.449958203670629,7.438552943195132,-2.589571034442697,2.1815962138332314,-2.6156057417105196,26.33830170725696,-6.108450493731402,-12.298204012050222,1021.2479758844077,1131.194453786552,0.0,20.52744690126857,19.132276560714974,19.48779401202975,9.845508149294023,4.278625197268995,3.386036057492021,3.680661834302855,3.405988173244371,29.702948105850883,27.037368663700658,29.06805736103641,13.731678315354449
3912,331863988969959.5,-19.80241728932464,-3.997179457685392,5.701626346151312,-2.093638571707287,2.0781139607851635,-3.2153555112008507,28.94320614814597,-4.009036975253884,-8.321375720478173,1021.2592652299691,1151.2049506046365,0.0,20.990991332202782,20.201811159336323,20.606898686888094,6.963187963000054,4.363529668325909,2.9498949308324067,3.8369041599120264,3.8284551319585662,30.381357005314808,29.219540715128076,30.11568488371862,9.236756538434713
3913,331864022303292.8,-18.400617481474384,-1.9560719450064536,3.714195922652436,-0.36280099671308375,2.1284264387290515,-3.2251961049365914,29.241506478202112,0.6303462608510073,-8.052451979112515,1021.2486106830772,1142.3127306624867,0.0,18.873372578991546,18.504295208236982,18.771733405612512,4.197793325771209,3.881200018498789,2.159125672186971,3.245537625496609,3.864206130679236,30.336529471896053,29.248299737306183,30.329979953680304,8.077086063951647
3914,331864055636626.1,-16.255141890699967,-2.4293855830438145,1.432581880392616,1.1752740755431548,2.219345026264533,-2.3371095794154497,30.77147835311542,2.7696860157856125,-3.922277301253266,1021.2587412318242,1097.0564957999773,0.0,16.497995121890394,16.435679243581326,16.318147221140585,2.820320044805266,3.430574687198108,2.5113266410901107,2.6159798047460683,3.2229758813557043,31.143848508015445,30.89587416892892,31.02044711580053,4.801605966128935
3915,331864088969959.44,-15.28784922108203,-0.158969249189167,3.6205592352715743,3.701167263865888,2.1323601753814687,-1.2841028555498328,31.407886789335244,3.7359102928828136,-1.2090544272716175,1021.2586669774497,1023.4495187790484,0.0,15.711526157723714,15.288675712066308,15.710721911568823,3.624047516009973,4.460327249910776,4.2714867473358025,3.917596107148329,2.4891524784922523,31.65239628995366,31.629296202858626,31.431149600035383,3.9266828652913706
3916,331864122303292.75,-10.94342017747994,4.117217626781782,3.8921941962245223,4.566427821679628,2.1228609852102136,0.039711882603383916,32.58886892631939,2.1893500023181813,0.020507845994121095,1021.2586682824228,934.9338604657564,0.0,12.323112505705753,11.692302004616442,11.61497399230833,5.665744138893537,5.03590893948226,5.035752358202043,4.5666004953608175,2.1232323933445403,32.66233384039211,32.66232740221486,32.588875379008904,2.1894460496659742
3917,331864155636626.06,-8.13748159017115,3.876209426810795,9.050936055491256,3.194465414118082,3.047077352180614,1.0574610299504434,31.980462390151796,1.0764222992083297,0.8645760506488361,1021.2588357977017,844.9574571930762,0.0,12.773529255122208,9.013523514745566,12.17119756272841,9.846036918531663,4.5395499228483525,4.414667560776081,3.3649417694605748,3.225353348090078,32.01025072381505,31.998572775268375,31.992146949451033,1.3806435867335516
3918,331864188969959.4,-12.335905529461359,0.8544387926506688,7.999947954423152,-0.11773602995848573,4.01884594704814,1.5489671105089913,32.460280410082454,0.22354866438841442,7.7434420280652585,1021.278443278449,766.8006881062322,0.0,14.727654197314004,12.365461207823252,14.70284776855404,8.045447962908312,4.308628973153087,4.020570173352985,1.5534351876370507,4.307020066768187,33.371854499690905,32.461050172576556,33.371105746486585,7.746668215907872
3919,331864222303292.7,-13.26265080226191,-2.6111165064528077,7.128760397812965,-0.9402724155089048,4.314466431842689,1.637016441584156,32.41365776061457,-2.062353025486906,9.462246335626446,1021.2689018138835,706.7730477320132,0.0,15.281853962213985,13.51724216373328,15.057128913314283,7.59191373895257,4.709411389641087,4.415736949464306,1.8878387233510714,4.6145902766675,33.829463713456356,32.47920118204855,33.76654135587957,9.684389795842128
3920,331864255636626.0,-14.523384980630581,-4.203817787278567,6.992271703800762,-1.5291593006077024,4.643658379494832,1.9279444963018117,30.63491583602442,-2.944979561737803,15.481171129925832,1021.2608768900324,661.8549177072878,0.0,16.658110903221242,15.11955010191261,16.118950799458965,8.158673149992742,5.2553650009212545,4.888956055446562,2.460751541187262,5.027975052272338,34.450509901210495,30.776142917840648,34.32440426044346,15.75879323340155
3921,331864288969959.3,-12.83577863873401,-4.5354911364532144,4.844551958607814,-1.590648400560382,4.251131986880192,1.6425148296884733,28.918601304134356,-4.271657447303063,19.91805494144373,1021.2593527610455,628.3748867284877,0.0,14.44982964574589,13.61351876303206,13.719580785950827,6.636291398702777,4.827021904842341,4.538974058538034,2.2864857970151173,4.557409147270243,35.373174460103975,29.232388864658,35.114304977286004,20.370958985709798
3922,331864322303292.6,-10.869248327664993,-2.3148946221175666,4.371818218718702,-1.7302893942424975,4.011658997942254,1.4974578145807627,27.655200092507876,-6.828865225774673,22.47079349709845,1021.2486112356423,602.661543492044,0.0,11.94203043278143,11.11302372533943,11.715517647375595,4.946870894720176,4.618407648751689,4.368902528507488,2.288292222220987,4.282030805846689,36.28195216381947,28.485847230307936,35.63350463462568,23.485526620900725
3923,331864355636625.94,-9.024708210963576,-2.540812089017058,1.5937717294830205,-3.1930420140892988,3.801897622663098,1.3818564534943867,24.167843224428918,-9.57043243273528,25.14285481443382,1021.2285753163011,580.6045045746836,0.0,9.510057449375788,9.375557816190385,9.16435849466468,2.999305652546023,5.15358807967952,4.964870878175057,3.479230455402966,4.045238286093342,36.16408399627763,25.993803551425984,34.874744362364474,26.902719661202458
3924,331864388969959.25,-8.915493894840242,-2.871254675082729,-0.33848765575967965,-3.761464665872386,3.588042512470707,1.8262364067174124,21.344278022576347,-13.611753407393426,27.510667117702965,1021.2385856135345,555.5952093510642,0.0,9.37255081027677,9.366436611546467,8.921917130417393,2.8911377176271125,5.509791730830094,5.198332954313677,4.181358134126588,4.026063646356976,37.385757186257244,25.31517400944979,34.81975028006518,30.69391855212934
3925,331864422303292.56,-8.094651941957483,-0.3438269568436128,0.15907034173729023,-3.5565808408012867,3.2318881816903136,2.167398708661156,19.250171482244216,-17.19794742573766,23.206928008430523,1021.2308227246972,520.1425987966377,0.0,8.103512226887105,8.101950816790263,8.096214759692117,0.37884079752946076,5.27181047254265,4.805660047912702,4.164959116181194,3.8913645911499435,34.71166958448876,25.81353322879774,30.151792810449688,28.884786709389317
3926,331864455636625.9,-8.083825623987675,1.90820181066066,-1.3371412958993427,-4.609069191863327,2.9160413173448254,2.207237063486586,15.97766921438457,-22.246624131942596,22.01324385510831,1021.2187842655297,466.75460405279176,0.0,8.412931576712586,8.305990059544277,8.193667284204253,2.3300602986635335,5.883766755597531,5.45406415252386,5.110324282255731,3.6572110164565337,35.13945224127273,27.38974623453498,27.200529747575803,31.296887869121978
3927,331864488969959.2,-7.037991455689815,3.5660146917998903,-3.089968091419081,-5.800398118957453,2.249399159037732,2.2763439080910426,12.03245111370967,-25.25354149396864,17.6505571477267,1021.219734276182,388.40337271507116,0.0,8.47335159889424,7.889853263052204,7.6864313264577415,4.718512857683101,6.624662746358339,6.2212872393970695,6.231080157268751,3.200240329191365,33.076629293453934,27.973581068418984,21.361695799467306,30.81044507326634
3928,331864522303292.5,-6.510472915378575,4.754674268566527,-2.9371187650133597,-6.607717984522285,1.570739541049863,2.1608689373054997,9.757543178426248,-27.879767150550098,11.26728449007536,1021.2366810501213,296.10239210684074,0.0,8.580201141106206,8.061835087748115,7.142333247732957,5.588702357431664,7.127307642652209,6.791845085747818,6.9520710243200945,2.6714373041547,31.613964715423432,29.53795973400575,14.905077948777906,30.07046917075264
3929,331864555636625.8,-6.133162959795456,5.923528434687441,-2.3451780713640016,-7.25742745949014,0.8721234919013582,2.016496423070676,6.271687164027318,-30.186700277288754,-0.8152433515733615,1021.2187055412235,224.29855247361857,0.0,8.843287691484665,8.526656848258735,6.566243071788733,6.370875081412068,7.582684916251272,7.309641079758139,7.532364247300999,2.1970109716118964,30.842106854697434,30.831330388328848,6.324451091257611,30.19770678964132
3930,331864588969959.1,-4.825821540933747,6.27847451776701,-1.0472900230065554,-7.203059014631741,0.2199683885649907,2.0082995411819056,4.417866911872183,-30.187313429575042,-7.817006935370451,1021.2224402165516,209.00454256979958,0.0,7.987778928305348,7.918825406282794,4.938154507225269,6.365222593322151,7.481023479935543,7.206416950207326,7.477788858705429,2.0203101591288726,31.494396923485397,30.50887477679924,8.979039229151681,31.183000008386482
3931,331864622303292.44,-3.9028676652032916,7.504704838804989,0.7815209005836873,-7.171798731990816,-0.0804574501670776,2.156841538301162,3.2603331380513314,-26.601640021385933,-16.226152599049634,1021.218733068315,286.2330511497784,0.0,8.494924699355582,8.458898907639954,3.980345579235367,7.545287909392998,7.489535090699141,7.172250027255915,7.4891029151378605,2.158341683475698,31.32993859180261,26.800690737338794,16.55046223942766,31.159834402561366
3932,331864655636625.75,-3.3985267559714956,6.824549906174452,2.3272607568180907,-7.402055547342656,-0.29785854880164886,2.1394216493341194,1.3705192005450604,-23.854655284569994,-22.60755579448808,1021.2080952982349,482.92142853173254,0.0,7.971236300797096,7.623940289175923,4.118995841376833,7.210452416602666,7.710789261462145,7.408046033944472,7.705034154342583,2.1600566447974803,32.89414052115691,23.89399300294377,22.649059624628,32.86557709437877
3933,331864688969959.06,-3.1297751257195476,5.132237866135834,3.9301726360648375,-7.01998214827425,-0.5716385630618523,1.9533267999410118,-0.8121467754815048,-18.057022472800114,-29.232387338496295,1021.2186153638951,774.2723460481067,0.0,7.18203416877448,6.011269238037114,5.024116766840281,6.464218627480922,7.30906325025556,7.043218015145391,7.286675164260924,2.035253358711689,34.36929025272433,18.07527712009233,29.243666868106736,34.35969339343829
3934,331864722303292.4,-2.8570556050748164,3.9755458982852425,6.232003154870972,-6.376610588973511,-0.9168887557626912,1.6135500002277339,-3.6764966825058627,-11.967552605110182,-29.855450706153178,1021.2083552602095,1117.183639345817,0.0,7.924998122535032,4.895685030704287,6.855700551571019,7.392078767957925,6.641188989713219,6.442192762860574,6.5775912161401475,1.8558633014527164,32.37416995198639,12.519542452204718,30.08096681830587,32.164736159707914
3935,331864755636625.7,-2.30724683031073,2.5224434525844215,7.379532684735065,-6.352786304822179,-1.1832735520998336,0.8853430417346088,-4.031221781613181,-6.398845154221769,-31.484626912761104,1021.2093329146459,1468.531930714073,0.0,8.13287228182873,3.418495123217953,7.731810304259413,7.798732180076396,6.522412317186264,6.462045352195789,6.41418164197773,1.4778256326938057,32.380205376063024,7.56280162110973,31.74165214490754,32.12828895449411
3936,331864788969959.0,-0.5860883279104502,-0.44602224388443423,7.133666175442595,-5.892517543940041,-1.4709186869989384,0.44396052954132753,-5.989506559485048,1.147572275659267,-30.245279670599935,1021.198523975162,1785.7807337740144,0.0,7.171584795064921,0.7365021182268067,7.157701630465373,7.147596025566462,6.08953739960553,6.073332264037911,5.90921855725711,1.5364578534907154,30.853979537602306,6.098451520999098,30.83263094805437,30.267042545988325
3937,331864822303292.3,-0.061527133095319805,-2.2714691231475177,8.36325570737502,-4.272409748325573,-1.3181048107498374,-0.3117702702676906,-7.886752834828827,6.347275367655463,-28.30131932234472,1021.199060014932,2045.9550090725259,0.0,8.666452768720333,2.2723022610382366,8.36348202694594,8.666234361264031,4.481973454978514,4.471116789987626,4.283770040397847,1.3544744344374513,30.057502395506,10.12367398084936,29.37967912797897,29.00435450028441
3938,331864855636625.6,-0.037317446004244866,-2.6401732105994524,9.207289322834544,-3.208137496349508,-1.2269996238491578,-0.6721168023291441,-8.698818935308998,8.352443376855023,-27.326440799381597,1021.1986410421141,2249.753836973419,0.0,9.578417606688816,2.640436928567562,9.207364946941079,9.57834491216254,3.499916465914982,3.4347742680429034,3.277786935030531,1.3990243289160946,29.869166844673902,12.059550623172477,28.67758388761852,28.574423478447933
3939,331864888969958.94,-0.027266842289982725,-3.36938965795854,8.773811944470802,-2.3779091070937097,-1.2056844767689299,-1.0154651029898258,-9.44851530129857,11.427869242564787,-26.78353094157204,1021.2129880348722,2399.295124081994,0.0,9.398580008958,3.3694999848414358,8.773854313676914,9.398540456054679,2.8529451720127588,2.666107045698048,2.5856568018569948,1.576338933387013,30.614182440858652,14.828035501172483,28.401267068513334,29.119645003387404
3940,331864922303292.25,0.8835686859253973,-4.58606992864009,8.955886372621583,-1.524339328920119,-1.1686266708922453,-1.3392355780886624,-11.691066858916713,11.2130988319189,-23.441856793274923,1021.197475097138,2496.696777003556,0.0,10.10052630967485,4.670410154699998,8.999366330028849,10.06180590697743,2.341548765076612,1.9207547177121111,2.0290791811339233,1.7774251684780336,28.494478055062725,16.199216947557733,26.195451784920035,25.985654414133784
3941,331864955636625.56,1.4748519991437754,-3.8008226540091075,9.075330614299881,-0.9227550512128556,-1.1020318311714228,-1.8026471459405657,-15.080955914501756,11.619143478758737,-23.182378321425904,1021.1973374893873,2545.1062093163073,0.0,9.94902342069089,4.076940184330306,9.194390364685798,9.839099481460561,2.305534162449463,1.437341657871878,2.025095952617186,2.1128206004492447,29.99770643087309,19.037849838548656,27.656064360875053,25.931200508609304
3942,331864988969958.9,2.0160431826657317,-3.6009979652974864,8.640294195621337,-0.5784997995527227,-1.1051836691870083,-1.9451056680723229,-14.859210396210983,11.288171729094204,-21.079618847857272,1021.2192811445888,2552.841082063124,0.0,9.575296352977142,4.1269379036338325,8.872379269466602,9.360655432872445,2.3107420930703793,1.2474345516780425,2.0293097540911833,2.237156007658996,28.15260707919119,18.66062578222891,25.790433582431376,23.911778515126414
3943,331865022303292.2,2.7340972810805946,-3.6831651750183934,8.390210904576422,0.17757536098014126,-1.155725682307779,-2.065463828360496,-15.988080212319751,8.283248052688158,-21.25624081027433,1021.2193212737685,2529.838614901747,0.0,9.562250397900783,4.587046288068235,8.824450519192988,9.16304232936536,2.3734733383458524,1.1692881858519775,2.0730831712916933,2.3668212182189383,27.85782978916887,18.006412945890485,26.597866122302786,22.813153479664624
3944,331865055636625.5,2.9564578398203536,-2.944400192570443,8.348902904853768,0.8794382843237896,-1.1765746660929757,-2.2405134768670045,-17.43515463305988,7.671204713707023,-21.062432474601884,1021.2038479064588,2486.0365906132793,0.0,9.333504977623345,4.172545440452876,8.856908189278633,8.852890613166105,2.6791118455280736,1.4689246545776837,2.4069300646169682,2.530657737607848,28.398205235286866,19.048149485929343,27.342470240010748,22.415919421401497
3945,331865088969958.8,3.4559378571967097,-1.30581545635624,7.840127817688064,0.7353684354871208,-1.052753869577543,-2.4416585509120448,-21.034596859103846,4.0526950250550104,-20.770976400587678,1021.209191744661,2431.3415460944348,0.0,8.66696398264989,3.694409354533447,8.568028400425128,7.948129226663659,2.758759490253395,1.2841563167392303,2.549992787274639,2.658944751053018,29.83809750344176,21.421451911369758,29.56159206908166,21.162651005955656
3946,331865122303292.1,3.1309699444081347,-1.3729445834838057,8.379524136776045,-0.1904245016483358,-1.0906415799188895,-2.3934567050285436,-21.440367334330617,3.7478892098268384,-19.989391447612082,1021.1980421312885,2374.4574150514904,0.0,9.050103556364254,3.418764341411177,8.945356200375667,8.49125441781895,2.6371187962475413,1.1071407077133368,2.401019885314178,2.6302346006951667,29.551849272186587,21.765477825220557,29.31322435142368,20.337709899961784
3947,331865155636625.44,3.1622309222324385,-1.2273320400501257,8.268915468696266,-0.18760764165493965,-1.3571726697674982,-2.366867856595937,-20.670423599114212,1.593505986378108,-20.040144269994794,1021.2084183257832,2322.5328601977744,0.0,8.93761776820317,3.3920566537215477,8.852946822045606,8.359503990367967,2.7348085368738726,1.3700782031589172,2.374291489643673,2.7283660139634645,28.834234088278567,20.73175518607724,28.790168358816917,20.103398809425933
3948,331865188969958.75,3.4072637641243455,-0.5679001322759395,7.60487891593632,-0.5314281245538446,-1.3815252953651773,-2.349696968533292,-22.241500229993594,-1.8863788487623325,-17.583843657848774,1021.2186371592296,2282.61329934942,0.0,8.352612779520346,3.4542664805358942,8.333284447585333,7.62605362466668,2.7770674887793416,1.4802121446943532,2.4090437305083023,2.7257454000086625,28.415388707978845,22.321352056760876,28.35270516660577,17.684738701624248
3949,331865222303292.06,3.377420101000932,-0.7970192849309029,7.347350017385373,-0.9583872004670355,-1.3213488613315725,-2.4784238467004074,-23.033158138772784,-1.5835952319858322,-17.464093990404255,1021.2176821250171,2261.7441503225564,0.0,8.125623579588815,3.470188219563445,8.086440429300026,7.390452761402687,2.9676680412833454,1.6323200787104486,2.6572713052889965,2.8086558310400878,28.94872582014893,23.087532300020357,28.905379304748603,17.535745001694174
3950,331865255636625.4,4.249950400697692,-0.32460168657056127,7.002945167790857,-0.620646708081833,-1.3802030828557377,-2.4856486555834203,-24.424295726367394,-5.811481751538789,-14.574067906821897,1021.2191319037812,2264.467416260067,0.0,8.198090368274812,4.262328549433388,8.191661579403522,7.010464127146631,2.9100879926869845,1.513328413193018,2.561962446105813,2.8431337972258968,29.029691648899284,25.106165415640774,28.44204066310476,15.69002152647103
3951,331865288969958.7,4.826710420869591,0.8504502783068628,6.739302170969477,-0.19955500380154417,-1.2967375390023128,-2.5104769576933776,-24.916855238777895,-6.480129347507087,-15.234501079012832,1021.2182336435966,2281.937019720044,0.0,8.332982234136662,4.901061024186837,8.28947086601823,6.792750505318602,2.8326392286539783,1.3120024560190462,2.5183956707895665,2.8256013165638163,29.915410317712162,25.745713261640976,29.205131366194138,16.55542507720251
3952,331865322303292.0,5.06038486764301,1.6469685568633203,6.942231686785987,0.027633717298017946,-1.1976470906571781,-2.405524185475439,-24.148621301056085,-8.512324352977949,-13.270337385731347,1021.2186238567549,2300.8498692985527,0.0,8.747261355932052,5.321653919221618,8.590813454015036,7.1349201971929475,2.6873162789293303,1.1979658493009346,2.4056829028862015,2.6871741961895355,28.839511628376446,25.604991244523426,27.554632370491877,15.765833952615399
3953,331865355636625.3,5.356614909080621,2.5536744481696845,6.949645716975682,-0.11076680738641588,-1.1723054585781925,-2.4184761824414296,-22.683443316239238,-11.466236301306454,-14.244916797855922,1021.2068875694899,2307.899845327868,0.0,9.138498348355597,5.934187094406405,8.774445787379578,7.403973850488208,2.6899063959304006,1.1775268038693665,2.421011427204558,2.687624812589863,29.136417593387733,25.41678924644961,26.785373905526807,18.28639465545999
3954,331865388969958.6,6.035405460079502,3.184695747894243,7.083274928929715,-0.19999837903746204,-1.1836485096229714,-2.282865180547537,-21.987353135548595,-12.797802559734683,-12.435556883931152,1021.2187069570009,2290.024508020885,0.0,9.835709928267374,6.82410478188994,9.305853146614862,7.766277790902147,2.5792434120312557,1.200426235114134,2.2916092127965344,2.5714776349190793,28.31731843375636,25.440665248087956,25.260379508645673,17.844518076189086
3955,331865422303291.94,6.003940232522744,3.596166168610209,6.76440901993253,-0.5284968556742315,-1.1340840069387468,-2.149615737224725,-21.99303101441614,-14.773038758063011,-12.080242766782618,1021.2182109162388,2243.370796722529,0.0,9.733290235932888,6.998550523355668,9.04458554631719,7.660916426981905,2.487228031157576,1.251181626004711,2.2136297667364673,2.4304308985277574,29.118179075153478,26.49407645773489,25.092343025422593,19.083368136983463
3956,331865455636625.25,5.8163013724292405,3.7330097821942902,6.530964862945083,-0.47598584813435774,-1.131282842266583,-2.03111261388628,-20.825279440482035,-16.497202669181554,-12.263296614418675,1021.2295995684698,2175.898615787364,0.0,9.508849863674566,6.911202767165823,8.745448170102293,7.522557017064182,2.3731375533497627,1.2273399679106611,2.086140210511302,2.3249127552436706,29.26155162556195,26.567836940221813,24.16776174219235,20.555927119963805
3957,331865488969958.56,5.9015676002160085,4.349986201656413,6.870707357950806,-0.24582406534961332,-1.17963648509178,-1.873942167749668,-20.968792388894514,-17.192018766901928,-11.436460897532664,1021.2287922174867,2096.342406168447,0.0,10.047760929337434,7.331499171010014,9.057324093711049,8.131973902638924,2.2279207697166936,1.204977886960877,1.8899970156524946,2.214317385794099,29.42870030074149,27.11560000313599,23.88478369400389,20.64844176063418
3958,331865522303291.9,6.1627514758009605,4.400179580732395,6.960405946803121,-0.3994822281711804,-1.3225552877247893,-1.7350881019970965,-19.447279350400215,-18.405400521612965,-10.317616946889343,1021.2286807273042,2013.436608818833,0.0,10.285345742340093,7.572389721559584,9.29659920060982,8.23461178726639,2.2179425739647316,1.3815710404150092,1.7804821741080414,2.181669821668872,28.695098221756126,26.776023649778423,22.0147653540809,21.100047104775122
3959,331865555636625.2,6.082171593239518,4.817336967610985,6.543141810509268,-0.5624379289853707,-1.4369706811462415,-1.4400551518748632,-19.53175938575567,-21.201396409244918,-8.784097239472473,1021.2195250167247,1935.1093814546055,0.0,10.149495135303807,7.758836687875389,8.933393310609594,8.125234778881525,2.110682354802963,1.5431205923178026,1.5459932937767513,2.0343656453340015,30.13551391162105,28.82687694504901,21.41611517095392,22.94906477428767
3960,331865588969958.5,6.267400630983309,4.922471442203584,6.581004555514188,-0.6008551459610421,-1.5333554137764278,-1.2275499452839378,-20.06806057916257,-23.465050035765202,-9.682035018147298,1021.228883721952,1865.0413762707292,0.0,10.335407913007511,7.969381140876611,9.087900287137204,8.218293378737968,2.0540410413504264,1.6468775702478144,1.3667134939680898,1.9641939041561245,32.35857584447334,30.876133640562955,22.281581126607,25.384057502172404
3961,331865622303291.8,6.652689072707753,4.546697780290986,6.6342477014818515,-0.5568632082038419,-1.604005988793249,-0.962670433853464,-19.969240603341824,-22.425472512210277,-7.697751510900529,1021.238776517041,1805.5195729248976,0.0,10.437623061216827,8.057960821661279,9.39529214355479,8.042742273001181,1.951836624554243,1.697919858160474,1.112129037866871,1.8707136542774858,30.998834913487084,30.02786019132989,21.40154079961831,23.709854401060124
3962,331865655636625.1,7.0888983263501935,4.03314572051082,6.74763401142419,-1.017722366260711,-1.6816494869468526,-0.7948956574884404,-18.458226741954213,-22.4238194428596,-6.992539025963557,1021.2387079576479,1758.8301319164102,0.0,10.585334602001668,8.155902395456025,9.786881231192043,7.861095925823781,2.120274255380632,1.9656306397021577,1.2913628154323171,1.8600548656538582,29.873557118177025,29.043653572912653,19.7383316540942,23.48879052730454
3963,331865688969958.44,7.583120420149345,3.7863464059883367,5.982366907394718,-1.5796273765657136,-1.7871657369239426,-0.7083048403254393,-18.93360598623444,-22.3120729054012,-8.026218112899715,1021.2387090626953,1727.147578292427,0.0,10.374432429165376,8.475855969318188,9.658800604690907,7.079910516442439,2.4881478587212666,2.3852010439438387,1.7311609964484311,1.9224091963115826,30.343536546911444,29.262775551507602,20.56457178834055,23.711785561863067
3964,331865722303291.75,8.260285772150908,3.8652385322135276,5.2921231511982185,-1.8702344478583568,-1.8007729040132447,-0.5593076471070534,-17.69022206015823,-22.95478437299885,-8.21314815140659,1021.2383965622906,1708.3682223053995,0.0,10.544143274631423,9.11988979914269,9.81014212359061,6.553368321585195,2.6558209626962386,2.5962588356680363,1.9520763135872738,1.8856320149861485,30.121784221814195,28.98044309786483,19.503839598772913,24.379867271333243
3965,331865755636625.06,8.691688869010221,3.0431966087192412,4.623346996036826,-2.2064558699915935,-1.6588816054595863,-0.5547227227289931,-19.76807920012475,-21.370857906857783,-8.611013043190102,1021.2389674621934,1694.8662057788129,0.0,10.304457212330943,9.209044521284305,9.84483584634294,5.5350142768635235,2.815679844418467,2.760495551011183,2.2751186354412876,1.7491727987949168,30.3585254676096,29.111690485739757,21.56215436574914,23.040466863870098
3966,331865788969958.4,8.886820934765938,2.1755437059206897,4.400017806948778,-2.5270712153925876,-1.5441439550294835,-0.6886768978843835,-17.354461748339347,-22.565515397963715,-9.980943500641658,1021.2281570396063,1678.6501526400164,0.0,10.152277254115532,9.149239134647496,9.916438021187874,4.908477067058321,3.04051728348969,2.9614978442537936,2.619229809952809,1.690756169154427,30.166190692782408,28.467171052816454,20.01990448872258,24.674312925363058
3967,331865822303291.7,9.20520186265179,1.6263291994512654,3.998055068789143,-2.4559370549816153,-1.447540485182514,-0.9424385189935431,-18.863651455882753,-22.23566382666033,-8.44966073559012,1021.2189774030533,1651.7286868163603,0.0,10.166864429617736,9.34776379660696,10.035944682252815,4.316177822803221,3.0025307053145918,2.8507894124740605,2.630554538517404,1.7272995739955392,30.358834934955123,29.159253969559614,20.66964229965291,23.787003013385778
3968,331865855636625.0,9.23953935153345,1.6508754540092474,4.164189295362503,-2.0930159227989766,-1.2498746669145409,-1.004854267435268,-18.67184631190155,-21.746754316182535,-11.12488004841712,1021.2188538926739,1609.146615247052,0.0,10.268152203819199,9.385865820114063,10.134572507814369,4.4794935263109705,2.636784867005205,2.437806870136514,2.321733781438544,1.6037202941216413,30.746091199945152,28.66285345152634,21.734783200826755,24.427121798936383
3969,331865888969958.3,8.586476776089508,1.5899477501584773,4.556722232378887,-1.9279339135280726,-1.091231362568509,-1.1517267545468555,-17.813639010415756,-22.76956992983241,-12.530997769672002,1021.2287205047459,1562.562348203697,0.0,9.849834251276237,8.732440510794131,9.720663605401665,4.826142491813729,2.496835913456034,2.215336331482151,2.2457523665958146,1.5865876602924143,31.508807573224015,28.909843472127868,21.77961523757779,25.989983068348717
3970,331865922303291.6,8.426318957435939,1.5513389577326702,5.8185470142701545,-1.630272511517228,-1.027138512826098,-1.2349843005249765,-16.38668235440615,-22.49807542077575,-12.737210045451832,1021.2287758417043,1529.2879743653828,0.0,10.356881436585796,8.567934624763623,10.240036158613718,6.021805536469209,2.2886651587513764,1.9268632505549788,2.0452321834823195,1.6063000177656022,30.609202471888725,27.833195221230348,20.754755559296886,25.853431443057474
3971,331865955636624.94,7.65028460701188,2.2085493725219574,7.101713785604431,-1.7157670263145102,-1.2155218280455868,-1.181219303928225,-17.00931208293195,-22.16624173601838,-14.817961191872916,1021.22874502187,1526.64029947908,0.0,10.669530617219957,7.962697086989436,10.438447837726017,7.437205726851392,2.4117688212214916,2.102700597575276,2.0830591764423825,1.6949254728240903,31.626427938008266,27.940275056523298,22.55856093412048,26.662975201268424
3972,331865988969958.25,7.474195456444306,1.9090797466757592,6.376005610202575,-1.9721555328131357,-1.5984193521389736,-1.1926642430573897,-15.987025992514244,-22.508194349211205,-14.218018530719208,1021.2190493324404,1571.3804112836556,0.0,10.008078274156084,7.714154730124377,9.824308894902858,6.655676751503358,2.804779825149471,2.538570832357813,2.3047441164418054,1.9943400968641312,31.054079665755097,27.608038918894426,21.39479027766341,26.62275086841587
3973,331866022303291.56,7.871597692948548,1.8894517869993535,5.415734897750284,-1.847576172947704,-1.8299539093088626,-1.2139307693034604,-17.223762487220924,-21.98063727075891,-15.089544265815103,1021.2190989004425,1658.554658493584,0.0,9.739726011430621,8.095188589219399,9.554696997934743,5.735870687010416,2.8698252451500537,2.6004363143593565,2.210693472081956,2.19598707256133,31.741152392357584,27.925014038400665,22.89874102142282,26.661634626906675
3974,331866055636624.9,7.749410272136733,1.8072453583847292,4.420159469029223,-1.433987110946089,-1.895705062177987,-1.1944177942383152,-17.894024721624056,-22.974323731674044,-15.201231384324823,1021.2289920813272,1754.9366748691778,0.0,9.102598809293431,7.957354796117958,8.921388305501955,4.775347685462479,2.660197470925773,2.376976381272384,1.8662671034856273,2.240609638013808,32.84955261895717,29.120708639486335,23.479215411462857,27.54808498838972
3975,331866088969958.2,7.9916533095431825,1.837344474264121,3.6349700741915822,-0.971370133376581,-2.0196419801160848,-1.2921320348057,-15.282451785078248,-20.25005975958432,-14.412215735486486,1021.23869961374,1825.404078827185,0.0,8.969691453852231,8.200143738803693,8.779494863612648,4.072940234938055,2.586912998002518,2.2410965315807476,1.6165287289086931,2.3976152575462013,29.1775635589434,25.369632493001895,21.00631559720661,24.855117836633575
3976,331866122303291.5,8.580720460842185,2.3535159933277177,2.5407829422641437,-0.2510662222353352,-2.1470495841373305,-1.4455505806027333,-16.147054230296483,-24.110850026978277,-15.604317407823046,1021.2386945966138,1834.8344887843548,0.0,9.253290177967267,8.8976289627049,8.948985506012184,3.463324340940333,2.600475465327967,2.1616790151851424,1.4671914425283505,2.5883273359112025,32.94776428080763,29.018277849306873,22.454889936943022,28.719815646823495
3977,331866155636624.8,8.71863046023772,3.6037359588913995,1.7278912670521558,0.5369951158394638,-2.1715528043096435,-1.346126611571178,-15.581725500383717,-24.699274135618243,-12.596168498263433,1021.2280119569187,1756.9964778678032,0.0,9.590987341997018,9.43405691967098,8.888201467841517,3.996563660466579,2.6107589300279366,2.2369634186415555,1.449282791181742,2.55493609240724,31.80420999226946,29.203498290371456,20.036307803733507,27.72575704400268
3978,331866188969958.1,8.334583162908476,4.341289486736882,0.7679623350736049,0.6131910656277159,-2.1448112577940104,-1.183262017133179,-15.502903189046704,-26.373920616151118,-8.782109422814399,1021.2386620601696,1613.983340757792,0.0,9.428777071030014,9.397450234350254,8.369889046309344,4.408691478856723,2.525139127991893,2.2307439598765204,1.3327086268782584,2.4495559460338936,31.828432915716743,30.592870018290135,17.817560248340396,27.797646205773006
3979,331866222303291.44,8.23080121362822,4.505030471226434,-0.11470269930306137,0.45851198968595663,-2.110849409943449,-1.0326050892952687,-15.407235584569023,-26.83229860600205,-7.342318349723293,1021.2396923376505,1444.228179766536,0.0,9.383738320848991,9.383037256930319,8.231600411067776,4.5064904588721895,2.3941996045824734,2.1600737200716975,1.129825878232688,2.34988478481331,31.800389865357825,30.941156359129007,17.06729466280738,27.81873266758108
3980,331866255636624.75,8.000548148440695,4.341335904295738,-1.6575787715456813,0.489119697202429,-2.00839144402597,-1.0268166533089023,-15.262514569000448,-27.636409219722026,-4.541291907749067,1021.238723661762,1286.1769567567549,0.0,9.252217868885493,9.102525369887475,8.17045519291286,4.647016765388972,2.308078575382695,2.067093193503408,1.1373612081058024,2.2556570288829847,31.895748897310355,31.57080083762348,15.923808688889041,28.00704280625364
3981,331866288969958.06,7.752578791508693,4.282030007025722,-2.483923776315838,0.9866924774191388,-1.782483877382922,-1.0248721807336487,-15.541608849078726,-27.21800382427752,-2.646633968548091,1021.2299583733899,1177.532018111767,0.0,9.19826811014803,8.85653763609793,8.140783454010892,4.950319010691719,2.2806082094404814,2.037353876508834,1.422647191624565,2.0561156971269394,31.454189055825623,31.342644077935542,15.765350518819261,27.346378252738667
3982,331866322303291.4,7.984401835473496,5.148468277256393,-2.449617056464086,1.395452896069148,-1.5840440730921257,-0.8266182214412308,-14.42767442840599,-28.607362958809496,0.636175311896851,1021.2080462832879,1127.1582069680385,0.0,9.811117265406,9.500389374769222,8.351724156941026,5.701521667523082,2.267108752280033,2.111038704203706,1.6219082801337552,1.7867549662774007,32.0459626770146,32.03964738990031,14.441693406230003,28.61443577085756
3983,331866355636624.7,8.012404712932149,5.739471815550882,-1.7878123807623014,1.2447903780411358,-1.3653055432175678,-0.5519536241476429,-13.753197770224011,-28.233297611131633,1.1631269605750967,1021.2185963001277,1106.500192166437,0.0,10.016807830547974,9.855971083831378,8.209439834277628,6.011473183031752,1.928267386752711,1.8475828294299586,1.3616739288366768,1.472654755721902,31.42646030389109,31.40492864035239,13.802293767099416,28.25724612068819
3984,331866388969958.0,7.961423530585964,6.764533807579597,-2.9255777990976917,1.1398022826060754,-1.2059035658109454,-0.14371824586246182,-11.952724613040422,-28.614185946851126,3.6201041102505505,1021.228260255991,1084.5058854435244,0.0,10.849063910118169,10.447161445448003,8.481937873619517,7.3700694089310055,1.6655352255846634,1.6593229503232856,1.1488273053979012,1.214437459990977,31.220897117879357,31.010308980662458,12.488906254922215,28.842274375819002
3985,331866422303291.3,7.00109272630987,6.54244436161096,-2.5995523148867115,0.7137244084179156,-0.7355794594353293,0.2778970207587873,-13.344724905201955,-27.4106537500173,5.618899393338677,1021.2388616516678,1030.1231985358595,0.0,9.928572396120042,9.582216736599314,7.46813039523426,7.039975174857359,1.061935227055438,1.024929105994495,0.7659172836005944,0.7863230222305468,30.99996213209488,30.486482607851872,14.479423786462606,27.98063561457815
3986,331866455636624.6,7.160852212839868,5.460364210488265,-2.904983377711481,-0.580115833872734,-0.5059867045753296,0.3857191459273661,-14.032792338807148,-28.007368479486715,6.198480123354951,1021.2287277114415,920.2620944375212,0.0,9.462151454616164,9.005186379265826,7.727660243496322,6.185022694862254,0.8610088184518183,0.7697771923854716,0.6966445580385985,0.6362403671113133,31.93357333292748,31.326218251966363,15.340808866018474,28.685080529525663
3987,331866488969957.94,8.503624997205666,5.300392075212755,-2.4381354839916365,-1.264823922655856,-0.39826587038243555,0.490167074081743,-13.811842635849054,-28.871190318656616,4.055320255359256,1021.228285851565,774.4605720158376,0.0,10.312628126834516,10.02026917024085,8.846250207370364,5.8342660883162765,1.4137393746189155,1.3260449686319185,1.356481962960217,0.6315690492933738,32.26078501504693,32.00488443056074,14.394881707432848,29.154609460420122
3988,331866522303291.25,7.980205126891442,4.232928630757039,-2.76185275819841,-0.9860477443853545,-0.3772408367253718,0.45903088445373075,-16.02784191233332,-28.73424947476607,2.6064879333930913,1021.2418278260835,626.4631312210792,0.0,9.446120331560216,9.033347035310175,8.444613935831088,5.054257161151461,1.1512211585890342,1.055746561964899,1.0876578079018324,0.5941548634620716,33.005190328064565,32.902109495362794,16.238395724752873,28.85222473614501
3989,331866555636624.56,8.272121894197284,4.297466234707035,-2.7527704735388463,0.03710976204114611,-0.3898803379523441,0.4233503343996394,-15.170904487210798,-27.694716604449383,4.510362558567806,1021.2510497594745,510.02402549253657,0.0,9.719771702611764,9.321814022544384,8.718127431532837,5.103524401669335,0.5767229126685285,0.3916424547474195,0.424973693391764,0.5755277435173047,31.898229436295793,31.57774011484731,15.827182736349608,28.05959191097573
3990,331866588969957.9,8.138274563258364,5.019420173275442,-2.9049319728913074,-0.3005275129805852,-0.3279607893688812,0.32104438788798356,-14.542976291841558,-28.37081886525766,3.3740540315735967,1021.2586687336034,458.23305521992876,0.0,9.993233786417125,9.561699207926518,8.641188728068858,5.799414508638838,0.5485841452467666,0.444831502281207,0.439757075045605,0.4589420206930606,32.05909797730285,31.881052719606448,14.929246465680833,28.57074734222467
3991,331866622303291.2,7.664378897519798,4.77037695097651,-3.6191952304894697,-0.8934858317487371,-0.19560812049776533,0.27527048930888676,-14.538922933714401,-26.905511684714696,3.7589012451994734,1021.2593636301987,480.4337592821524,0.0,9.726138712539138,9.027690742330218,8.47592343058528,5.987910350932592,0.9551718749129681,0.9146471824372504,0.9349282185387744,0.3376927288068581,30.812597710351653,30.582459663813925,15.016977680067608,27.166816110605993
3992,331866655636624.5,7.709122612763076,4.508196845189033,-3.7874780505558467,-0.7739352428170999,-0.0398699671117871,0.19747348737085257,-14.639517479107816,-26.036827242578546,1.790069478870679,1021.2485895736841,556.2768570260204,0.0,9.700484536198676,8.930532473127643,8.589270134421044,5.888024182899954,0.7997256733194605,0.774961530885152,0.7987312052804558,0.2014581656123704,29.92383988762418,29.870250164352214,14.74855317515205,26.098289629764334
3993,331866688969957.8,8.163398697963812,4.905756642933402,-3.06126721585664,-0.638052254900373,0.015434032102087328,0.2112000907917658,-17.30689444948958,-27.320656293185767,0.8319279759028145,1021.2487171183054,663.5406521364106,0.0,10.003943397904704,9.524049902305345,8.718511069488638,5.782543143510809,0.6722755147116611,0.6382388967544823,0.6720983249003829,0.21176328222186766,32.35179994889394,32.341101647534586,17.32687795429006,27.333319674848877
3994,331866722303291.1,8.247657223397793,5.098730835183101,-2.586660719933379,-0.9207989964472486,0.0019916462387096607,0.2597860672605352,-16.073339950616255,-26.203442493777576,1.1697157255779707,1021.2489941598094,780.0034482982009,0.0,10.03552288046612,9.696437789431373,8.643764420361771,5.717330654220834,0.9567463400795927,0.9208011503647247,0.9567442670854922,0.25979370161232834,30.76265415355849,30.740407539471317,16.11584599227546,26.22953742259617
3995,331866755636624.44,7.649580691008016,4.743060816172573,-2.531559215040503,-0.8924645832692965,0.00695857658660018,0.2962694245669262,-17.60873556237788,-26.250767592664566,-2.57129937292177,1021.2350663161271,886.2848220923926,0.0,9.349946669014257,9.000706119752735,8.057597458765185,5.376375913677179,0.9403813195248873,0.8924917109856823,0.9403555733461979,0.2963511324785669,31.714065456434746,31.60965623523672,17.795481127829596,26.37639815572392
3996,331866788969957.75,7.592176581528783,4.552990105045692,-2.7736804184820767,-0.3322900576102716,-0.05180680052074885,0.3241929719944043,-16.237010832748613,-26.862937504761074,-1.0490362035739125,1021.2387658627597,977.061401014949,0.0,9.277077514262182,8.852732015697642,8.08297273959185,5.331324597181725,0.4671206589922981,0.3363043665592736,0.46423890991299105,0.3283063016007479,31.40634345357485,31.388818585086874,16.270863460161067,26.88341288492047
3997,331866822303291.06,7.98281013815436,5.066051299303291,-2.280965154029396,-0.074852611874779,0.004960560370916033,0.22518096565005874,-18.29057531830906,-26.745232575028616,-1.4936557080018162,1021.2586991898241,1051.3492421935566,0.0,9.725889959427308,9.454635554530517,8.302292438580826,5.555868771044625,0.23734782062357923,0.07501680254229587,0.23729597720056117,0.22523559765340476,32.43583848679042,32.40142915007158,18.351461872253747,26.7869086097373
3998,331866855636624.4,7.976579027130409,4.798502318608653,-2.5618893592224077,-0.5131217722156075,-0.028917241903122948,0.26221093848801336,-17.29741890004558,-27.684069456306304,-1.7718478389645098,1021.2484889962133,1108.16565135261,0.0,9.654776774563269,9.308675387924392,8.377892937066797,5.439568143758255,0.5769616419344827,0.5139359493175871,0.5762365220848558,0.26380065038215594,32.69170914818754,32.64365791796694,17.38793102609098,27.74071279592568
3999,331866888969957.7,7.947085807094856,4.535322842543609,-2.8553904082622954,-0.37548249393870764,-0.05281870604505655,0.19339271374807368,-17.88260061356591,-26.147910296091073,-0.8513793765599829,1021.2487161608105,1146.6521608666076,0.0,9.585331527653212,9.150154431015158,8.444490938412144,5.359329031669371,0.42564969246265183,0.37917927021753933,0.4223598524780451,0.20047582756810972,31.689516632469562,31.678077870299095,17.902855960632078,26.16176713632428
4000,331866922303291.0,8.080595401161569,4.611155000191596,-3.0702790436262313,0.006272685973623135,-0.06441125210782311,0.1195297714388626,-18.030718705134475,-26.818174053663597,0.30309515302840545,1021.2344235787839,1169.8162504424802,0.0,9.79721316899841,9.303696710075272,8.64422555484318,5.539798176966591,0.13592469329613355,0.06471596393024859,0.11969424735362356,0.13577987943110084,32.31738144200534,32.315960090894436,18.033266029631893,26.819886767926235
4001,331866955636624.3,7.568791973866726,5.151436170388817,-3.384004153291165,0.20440870268051126,-0.05262772220284144,0.049859675730326035,-16.99836296369425,-26.9801509844648,-2.6223222424326167,1021.2383409644501,1185.1918693654966,0.0,9.760911364762586,9.155539665211416,8.2908441098094,6.16350377034703,0.21688379870272093,0.2110748560956257,0.2104017704190317,0.07249596132332278,31.99608514386043,31.888444468020218,17.199445263980152,27.107289076698056
4002,331866988969957.6,8.28098875631569,5.664539531464724,-2.5446467414230223,-0.46078908504770477,0.10374010476239852,0.25107363708962066,-18.69164137671897,-25.700374465011926,-1.7444256725214307,1021.2418216423722,1200.5703292215462,0.0,10.350700938795802,10.03303458011351,8.663140413317892,6.209849848600319,0.5349079934686196,0.4723225489379205,0.5247518957950619,0.271661518396559,31.826556928525296,31.77871465301436,18.77286547873884,25.759508313801117
4003,331867022303290.94,8.35697211915827,4.9915255980833395,-3.863864773592557,-0.783871547844547,0.06603150329060072,0.39944356307248596,-19.19080646624246,-27.69162716750886,-0.9726533627300852,1021.2381116010129,1223.7429415965216,0.0,10.473001565230446,9.734182595200785,9.206977462174985,6.312272077859976,0.8822527546157426,0.7866478010819217,0.8797782468328307,0.4048645693399951,33.7054791179879,33.69144205891295,19.215439297315154,27.708703862655593
4004,331867055636624.25,9.741737044100189,4.6737060983149314,-4.738131551601723,0.09240867106528343,0.1913282908518853,0.4611332097582054,-18.448872815410894,-25.430876901975374,-2.610414685154192,1021.238088802437,1260.3655438368776,0.0,11.798087130128502,10.804858598326035,10.832881945109419,6.655330141601537,0.5077299621947284,0.21247559240617583,0.47030117970291846,0.4992497892059732,31.526253710060452,31.417994973623504,18.63263730628801,25.564502045451487
4005,331867088969957.56,9.52450576988228,4.87097324789659,-2.673695007402036,0.11687045781925393,0.5597804275507026,0.507065894673316,-19.022236987125584,-25.687125389202983,-2.7687194304821903,1021.269940497714,1306.406486403471,0.0,11.02684159380426,10.69778437538564,9.892666736180262,5.556529976012982,0.7642830971051106,0.5718503571562489,0.5203599960140407,0.7552946104730907,32.083324610141865,31.963634191922,19.222676902010768,25.835909468129163
4006,331867122303290.9,8.691736732890652,3.6501465261978097,-1.1429935139785095,-0.5356761260412202,0.5900484288137299,0.5213206001276605,-20.752907548188627,-25.602051107982636,-3.9966423776117606,1021.2686770181559,1355.088453088047,0.0,9.496119800718162,9.427081048585219,8.766568405418257,3.8249188011918474,0.9523031179585334,0.796935417933022,0.7474784813812323,0.7873578071391781,33.19821294789739,32.95676247205449,21.134245243163683,25.91212402004662
4007,331867155636624.2,8.22947394256066,3.1625989503859047,-0.6185633013830633,-0.28516693724737946,0.4920928724067188,0.4078784876697546,-19.669670709941347,-24.1829976118398,-3.8320359124896664,1021.2572053157754,1399.6339489660322,0.0,8.837923627758096,8.816250534794648,8.252688163810795,3.2225227196716455,0.6998860177745461,0.5687491337774028,0.49767965881962367,0.6391558931725979,31.40697085945068,31.172316553823425,20.039472175487433,24.484727336216345
4008,331867188969957.5,7.674513705430989,5.530027042218806,-1.7707908234004783,0.11534213899443647,0.5838910539351344,0.564699801883873,-19.94975882039735,-24.423018627156097,-4.948613925316209,1021.2584235118894,1433.485124859925,0.0,9.623671848247877,9.459353027692716,7.876157740617403,5.806625459585852,0.8204379550831247,0.5951744046019569,0.576358981256905,0.8122897445574254,31.92123894268938,31.53532488899449,20.554358583372416,24.919322194719648
4009,331867222303290.8,6.200169521581931,7.440636170658853,-1.3590406956768852,-0.621344152700739,1.3529655477480382,0.9380433446344966,-21.46046263372197,-22.772758974985837,-6.313899845530799,1021.2480868706243,1457.820559328411,0.0,9.780192244172722,9.685306846996143,6.347369038338595,7.563733088668766,1.759690213049337,1.4888197773701652,1.1251639313933202,1.6463417293521483,31.922019657997343,31.291372737324497,22.36999749022719,23.63184044022369
4010,331867255636624.1,7.4611927741541315,3.0701372668242826,-11.726285045713858,-3.823113948408981,1.7487976177122895,0.8157391018161511,-21.37635757943615,-21.883424571963186,-10.869930024335114,1021.2406857159397,1483.427750683092,0.0,14.233794343869297,8.06815595103572,13.898746655235582,12.121530588604548,4.282513707213009,4.204104348162102,3.909172616392263,1.9296951546677004,32.46518617064534,30.5913866040871,23.981326946144147,24.434394809995688
4011,331867288969957.44,9.095868507163175,-1.0441784988221252,-6.33112950503359,0.7206316824540463,2.999461788187538,0.31160574137857877,-19.29168018691126,-21.203145336059414,-13.603284993264802,1021.2484233523411,1521.6938654795633,0.0,11.131412014947257,9.155606623102877,11.082329390029415,6.4166587525681384,3.100512728342496,3.0848145877108615,0.7851166536360333,3.0156042772315597,31.72998044726952,28.66604780181814,23.605471548817828,25.191719567152248
4012,331867322303290.75,8.231584251834702,1.1474737844824845,-1.4516795969692524,2.924822187923018,3.940318893672995,-0.4737063054872873,-19.012124069922198,-23.323683248925796,-15.67813020288724,1021.2420943270234,1584.0060702734181,0.0,8.437004742998813,8.311177737308212,8.358609510397642,1.8504242049679762,4.930019825382204,4.907208760059344,2.962934777349175,3.9686913016377066,33.93020525438981,30.09078034791283,24.64273987016866,28.103344408715966
4013,331867355636624.06,6.816902572690936,0.3868914706482009,3.4504092038106977,2.85726381703007,4.284708398596019,-1.9187692334883104,-14.302772711331235,-25.71498050958873,-16.639355095722767,1021.2487354340445,1676.035365020656,0.0,7.650174466596315,6.827872706459944,7.640385092343309,3.472032356387524,5.49584915663538,5.150017726290707,3.4417483771319723,4.694720591513469,33.803811439571206,29.424981390657326,21.94168282592647,30.62888115178358
4014,331867388969957.4,3.592299309925099,1.8023812040101939,5.210334577883524,3.0290244502193473,3.2671911911113156,-3.171609718262178,-10.168791852664665,-27.595017432996524,-15.049909726242303,1021.2398001727345,1774.7617262258086,0.0,6.58033272336181,4.019103424478845,6.3286808061062,5.513271661913452,5.468878825159421,4.4552808440436165,4.385669541244725,4.55342140420261,33.03617861736197,29.409000575847546,18.163262661506106,31.432225022982777
4015,331867422303290.7,2.7028082240980424,5.030839909442604,6.435671291541543,3.6602257183344946,2.377377256469868,-4.04707513399128,-6.157006657461404,-30.438654466933716,-12.432990369525179,1021.2286962720406,1848.182644557593,0.0,8.604207544188162,5.710912579500099,6.980188913562727,8.168672791048278,5.952141805174672,4.36453604965493,5.456745316516779,4.6936914853610405,33.45145237902405,31.055119010195533,13.874003766351294,32.87994731270246
4016,331867455636624.0,2.5323093709461566,11.186595446682706,5.832369411561186,2.9656126396491267,1.207562197551252,-3.795289212111317,0.4896444773462798,-33.85330986785098,-9.583357979724713,1021.2277142489384,1864.292508539162,0.0,12.867363420329688,11.469634189368202,6.358390024455585,12.615722359050901,4.9656102336943455,3.2020407226332197,4.816542175878376,3.982766207615424,35.18703015161248,33.85685072068772,9.595858579707656,35.183623167267605
4017,331867488969957.3,2.661737369464838,11.25347783129136,6.181727262163377,1.3428906174705137,0.5966181001260344,-3.308381627542223,3.5072144517123367,-32.95533889201032,-7.590761134876485,1021.2375674265558,1792.1183971604346,0.0,13.112565007165667,11.563978948587362,6.730423297815637,12.83956834333382,3.6200410717762943,1.4694585288086004,3.5705383633213166,3.3617468897668257,33.99962601712406,33.141438030018364,8.361830410684686,33.81824974912213
4018,331867522303290.6,2.812393591152901,12.3864271333178,4.573326218798098,0.593610413953503,-0.016020971274762357,-2.4526629622533878,7.289601839187651,-32.43122890509786,-5.432324403922099,1021.2587552982225,1635.8847230099825,0.0,13.499942501510718,12.701698108542391,5.368879810081803,13.203745295655228,2.5235264217923694,0.5938265698624776,2.5234755655570775,2.4527152867648843,33.681345752481306,33.24038061257336,9.091118930216213,32.88304664601962
4019,331867555636623.94,3.4510416095908525,12.748913327761443,2.900343687877855,-0.45199866316271237,-0.16147906720465968,-1.6691815308658051,8.362986654108235,-32.29741317697691,-7.285914774342777,1021.2488064837701,1442.8654649122611,0.0,13.522443297633519,13.207743154297814,4.507957597287306,13.074661928577207,1.7368204465717458,0.47997737513987687,1.7292974800433822,1.6769742013903493,34.148894532621995,33.36259048247234,11.091622959503212,33.1090237250111
4020,331867588969957.25,3.9795832300529828,11.202155708230126,2.0366001818888613,-2.3827941647030086,0.1278601717359088,-0.9294705517275298,11.22416487711593,-31.248585226513498,-9.569696415797955,1021.2387478534108,1262.9577306945866,0.0,12.061223631838581,11.888034959418302,4.470438791191383,11.385782046583474,2.5608537172958012,2.3862221721497443,2.557659777584069,0.9382237100207044,34.55481218785448,33.20325218781077,14.749948022932795,32.68108272608504
4021,331867622303290.56,3.608840784903698,10.265272195801858,2.715721630467901,-3.013241163644628,0.3616006422418461,-0.023977999218305537,8.733955240903416,-29.701467465420215,-13.716266094527908,1021.2287112547308,1146.0586281842739,0.0,11.214931521809586,10.881155502274886,4.5165114618448134,10.618425364812522,3.034955070375616,3.034860348476046,3.0133365651265946,0.3623947694382863,33.86141017922047,30.958991323192684,16.260932621654888,32.71564037544293
4022,331867655636623.9,2.9784130040701005,9.250918847839756,3.668958524426108,-3.3466452287857598,0.3993726812842251,0.48722842292021756,11.254059476396684,-28.39402909327393,-17.016440637321608,1021.2384493690499,1130.9801460325607,0.0,10.388055650894913,9.718561804718368,4.725695787582278,9.95192223559227,3.4054257240486048,3.37039060435295,3.381926348023536,0.6299921226947791,34.96332356643817,30.542998262252517,20.401301592343668,33.102569992572725
4023,331867688969957.2,2.3919290135622933,6.7276613282813384,4.509838679316184,-3.0643165326448636,0.23875888332000875,0.6386066765015206,8.88376099154852,-28.37778781302863,-18.587357922937258,1021.2286957773432,1200.3364089462623,0.0,8.445199599028413,7.140220679641023,5.104896602221971,8.0993871287591,3.1392451487383357,3.073604011027585,3.130152440299507,0.6817802370533597,35.067220093295305,29.73583781426438,20.601239863424183,33.92327690121717
4024,331867722303290.5,3.151490774371881,5.098214870349567,4.942458075942052,-1.9864966308770393,-0.04781080673667916,0.3741870976737822,7.7929232505640105,-25.82412561834934,-22.608940055760343,1021.22869945091,1318.9752886135807,0.0,7.7686279868229855,5.99363737351573,5.861722096227003,7.100682128971713,2.0219967165631525,1.9870719004924409,2.0214313860607183,0.3772291840596917,35.1962964981606,26.974341822210746,23.914301646381933,34.32272766545881
4025,331867755636623.8,3.8578050773361494,5.339631961582147,5.208890986655735,-0.26796324732202537,-0.1748924348988568,-0.06054451373691011,8.542336005127217,-27.283432216763927,-21.45431186928158,1021.2281388835703,1451.7377434874777,0.0,8.39802803107572,6.587437248268114,6.481913708588223,7.459504996714792,0.3256644037100995,0.3199869773916054,0.2747179281717956,0.18507566541414827,35.744155826311534,28.589459210541996,23.092401395456672,34.708402027623634
4026,331867788969957.1,3.4245707136075483,6.392773350310142,5.346259820809179,0.40265423148466994,0.03732354542381813,-0.027068116777168846,8.993239748286731,-25.773075645435565,-21.842786089811238,1021.2386854726149,1563.9664642424098,0.0,9.009868464774204,7.25225728176642,6.349029740369556,8.33366937069345,0.40528528238930217,0.40438036200527094,0.4035630224368588,0.04610563944753684,34.9605076273323,27.29706558213736,23.621720202716304,33.78400113057355
4027,331867822303290.44,3.097641949259516,6.606295604931795,5.052515900083394,0.6022273638610098,0.0812473170636298,-0.23965781624470364,8.855858647063249,-26.27325762986219,-19.78488615288701,1021.2290790584524,1638.9724935471165,0.0,8.875046151212338,7.296473618505958,5.926491590005659,8.316914003423184,0.6532341029066067,0.6076832434031887,0.6481617596481308,0.25305532086328103,34.0610043736907,27.725625310565615,21.676437725315132,32.889599975794965
4028,331867855636623.75,3.0275054464903586,7.093796357494581,5.157998825521695,0.7293177814410375,0.1301813761017685,-0.3015359448371776,8.542131580286169,-27.71642257046363,-19.47507265127933,1021.2277610359066,1682.5564876540973,0.0,9.278614544974662,7.7128293116165985,5.980864579023,8.770798062074315,0.7998597020969843,0.7408452044859487,0.7891947493204238,0.32843738628938013,34.93489010734163,29.002897993811377,21.26608724489605,33.87445253988784
4029,331867888969957.06,2.9052644063586643,7.250145456424009,5.174428420071167,0.4280478431436104,0.18128471977408342,-0.3242860550757495,9.297358540833297,-26.81125448862666,-18.112562264106504,1021.2387606037929,1701.9393904942797,0.0,9.369091732105117,7.810580670485407,5.9342455919261345,8.907262127822774,0.566789688650082,0.46485385406971175,0.5370162023035142,0.371517960723516,33.66525144510054,28.377530602409877,20.359415207906654,32.35596203213618
4030,331867922303290.4,2.476466052188122,7.146035352786703,5.289357191264612,0.12249870030904648,0.22207765308307179,-0.16671547432129277,9.400199537864193,-25.755823520201705,-19.370041619682173,1021.228259501037,1704.3421459985911,0.0,9.229084725350628,7.562982571110263,5.840392418701237,8.89061981866619,0.3035102386320178,0.2536225849097252,0.20688156262842566,0.2776914355486298,33.56969926739972,27.41762565495848,21.530496132227928,32.22671186379391
4031,331867955636623.7,2.5647767637294754,6.833430647385012,5.28089688149659,-0.08074950210025181,0.21763502923854813,-0.1173269416135116,10.36031246324628,-27.418148068143275,-19.285550973210494,1021.231410826144,1696.4641102439475,0.0,9.0089803048618,7.298894043647119,5.8707709647683455,8.636182390710674,0.26009824926262504,0.23213247950492036,0.1424292572395817,0.24724606605574953,35.085942970982344,29.310252776506807,21.892202965357242,33.521445670300814
4032,331867988969957.0,2.290684678460935,6.612897032079904,5.398760846395248,-0.14506610654769636,0.15952667359645528,0.017905075580401365,10.509429359917796,-25.675507986646984,-18.81454703463999,1021.2294177300957,1682.31890541747,0.0,8.83879302448005,6.998402921597675,5.864627436820349,8.53680419322486,0.21636433760949947,0.2156222039996289,0.14616691486258948,0.16052835051880981,33.521142521730305,27.743103933112373,21.550760673112737,31.831099423222152
4033,331868022303290.3,2.797089519330709,6.556310517142969,5.281119021967708,-0.13347506539619453,0.06879785042884563,-0.36875299341162204,11.0870247612152,-25.16245869498875,-18.687604321000123,1021.229512752392,1665.0581640054388,0.0,8.871253321855844,7.128037414067718,5.976113109985357,8.418754404387187,0.3981551298880626,0.15016236980731298,0.39216624438183123,0.3751158679310455,33.24602233186816,27.49675336531231,21.728982334984337,31.342876109816046
4034,331868055636623.6,2.5291594348782342,6.817068561257591,5.000264776442207,-0.08669926504354733,0.036847740876288705,-0.2575968909593863,11.99502962738649,-26.232836486405112,-19.12753058745986,1021.2188812749866,1647.833118776287,0.0,8.824495399196993,7.271112103105015,5.6035074088968795,8.454293087148995,0.274282111700197,0.0942046631901913,0.2717957335776874,0.26021897363495244,34.61076237615345,28.845145967464735,22.577492379272154,32.46573788621906
4035,331868088969956.94,2.6145646615207014,7.416200435638825,4.887693087963167,0.028995695011706707,-0.011786314994456721,-0.23429854658702767,12.014872745260334,-24.493854636560034,-16.77828091103093,1021.2182567241493,1633.7564226834534,0.0,9.258807752241392,7.863585522574442,5.5430580090231585,8.881980219730982,0.2363799409492143,0.031299641377505724,0.2360859150013094,0.23459481271746427,32.02837480065446,27.28197357307079,20.636566512243853,29.689385734406805
4036,331868122303290.25,2.7233720540802806,7.631499523226235,4.898866500471569,-0.22942904578973186,0.04048417263419727,-0.21071211305545107,11.600776885466738,-25.12018347063593,-20.761307631026437,1021.2282720422975,1624.5474888308113,0.0,9.46865530618737,8.102872349849015,5.604966399041836,9.068554347989805,0.3141277604322094,0.2329735076910299,0.3115080763644501,0.2145659871045937,34.59239130928803,27.66950743950441,23.78255492785617,32.58919318038615
4037,331868155636623.56,2.6295104043330553,7.44504507371463,5.066440518161631,-0.3299332058172148,0.07241636730901974,-0.02159146298999215,11.484518221872387,-25.699683039099558,-19.66758518949022,1021.2386994170986,1620.17519861454,0.0,9.381462606662575,7.895759692147315,5.708164721744256,9.005415907869684,0.33847635342680543,0.3377869899138501,0.3306389444316456,0.07556666942695743,34.339216273592434,28.14902959426311,22.775163357797766,32.36182342662472
4038,331868188969956.9,2.3337427356858123,6.680235021008766,5.252563982745199,-0.362113855375635,0.11359928224637647,-0.024581999220846633,12.292760582168082,-23.888262337852318,-20.29616111117569,1021.2416142317392,1620.4972258026432,0.0,8.812566225856711,7.076149736422929,5.747676360860832,8.497939063605017,0.3803097630453259,0.37951448085929235,0.3629472674379847,0.11622853183528394,33.67039049526095,26.865610736637997,23.728592848740647,31.346183713059137
4039,331868222303290.2,2.436361794566752,7.236247611025755,5.508582682957003,-0.15360331662906487,0.12962785871327068,-0.014356255391384808,11.781862612411283,-24.908292682280738,-18.34408873036864,1021.2497934047663,1625.3712441631246,0.0,9.415074160997046,7.63538723851649,6.023316525718891,9.09438082900918,0.20150300916586603,0.20099094664694833,0.15427274856017645,0.13042041183591752,33.10197761934372,27.55422528331898,21.80178611869616,30.93426313481215
4040,331868255636623.5,2.3258030859309056,6.75883113764202,5.213684297662983,-0.24557135939139346,0.10882342588196178,0.10478383127327102,11.925631888821528,-23.371318033200904,-18.27396337897883,1021.2503939684383,1633.9598694638178,0.0,8.847240377506571,7.147807939619324,5.708928441504875,8.536058944434304,0.2883183689436542,0.26860348205863555,0.2669924041047652,0.15107014700791205,31.974629632459518,26.23812498172647,21.821054821523553,29.667427326704303
4041,331868288969956.8,2.1952953646360696,6.5860004807467245,5.455583415415838,0.05200946603856544,0.08241153276708138,0.032673934894858224,11.648120944956652,-24.486757733410954,-18.165501066226494,1021.2486115164686,1641.8207889594614,0.0,8.829389246881634,6.942242006037294,5.880706772196089,8.552122118805158,0.10278244651763185,0.09745073263263042,0.06142125510871726,0.0886523928302737,32.6384045999521,27.116047386060877,21.57925277982103,30.489124836272968
4042,331868322303290.1,2.4200330630672244,6.554342260137467,5.505744064470856,0.21241846845462722,0.01804035947141945,-0.09588217888477266,11.70573128574204,-24.62552231781657,-19.36074205038011,1021.2595836136733,1643.3465482728993,0.0,8.895458402624259,6.986842097068063,6.014131502535889,8.559942766542308,0.23375297332474518,0.2131831614139998,0.23305578295399795,0.09756457757582705,33.44067623569593,27.266105229006985,22.624377951125123,31.324984950780724
4043,331868355636623.44,2.380784844517738,6.076829915935805,4.977212326188614,0.506935420680441,0.005439086169302775,0.0036333496489996397,11.973420585409885,-25.079161690298413,-19.28240521531841,1021.2570849234003,1632.9291091610648,0.0,8.207840205746063,6.5265609859326155,5.517316287457991,7.854966859712155,0.5069776184689859,0.5069645987628848,0.5069484411359084,0.006541015825465227,33.82511348822037,27.79077457724503,22.697443719565772,31.63503598821835
4044,331868388969956.75,3.040886702035637,6.74551602356835,4.897541471035745,1.1540015253649119,-0.024616893673624213,-0.004631239435965218,13.764564532142158,-25.196551755840837,-17.483352534310193,1021.2487166878805,1605.1822663747591,0.0,8.873268327924583,7.399255257040032,5.764798729802467,8.335940192007879,1.1542733473390934,1.1542640564440538,1.1540108183735787,0.025048749127486572,33.61542909116649,28.71113820704905,22.251535960433753,30.66812410669646
4045,331868422303290.06,-0.6781802937976247,12.31938826082406,5.849089656413859,1.275659830394993,-0.20420814536844636,0.3491473047763233,10.214248700631666,-24.261435982245477,-15.548805918051109,1021.2517483587412,1562.7141664878027,0.0,13.654270593502703,12.338040996520682,5.888274647098505,13.637418264821873,1.338249905641982,1.2919013002231259,1.3225777267578467,0.4044809106341006,30.573084860971626,26.323908380765786,18.603662058733942,28.81636065497891
4046,331868455636623.4,3.2268343560540695,9.121228285255203,4.947238783648405,-0.47975990449033074,-0.23219941874881733,-0.07199587672157781,12.10809787096948,-25.322395588107963,-16.38262635378627,1021.2686356095722,1518.1677795748908,0.0,10.866666323007504,9.675188132183811,5.906575280468863,10.376510830436912,0.537837840142146,0.5329973133364369,0.4851319121862423,0.24310486694469374,32.49954151401797,28.068305121143407,20.37146239965968,30.15981041996786
4047,331868488969956.7,2.79774656506646,7.08088935234081,4.783935610635448,-0.5394533596325626,0.18755473580577173,0.35961223712338847,11.596713920811519,-25.39499535204887,-15.72074020139355,1021.2796631576073,1484.822625406854,0.0,8.991797361436733,7.613565515737986,5.541969484673037,8.54546862066671,0.674913081241518,0.5711275743142085,0.6483293054519031,0.40558320972651346,32.03952613837225,27.917549367588254,19.535236017024598,29.86716359834484
4048,331868522303290.0,3.0394089560833724,7.70970274869805,6.360120150804324,-1.0104298374140677,0.057804568549683695,-0.1663558266645227,12.47676234373868,-24.30847240684842,-16.56267487377314,1021.2687648273159,1475.9582237545224,0.0,10.446465986555898,8.287190312500497,7.049052073505134,9.994530744659777,1.0256627542945445,1.0120819257756926,1.0240325763382023,0.1761125469989342,31.951426076326587,27.323459322286528,20.73624357390826,29.41469071278546
4049,331868555636623.3,1.1768699740292516,8.176469620053345,5.932378642909284,-1.8265059323712582,0.10123802201739233,-0.2236102595861842,13.264695212147352,-23.80811799754113,-17.386559278772545,1021.2619771764573,1501.2463121673557,0.0,10.170191480315063,8.260731104655743,6.047986383798976,10.10186971854723,1.842925556359126,1.829309448422927,1.840142784997838,0.24546015011442224,32.32755891202239,27.253965246473896,21.868803868191705,29.480823023435313
4050,331868588969956.6,2.994732652123258,4.60353458613055,5.1811257567378535,-2.727107422883352,-0.41972653756372325,-0.11116219883040254,12.33086950566184,-21.67422498087781,-21.381605565527455,1021.2590727200474,1550.484253725764,0.0,7.550166782960875,5.491898974252292,5.984353579529338,6.930843728784581,2.7614565534749085,2.7592182338989986,2.7293720762098905,0.43419742143872936,32.848065815922304,24.93636644115114,24.682451242237992,30.44577286063703
4051,331868622303289.94,1.3988028708586993,6.3429281781097435,5.629362934997312,0.32751646965854275,0.05261073789297476,0.011182705840447013,10.901878698721072,-20.182553933232168,-19.969509242928115,1021.2403384391164,1606.6625327391253,0.0,8.595296062271657,6.495335814581193,5.800549674422596,8.480711345552338,0.3319035711605894,0.331715130253714,0.32770732492196314,0.053786082322077135,30.41328232586619,22.938754160360443,22.751533103617867,28.392195805735362
4052,331868655636623.25,0.5807048324160853,7.467003912611489,5.939761019343983,1.5911973783689992,-0.2025039638356511,-0.8462236551666019,11.919281963784176,-22.060775946376097,-20.90878545492485,1021.2177555506241,1652.7656207283976,0.0,9.558981457261279,7.489550422645319,5.968080015323996,9.541326343746636,1.8135631852408811,1.6040314686119868,1.8022218430292927,0.8701162738006195,32.64849808319632,25.074830366094144,24.067542286911383,30.394985516632232
4053,331868688969956.56,3.5392468026153097,7.239372136086954,5.624012168828586,0.7343625271244493,-0.2894720997794984,-0.8540739313237078,12.970310616597017,-23.410731234213188,-18.769327475246747,1021.2289662423098,1672.1683799460707,0.0,9.826713068453097,8.05821176530965,6.644981625629578,9.167225414479793,1.1629809533960962,0.7893556978925023,1.1263794216032805,0.9017961946678892,32.689125841549,26.76361885865912,22.814833143463083,30.005832612904065
4054,331868722303289.9,1.9831163688400262,7.284824693808911,5.779582347934864,0.46778502239073855,-0.09819389344901724,-0.0971926976348439,13.14179398287439,-23.00637968981157,-19.744472838749957,1021.2292316870851,1660.985876949168,0.0,9.508154051573293,7.549928566012353,6.110345542514066,9.29904527013867,0.48776150766262694,0.4779799869071724,0.4777753108383081,0.13816099733360043,33.04306982107175,26.495287420975224,23.71815668993795,30.31728408205308
4055,331868755636623.2,2.3616108651758654,7.213651935340053,5.980721867173291,0.37206732055093084,-0.24815945419302557,-0.18208805803585562,13.356042269977316,-23.656469701140004,-18.337420952621788,1021.2385722476719,1630.5973716131998,0.0,9.663488716567985,7.590387349981026,6.430104192857335,9.370475350627634,0.4828801783119686,0.4472328316742069,0.4142344166063682,0.3077972962594855,32.776110675796,27.166384077355158,22.685785688643744,29.931414365422285
4056,331868788969956.5,2.7468382657318346,8.056124007985924,5.759867165434853,-0.17450890934815547,-0.286143445379758,-0.24095739331919913,13.58502349153596,-23.416069415932594,-17.84413261121113,1021.2386421775725,1593.2824876897312,0.0,10.277272218521333,8.511536552828511,6.381315712417244,9.903393549460796,0.41278553289918546,0.33515881425927213,0.2975127305462171,0.37408359591003426,32.42342114589153,27.071482599912358,22.42690196866416,29.4401999914787
4057,331868822303289.8,2.6758604487407167,7.080831810306934,5.1878927989255725,-0.34492947778724803,-0.24825338860126384,-0.08466355184876041,13.352552749956438,-22.569878499974305,-18.996268357416017,1021.2074582302215,1561.3208489303265,0.0,9.17674451862605,7.56957120760413,5.837333366724799,8.777950262959935,0.4333289819643287,0.42497775188660614,0.3551679344454273,0.2622930840942206,32.38129540260761,26.223845645594615,23.21957959239,29.50012927108231
4058,331868855636623.1,2.4727173619369016,6.950459452217532,5.1947280884597244,-0.004294139524351377,-0.24235981815845895,-0.03703372909682129,13.726306080608472,-22.485186516691684,-17.156659842708414,1021.2191825512884,1544.4454476801138,0.0,9.022661340312883,7.377209346964761,5.753219191466341,8.677216518558959,0.24521055887312976,0.24239785702859645,0.0372818551720719,0.24517295639735234,31.437971758167958,26.3437865787924,21.971855988444688,28.28311492125323
4059,331868888969956.44,2.5235388067372253,7.593092651045404,5.281563407602085,0.1521464267972416,-0.23473449822749978,-0.07590064450077223,11.952148588376042,-24.00913915103022,-17.487206625919118,1021.218750681485,1540.4281526443176,0.0,9.587398820586833,8.00145637471507,5.853474193812602,9.249322571728216,0.2898443162818914,0.27972990516797536,0.170027771328101,0.24670061307939367,32.017105025747426,26.819631217676196,21.181507298967393,29.702544644375532
4060,331868922303289.75,2.5602381372033918,7.201955303475187,5.080756838352931,0.03436608310224809,-0.16454831422498337,-0.053222077304365956,13.070750552120202,-24.31473852769099,-19.643356800434724,1021.2186610963176,1543.5322329721266,0.0,9.178075482524381,7.643492625262686,5.689368099328849,8.813753470782153,0.17632289951865693,0.16809870725878437,0.0633531150014151,0.17294142715635188,33.8808573689468,27.605271773082244,23.594617741869346,31.258086570664652
4061,331868955636623.06,2.335007183449935,6.702147098661884,4.9337892334797235,0.2029384023426514,-0.13091149303392538,0.014047423843362132,13.168969576118359,-22.77947087709826,-16.90377772455378,1021.2090102318846,1548.0204994430037,0.0,8.643686162700792,7.09725540465219,5.4584370242005384,8.322322508320761,0.2419073051199455,0.24149909762514507,0.203424003652526,0.1316630135041977,31.274010847641836,26.31208948634256,21.428006464854622,28.366212203988187
4062,331868988969956.4,2.5315457017477963,7.312142178341435,5.173560593470847,0.3864946524591667,-0.14308208777920003,-0.06439569044644682,12.372301458362253,-22.67192821520714,-16.71159870592608,1021.218732176123,1548.3073205746687,0.0,9.30816179976648,7.737967877700034,5.759726803794792,8.957296045715708,0.4171299619673242,0.4121293488976328,0.3918225635764314,0.1569053497855612,30.763089956634857,25.82808882538734,20.793060733920413,28.16547284004683
4063,331869022303289.7,2.5975005447033728,7.248055049474443,4.926164290474226,0.08900512418644208,-0.10380070774509166,-0.029096372178050688,10.935918541140747,-23.0529600377549,-19.002920665506686,1021.2282362391246,1543.056217712334,0.0,9.1404816993794,7.699435763739204,5.569030768138901,8.76364060290901,0.13979663062373696,0.13673514200755382,0.09364032787943247,0.10780160389486593,31.814214977904633,25.515353825506523,21.92499277441174,29.875574644211706
4064,331869055636623.0,2.5252267086359788,7.3006668400210515,4.855707502202923,-0.04939003356098453,-0.06740078548578979,0.05931260883992156,12.658624055230778,-24.724493871398924,-18.643896491365954,1021.2188018662423,1535.6529061485019,0.0,9.124384997682924,7.725057037911854,5.473085535322671,8.767989031467405,0.10247061464953829,0.08355980672103443,0.07718394251755166,0.08978224463388622,33.453493637425645,27.776633348347136,22.535208881934842,30.966037421304176
4065,331869088969956.3,2.6628765422234477,7.32180843393816,4.961232333353231,-0.16777299135587687,-0.055056669660405115,-0.0003336983277290109,10.831030877129448,-22.900771432965186,-19.73385071804065,1021.208063945294,1529.7295976959017,0.0,9.236537039817543,7.791007009521418,5.630696026659,8.844360067794476,0.17657611632711837,0.17657580101076734,0.16777332321639535,0.05505768092345429,32.11201373704488,25.332914599118787,22.510799497646566,30.230286078481424
4066,331869122303289.6,2.537497821916224,7.269000458660852,4.972558245709971,-0.25208167399621245,-0.057432300666847784,0.006923626962130036,10.770763895118508,-24.755159016464233,-17.677524011434944,1021.2282148919127,1528.9185041672622,0.0,9.165347695053335,7.699172868837357,5.582582798598495,8.807082557520957,0.2586340583429233,0.2585413690777937,0.25217673757712755,0.05784812676481355,32.26952289683995,26.996800788516012,20.70034323530041,30.418953846332215
4067,331869155636622.94,2.9164209162396086,7.243683661056094,5.048698592175258,-0.2513597453584703,-0.06768572180109561,-0.03451849511835382,11.726790967143188,-23.091001526779905,-18.061530820434907,1021.2288397033128,1535.5395963045812,0.0,9.298699985307803,7.8087427888316885,5.830511850199115,8.829513602463244,0.2625920886615706,0.2603134236308422,0.25371883669115075,0.07597949355563728,31.574212159202688,25.89810761227204,21.53454252972631,29.315750836150723
4068,331869188969956.25,2.7719249831156145,7.160943130656565,5.145058359688424,-0.155801350796686,-0.06325004611393213,-0.10112766993973504,11.715593796573842,-23.371242600971815,-18.668819674198605,1021.2438462070788,1546.2289033652023,0.0,9.24306768108498,7.678715689001511,5.844244488094268,8.817637554645643,0.19621782505910756,0.16815061475797985,0.1857440888359896,0.119278556165199,32.12467815788268,26.14326143999251,22.040416648377235,29.91220166990763
4069,331869222303289.56,2.727071940812063,7.392086351432082,5.247399824844419,-0.10166603969369017,-0.06577737806140119,-0.15582283154803114,13.489383431512827,-21.920022241477515,-18.996983833679764,1021.2487003234482,1556.0838621581306,0.0,9.466523486432079,7.879077483905901,5.913723555607052,9.065216243907571,0.1973408268029644,0.12108941775246708,0.1860557401926774,0.16913727648356702,31.989626993860558,25.73812037483005,23.299117153649043,29.00642635424018
4070,331869255636622.9,2.3924137252938706,7.420912355791814,4.273084393125875,0.24326286557106652,-0.11264420023580357,-0.15146426521353581,12.027465378329705,-23.461077859009634,-16.687863071209648,1021.2571184473297,1560.2018829391661,0.0,8.89116605716562,7.797024023646337,4.897233266217817,8.563246488518216,0.3079073907026054,0.2680774843447517,0.28656281231611874,0.1887594752149945,31.202033132744322,26.36440967921398,20.570481212416066,28.79074414095535
4071,331869288969956.2,2.500501339270786,7.401287128616311,5.16625424382072,0.6971758800125998,-0.11906649324487543,-0.14371972283061896,14.08212958344607,-22.306719279950272,-17.82691997906723,1021.2477852251209,1553.816724815274,0.0,9.365988523360045,7.812269715512675,5.739572271475515,9.026030914638897,0.7217245985938714,0.7072701304911546,0.7118353506267112,0.18663383547508716,31.83857997115353,26.379842657595063,22.717954343316947,28.555013587364506
4072,331869322303289.5,3.9899188835150325,5.207327493067734,5.351035168504198,0.4823846655401039,-0.102357626231094,0.0651301893721853,13.012645452163563,-21.666062160356404,-16.993041308769314,1021.259608331939,1536.9946258494717,0.0,8.46577165364491,6.5601609978024875,6.674805620510503,7.466581345878971,0.497407268506964,0.4931247805534642,0.4867616532923425,0.12132198982592175,30.455059417470867,25.273448344065372,21.40309310789572,27.53509946337525
4073,331869355636622.8,2.59427987157688,7.926780164032765,5.268676623664398,-0.2908335804618005,-0.19418068779505873,-0.4085737797387322,11.713667265730887,-23.434086605988615,-17.34781205194629,1021.248711450868,1515.821267438276,0.0,9.865246331730392,8.340511484373861,5.872754159405672,9.518024854645578,0.5377944258978394,0.34970031603759333,0.5015144115718159,0.4523700620095854,31.421537181667023,26.19859568505973,20.932190133904005,29.15652582264608
4074,331869388969956.1,2.578337449168183,7.8148913024989675,4.394684713166755,-0.7070512576687098,-0.08693847204411669,0.07348096742850277,13.511273555963244,-23.060667690285133,-17.792277780771812,1021.258340555503,1496.7596683402446,0.0,9.329180231928133,8.229237514597393,5.095201441545236,8.965811719973578,0.7161558709292961,0.7123761498620443,0.7108592923674368,0.11383211539629026,32.10785038045958,26.727306400492967,22.340986140549344,29.126612280694555
4075,331869422303289.44,2.993276338823641,7.328076898119763,6.068922868211945,0.0477932462154394,0.16564862538645272,0.4946246774958958,12.456315968327086,-22.76878108315979,-16.93995283830701,1021.2532804874028,1486.2728473139366,0.0,9.974579642552559,7.915833137788973,6.766943772551044,9.514858685501455,0.5238103025563261,0.17240551463404807,0.4969283308201783,0.5216253815530263,30.99256687787769,25.953365861014163,21.026692789567885,28.379207074492424
4076,331869455636622.75,2.085941633863146,7.361773993211484,5.567945493907003,-2.687130936252973,0.21148959136726062,-0.22057419660968403,12.611656659513754,-21.475810064722882,-18.87560149996201,1021.2489181357432,1489.0945457702314,0.0,9.463027308960273,7.651592568021942,5.94585313668299,9.23026182457704,2.7044506821228,2.6954406904668615,2.6961686973885346,0.3055827604212948,31.249842137503325,24.90510593499876,22.70115009603755,28.591935050314813
4077,331869488969956.06,1.692845053350569,6.1278217603757446,5.055926256615029,-2.12192285350437,-0.07432101129860624,0.4684189594490209,13.219356210442786,-19.906855968054032,-21.380159477270244,1021.2494212796929,1501.1770289472647,0.0,8.122703627113157,6.357351956718142,5.331802198786331,7.944343260412641,2.1742806926696194,2.123224012897503,2.173010105313694,0.47427832998330316,32.0647082073879,23.89632384178413,25.13687725020912,29.212910396027937
4078,331869522303289.4,2.084144017012449,5.789552733429859,5.894591602519847,1.2002957539969832,0.22619061240717778,0.08164441903922638,13.144649212724003,-20.89829473728583,-20.129662243153945,1021.2485526450994,1515.6919055213104,0.0,8.521078998419826,6.153257441129369,6.252188932217762,8.262271540784813,1.2241478265979862,1.2214221588805079,1.203069286543148,0.2404745398194722,31.854730070673835,24.688469491891038,24.041320782124746,29.016237263813622
4079,331869555636622.7,1.3395311183507534,7.2786710246742965,6.184736420411688,1.4951991022644373,-0.045799267591336165,-0.37228538271368417,13.269214392865196,-21.658962551174962,-18.69715159236103,1021.2386774652201,1525.8096809947467,0.0,9.644913690253013,7.40090504617261,6.328136234863848,9.551440544514735,1.5415298681850302,1.4959003737964245,1.5408493636934968,0.3750919608498389,31.539914189242,25.400447031440613,22.92717881187194,28.61283167498331
4080,331869588969956.0,2.6079925924533285,7.530573829457672,6.241991342908821,0.5028638843506487,-0.06233279297418533,-0.21658497887419664,12.290981112807575,-21.557990786232537,-19.881474914962528,1021.2389480117395,1524.8879064264647,0.0,10.122925638774241,7.9693894096853,6.764915467856202,9.781206373748661,0.5510594490053877,0.5067124068583532,0.5475227294443207,0.22537619695499977,31.797613562167896,24.81562377726338,23.373944072613778,29.32609778906105
4081,331869622303289.3,2.6282203960404398,7.112167750039609,6.399465007735014,0.30340849359207245,-0.030122494831550824,-0.009548347155716778,12.954114491333204,-21.22500324820783,-19.03187785602304,1021.2387500419742,1512.261952385566,0.0,9.921876079658087,7.582247196897925,6.918142441102804,9.567449110913962,0.3050495854973312,0.3049001126249177,0.30355870094137766,0.0315996143692117,31.313291425009638,24.865836908115558,23.022194877577355,28.508124063379075
4082,331869655636622.6,2.343177678531282,7.243983570458885,6.477033154912932,-0.02045863150535469,-0.09144591871362924,-0.030448119190598165,11.935509982199733,-22.504307487864615,-18.921134601913298,1021.2386474928861,1494.357525221555,0.0,9.99588605837856,7.613526095196988,6.887847277851667,9.717368803277955,0.09852918153875252,0.09370651872976382,0.0366830146705088,0.09638176182050502,31.731838721814867,25.47352064484901,22.371091461055496,29.40158482347644
4083,331869688969955.94,2.731414398192213,7.316776575271005,6.001328090144385,-0.43269925180106344,-0.09158649090252008,-0.2090418490224782,11.273593314568764,-21.59033936345759,-19.823396845647533,1021.2384122500608,1478.0119139190524,0.0,9.849455970389545,7.809983615033147,6.593676020264249,9.4631473780128,0.4891985511709679,0.44228579880552066,0.48054878748357766,0.2282248451824953,31.403880692544742,24.356450070803746,22.804845290471015,29.310575162034862
4084,331869722303289.25,2.418879586699066,7.330094277094143,5.8109307158106125,-0.4491836586908174,-0.07809926497239734,-0.08305512828829537,11.918809275457702,-20.734431216374464,-19.789208909912258,1021.2387175029183,1470.062407462679,0.0,9.661685999347577,7.718889853213204,6.294274719052282,9.353993686925362,0.4634259474382964,0.4559226408329569,0.4567976724654515,0.11400723452577004,31.041704877333192,23.9159915623689,23.101316062616156,28.662334642291697
4085,331869755636622.56,2.3645626275557508,7.220038509068306,5.9019717795149065,-0.35528698646643747,-0.06999615530339331,-0.06573875812520139,12.616494612873844,-20.595934039817166,-17.013938486370243,1021.2308315628495,1475.6299679556905,0.0,9.620466900221267,7.597375368642953,6.358020706621181,9.32535398570047,0.3680351733591546,0.36211642397115773,0.3613176262960973,0.09602627805502245,29.543908646405686,24.15302124557452,21.18136065352425,26.71453914613707
4086,331869788969955.9,2.201730432556006,6.938814759135857,5.701989932798247,-0.219632292741774,-0.07181094764834388,-0.05480476652959519,13.162510689471164,-21.121693527680275,-20.021051762064015,1021.2392598354062,1491.5300799696763,0.0,9.247024189055495,7.279750487430517,6.11230775496259,8.981082309796195,0.23748414400023624,0.231073919378976,0.22636675208469054,0.09033479194926294,31.94088506580461,24.887298469855935,23.960262964118094,29.102722400773736
4087,331869822303289.2,2.2672905063140103,6.589436587211014,5.61714061342887,-0.01695986144641737,-0.05358334008735866,-0.00032419989547952197,13.877453672403062,-20.82317302682915,-17.39409425555094,1021.2360159529593,1512.0693424562137,0.0,8.950617266307885,6.968592453063731,6.057464396185396,8.658691772312213,0.05620423774744606,0.0562033027072183,0.016962959819969606,0.053584320845651914,30.47528129986577,25.023753821818147,22.251701854030927,27.132251102263066
4088,331869855636622.5,2.1801007726326715,7.0323498145696925,5.843297811714788,0.14895230612496663,-0.010714464878814013,-0.09740629327478442,12.78230503298748,-19.939481819342117,-20.793761846377443,1021.2282190295758,1531.5538238497156,0.0,9.399516615746938,7.362525605613332,6.23674343670031,9.143198194880673,0.17829631299361864,0.149337166363853,0.17797408651115218,0.09799380453463705,31.517467996399617,23.684810684913906,24.40835622650979,28.809086534420647
4089,331869888969955.8,2.2274796411613993,7.078805523485335,6.123402694566753,-0.09450122646591903,0.023765924580029664,-0.1111524212980534,12.959913182738127,-19.772102074710567,-18.437111014927947,1021.2389949220161,1544.4037138249823,0.0,9.621185672823406,7.420994083754211,6.51595933931573,9.359783555144524,0.14781800206715867,0.09744383497536709,0.1458949710030571,0.11366476996661548,29.98036745494726,23.640968046103428,22.53633537824832,27.034479522076087
4090,331869922303289.1,1.7468502288370544,6.3887739219606905,5.845029855177633,0.036221601496202085,0.026705407852723784,0.069828808508021,12.230926707701707,-19.809845792608698,-19.23548198557664,1021.2593409755494,1548.7709537794897,0.0,8.833588849150209,6.623286038509363,6.100480286822172,8.659145814330813,0.08307373665112132,0.04500203577095141,0.07866426706325774,0.07476122862975292,30.19982327222381,23.281442362021032,22.794721655387992,27.61220305488825
4091,331869955636622.44,2.2116464967756615,6.845837693030114,6.029426419876062,0.10902860658746234,0.009227100637032306,-0.14601494286526148,13.119827132353825,-21.027740009302136,-19.05673138324075,1021.2486537889549,1547.2828335678557,0.0,9.386738352522212,7.194225041379505,6.422255303193694,9.122470974029532,0.1824629824937517,0.109418355135551,0.18222952722967048,0.1463061957885294,31.264272339119717,24.78498968895596,23.13631074730456,28.378246262089533
4092,331869988969955.75,1.9693707541832608,7.035788435329758,5.759714004439114,-0.125162756669849,0.05485936773300611,-0.1691333675368912,12.557227865893864,-20.51347651198513,-19.468643788228594,1021.2587256706153,1542.8310245947919,0.0,9.303496411945584,7.306212430127686,6.087095085536647,9.092668712740611,0.21744277844902127,0.13665747650699914,0.21040867774777006,0.17780789139527614,30.943735734986472,24.05175025406149,23.16704691213175,28.28128019663709
4093,331870022303289.06,1.831079745105028,6.883851080825335,5.810423448214298,-0.2579722984642097,0.07604346251234945,-0.1545574438448945,13.36474118962901,-21.726930588769786,-19.26510187868648,1021.247355511623,1538.3071982650094,0.0,9.192457744448573,7.123219688870618,6.092115698219497,9.00824213432003,0.310194001253477,0.2689466768074564,0.3007286321964954,0.17225159400927126,31.96591888670113,25.508348042846414,23.44697117885241,29.037969336807794
4094,331870055636622.4,1.6871554309726222,7.007814748579738,5.899789447429248,-0.34752370827659074,0.07868907550586976,-0.19485559585837392,13.420935340404036,-20.428826143034275,-18.745635409153042,1021.2417516413896,1536.4234995372808,0.0,9.314691434646111,7.208048348802339,6.136286252470457,9.160621325784033,0.4061199350630345,0.3563210608682588,0.39842368284482654,0.21014441187262253,30.803527231252577,24.44296305674962,23.05472516219177,27.726084910697598
4095,331870088969955.7,1.7725916964395032,7.684156000187682,6.132616449489476,-0.4956952134558162,0.09142698728765072,-0.1734915131367823,12.998219903028893,-19.241584713721906,-19.35141216026486,1021.2487143912942,1538.954195390714,0.0,9.98986082355783,7.885958074800209,6.38365614979654,9.831339580737168,0.5330778027436461,0.5040561860026156,0.5251790644851502,0.1961076213077568,30.226965701824582,23.22051470021354,23.311603832511036,27.28948029720946
4096,331870122303289.0,1.9286420525480321,6.826244600416237,6.151745703758006,-0.8719772494538369,0.19713042904192882,-0.7390201355698965,13.567307020432715,-19.82310539731193,-19.049662111449585,1021.2498661928922,1547.3682936758785,0.0,9.389422278035726,7.093467100901259,6.446986534076348,9.189210550880686,1.1598946031416313,0.8939825108017124,1.1430201592022895,0.7648602269905288,30.65806507169065,24.02139311904329,23.387206894947518,27.49263781730184
4097,331870155636622.3,2.1139506960874086,6.779130392995583,6.31180706245614,-1.380800531716422,0.3364578200116717,-0.6025969643927198,14.692586227748581,-18.54392249388071,-21.14062253812743,1021.2486118759713,1563.1346373125107,0.0,9.500752855663391,7.101084172908028,6.6564026274827786,9.262586964714968,1.5436764798786957,1.4212015947906054,1.5065633773206073,0.6901644486224477,31.728143229922292,23.659018397196498,25.744863785994454,28.12121943939552
4098,331870188969955.6,0.6938584134371402,6.094071924317378,7.248111120665818,-1.0843415033608366,0.2823052494567798,-0.1783143232929908,15.1612454921417,-17.208232065948877,-20.871622325478562,1021.2763129400829,1587.630662773916,0.0,9.494960080704411,6.133445370805124,7.281246755564394,9.469573772682317,1.1345874790747212,1.1204877285279362,1.0989051341231764,0.33390455486904025,31.009857049105424,22.934398089083093,25.797053773064903,27.050838606833732
4099,331870222303288.94,1.6448792640577055,5.439579557730765,7.433126894687973,-0.7916309320373306,0.0733446997766518,-0.5652104152615514,15.63145418213165,-15.731995795155388,-21.085686599595505,1021.2792694942509,1619.2207444214189,0.0,9.356603496501448,5.6828385124169625,7.612949705985236,9.210884930201663,0.9754597844420626,0.7950213692370915,0.97269848672568,0.569949347315586,30.60137629132437,22.17742211229402,26.247829228803713,26.30782908328143
4100,331870255636622.25,1.390435674238653,5.178557659893214,6.969077090405038,-0.3225633905966251,0.07421965914996465,-0.2562216556409717,14.301938016054693,-15.622240187515496,-20.98522344076612,1021.2583743447045,1652.641911476629,0.0,8.793111297660376,5.3619745244671,7.1064299656159164,8.682482071898969,0.4185752448209623,0.3309919919839872,0.41194256610915025,0.26675474620658135,29.815757953645495,21.18017515252163,25.395374261348273,26.16168938228768
4101,331870288969955.56,0.7990057102965289,6.135262256948744,7.272799636256966,0.20904423179019738,-0.0003373059957646773,-0.1677287812030993,14.542071429786214,-16.67738303675289,-21.52784178264009,1021.2697635767753,1682.4156027231245,0.0,9.548479859944498,6.187071446704511,7.316558253320062,9.51499119866536,0.26801594852539223,0.20904450392222357,0.2680157362705237,0.16772912036737073,30.871587556229787,22.127063664742717,25.979218873695736,27.232023001843938
4102,331870322303288.9,0.8260587327830791,6.361546224286282,7.295360227678932,0.30105796302212623,-0.10372369344339792,-0.011425082427598189,15.877144431523261,-16.450066483624344,-22.825352009814818,1021.268695947434,1703.0632569444815,0.0,9.714624246224751,6.414954668096902,7.341978880493104,9.679439612670283,0.31862993297719117,0.3184250330620567,0.30127467468658786,0.10435102821734629,32.30611547349926,22.86237963588023,27.804323578742345,28.13541152511579
4103,331870355636622.2,0.9677193535344442,6.423416372090491,6.805139230363666,0.7144157328609252,-0.2744624305757022,0.22740478531334093,15.291890450735044,-17.793077430151566,-20.974280489757902,1021.2689591617294,1710.3072550540428,0.0,9.407798816996454,6.495903219448801,6.873601726303301,9.357894946721446,0.7983936382137208,0.7653231116049841,0.7497351370601617,0.3564303048015542,31.46992151333857,23.46136223650815,25.956932708244256,27.504800426442074
4104,331870388969955.5,1.0790991270697585,6.091482290726253,6.3416190680493285,1.2236720278000908,-0.26848345069164753,0.24603204726639302,15.202042357372921,-18.20603411945502,-20.802927733598228,1021.2585408543054,1705.7656829836924,0.0,8.859274452714573,6.186324548896079,6.432774465989738,8.793309325986343,1.2767099761487624,1.2527795476123005,1.2481606466727264,0.3641636055090994,31.54874914292849,23.718384645547022,25.765556351933693,27.644556076162097
4105,331870422303288.8,1.135899550257066,8.157905348091102,6.230502095411758,0.0019208780737504194,-0.14815624614223538,-0.1491677534568525,14.94373163301191,-19.560275627752937,-20.136977475497158,1021.2559408528314,1692.8628816890514,0.0,10.327673688571783,8.236606549829098,6.333200150729843,10.265017098346389,0.21024980788313974,0.14816869792075804,0.1491801208068238,0.21024103296531568,31.8027885507203,24.61543210575728,25.076143582460215,28.07315879060184
4106,331870455636622.1,1.3219558388823247,6.953488150660405,6.2320407570878515,-0.5892724346662533,0.020776695037871756,-0.030704679154839806,15.97529434669545,-17.696554806503343,-20.20719964892652,1021.2688786829381,1675.0236606097833,0.0,9.430636070771358,7.078033957345057,6.370706337444789,9.337522661786625,0.590437507816189,0.589638595509309,0.5900718427272187,0.03707355362921633,31.252343898253653,23.84068122942665,25.759288559957078,26.860732858043033
4107,331870488969955.44,0.7845602883944753,6.308870630928566,6.830146145883896,-0.11979779323395374,0.05542354151310069,0.17438078792663056,14.935550133519438,-16.646943177090698,-21.43402042659028,1021.2581761874246,1655.6287322027902,0.0,9.331038519803208,6.357466750516169,6.875058633950569,9.297996827915442,0.21870514263613472,0.13199727352327975,0.211565995522999,0.18297657815077562,30.977550041597034,22.36495863917837,26.1244691704609,27.13923264922529
4108,331870522303288.75,1.0338513138780634,6.052172232119926,6.073327501409018,-0.025963520159204993,-0.03559600680193875,0.08311446218319672,14.760101966381168,-17.547144798168745,-21.610724959022416,1021.2494850518267,1636.6297527919846,0.0,8.63614174303676,6.139840166197398,6.160694399057504,8.574036136302121,0.09407015415796421,0.04405882521471849,0.08707535933350767,0.09041620166898025,31.508512086107526,22.92952028773977,26.170289324202813,27.837487742654055
4109,331870555636622.06,1.6386281599869272,6.438534945780961,6.513335968193267,0.5941752479092094,-0.13133801046108073,-0.022824797583349876,13.823236679752661,-19.071223507068307,-19.230653743944025,1021.248696023616,1618.2719476840953,0.0,9.303944321055717,6.643781641109586,6.716297170410365,9.158508485698027,0.6089457033304089,0.6085177879239402,0.5946134850578915,0.13330658039495216,30.407424780478905,23.554053544156986,23.683325689689944,27.08375176145327
4110,331870588969955.4,1.5411697930790316,6.874568702979326,6.421281257843963,0.10799895747170475,-0.10106902753709861,0.18609880582817404,14.453675866273851,-17.272599739903832,-20.66388818279988,1021.2545696857652,1600.7004224332845,0.0,9.532457824476344,7.045203984490592,6.603639702727383,9.407047775169476,0.23772145185687873,0.14791458056009857,0.21516630857466398,0.2117727882849145,30.565466177591496,22.522243401185264,25.217157271956008,26.932117937625744
4111,331870622303288.7,1.1653725458278967,5.826386875139185,6.092335577279565,0.4232010336621931,-0.04022791917814812,0.16296996038827116,13.49083046495323,-19.560694005582093,-19.181904730902527,1021.2586719604087,1584.0602825937142,0.0,8.51007814156544,5.941790739277474,6.20279339948992,8.429907283296803,0.45527640874869296,0.42510869242365806,0.4534956701906903,0.1678615306446307,30.537988239560676,23.761802469806987,23.450969611927157,27.396463623713114
4112,331870655636622.0,1.3128005593893783,7.0583952522933915,6.296648893280397,0.6562679885004854,-0.10553814600252162,0.14378029573889978,15.121310942596804,-19.378253777586863,-20.34821884717618,1021.2703008870257,1568.4423493449788,0.0,9.549459468031696,7.179442098542961,6.4320473096816,9.458791192475237,0.6800726037967478,0.6646999119844405,0.6718336447166358,0.17835659142407675,31.909571829528414,24.57988535553527,25.351608526388887,28.09923005566408
4113,331870688969955.3,1.4447180272512075,6.76264474695418,6.0312553992936015,0.35238921553304337,-0.10617924830515002,0.2860607261894257,13.882075800996816,-20.330432782208906,-19.63181297500288,1021.2572942710517,1553.672713646082,0.0,9.175871394220813,6.91524216146995,6.201874867310114,9.061424041783674,0.4661361722315293,0.36803830234724266,0.45388203125042886,0.30513074548243785,31.487245137389003,24.61784973665523,24.044128373266368,28.261892678966248
4114,331870722303288.6,1.3476639876625283,6.645136663513136,5.558269781746007,0.31948168296821017,-0.013994199817605281,0.3342401332162955,12.92387269504198,-20.642237006116186,-18.814503264744577,1021.2496360882234,1539.4968877718154,0.0,8.76746271546562,6.780415879605687,5.719314748316731,8.663267526946013,0.4625806416541682,0.3197880288264947,0.4623689137524785,0.3345329644160378,30.775216768585214,24.3542282582373,22.825687690335553,27.930046217572876
4115,331870755636621.94,1.5404506428942502,7.199549834094909,5.78315769433617,0.41094151630962583,0.017342560893028706,0.30071384304328863,14.832216404939233,-20.747552345439164,-20.23061144529739,1021.2490777893805,1525.6603649404574,0.0,9.362233649849216,7.362506773973749,5.984805853221386,9.234632138378641,0.5095120309109948,0.41130729904194857,0.509216795898091,0.30121351200799745,32.55354375886417,25.504030501269533,25.08530013640551,28.97824300707922
4116,331870788969955.25,1.883908080815132,6.815556785342501,5.5185287656188,0.4138336911582684,0.06033414541198805,0.24720780589856392,12.870815118854377,-20.965277953681476,-19.347201406746045,1021.2486878638264,1511.9086383702866,0.0,8.969675785007556,7.07113314477876,5.831232236322158,8.769605124017293,0.48580884341215325,0.4182087194694438,0.48204773958069663,0.2544639628705349,31.29720376921953,24.600828471798525,23.2372994148831,28.528180487867058
4117,331870822303288.56,1.1539529970999163,6.453710252707837,5.584621196366684,0.6290997144785352,0.02197830162959683,0.259772425641839,13.652994961814253,-22.157097329000965,-18.114407115004777,1021.2535545441191,1497.9872012795802,0.0,8.61219933886404,6.556064638593958,5.702596025182209,8.534539819627906,0.6809781271254906,0.6294835156693906,0.680623364189637,0.26070051566187263,31.709193912843052,26.02578017032625,22.683386355556813,28.61937642882803
4118,331870855636621.9,2.4934827916789786,8.25411085087244,6.17608718359402,-0.1337627373334147,-0.1483636585971094,-0.09566888718213651,13.829139201117531,-21.432592413409417,-20.343526702045985,1021.248471316843,1483.6415468866182,0.0,10.606217764605988,8.622517171388488,6.660443628749778,10.308947513584714,0.2214876544322868,0.1997604692907176,0.16445365874189743,0.1765341643053491,32.62606607116584,25.506883553331647,24.598865212052843,29.550213133515516
4119,331870888969955.2,1.741797547999335,7.41577084087538,5.938258138991191,-1.4396835875356235,-0.10645907362515403,-0.9282869488627884,14.079399549831827,-21.401621895325867,-20.47861400936137,1021.2692490038717,1468.6171684096776,0.0,9.658696888705492,7.6175793965402185,6.188438286313569,9.500345619485255,1.7163155380073778,1.4436143413587195,1.713010651352883,0.9343715501801791,32.79683739598542,25.61755084769612,24.85162214882997,29.62099004920165
4120,331870922303288.5,1.7645713607899773,8.849905680574528,6.418261243661195,-1.2687701707611148,-0.20139224212140103,-0.6909611987160328,16.073748872340722,-22.174413222002826,-20.938536781927528,1021.2797857969994,1452.659559067038,0.0,11.073780747074093,9.024108966672859,6.656409653800129,10.93228740689471,1.4586856959369177,1.2846542653180557,1.4447162781474725,0.7197125907734155,34.47451706868916,27.38740594782953,26.396737021442757,30.497982298969646
